NAME: ds_628_courier_4849
TYPE: TSP
COMMENT: nil
DIMENSION: 26
EDGE_WEIGHT_TYPE: EXPLICIT
EDGE_WEIGHT_FORMAT: FULL_MATRIX
EDGE_WEIGHT_SECTION
9999 3167 3065 3489 3475 3479 2921 3347 3329 4014 3164 3771 3657 3448 3396 3597 3134 2338 2111 2705 2278 2645 3001 3065 3177 3144 
3167 9999 246 345 922 671 703 234 200 934 227 779 771 300 977 1060 264 842 1101 1267 1105 1255 1253 1045 1394 1075 
3065 246 9999 439 745 543 457 294 434 959 100 746 686 404 778 892 78 728 961 1023 910 1013 1010 806 1157 841 
3489 345 439 9999 784 495 807 145 295 593 344 475 521 45 876 894 386 1152 1396 1373 1345 1377 1283 1061 1379 1065 
3475 922 745 784 9999 290 573 748 1022 783 705 526 361 797 125 151 682 1282 1417 887 1199 925 662 474 669 424 
3479 671 543 495 290 9999 570 473 745 593 476 321 179 510 392 403 468 1195 1376 1040 1215 1064 873 656 926 635 
2921 703 457 807 573 570 9999 683 885 1152 504 885 748 788 528 714 457 721 844 573 648 571 564 383 734 440 
3347 234 294 145 748 473 683 9999 273 707 201 545 548 111 824 874 244 1009 1252 1254 1202 1254 1186 966 1298 979 
3329 200 434 295 1022 745 885 273 9999 868 385 769 805 258 1095 1147 431 1023 1287 1455 1303 1446 1423 1208 1550 1230 
4014 934 959 593 783 593 1152 707 868 9999 861 273 435 637 908 793 885 1684 1903 1629 1783 1656 1438 1233 1449 1197 
3164 227 100 344 705 476 504 201 385 861 9999 654 606 312 753 847 47 827 1060 1076 1001 1072 1038 825 1171 851 
3771 779 746 475 526 321 885 545 769 273 654 9999 167 512 650 564 668 1456 1661 1357 1523 1383 1172 963 1195 931 
3657 771 686 521 361 179 748 548 805 435 606 167 9999 550 483 414 608 1365 1553 1196 1394 1224 1006 798 1029 764 
3448 300 404 45 797 510 788 111 258 637 312 512 550 9999 884 911 356 1111 1358 1356 1313 1359 1276 1054 1378 1062 
3396 977 778 876 125 392 528 824 1095 908 753 650 483 884 9999 201 724 1248 1362 774 1125 816 539 361 546 303 
3597 1060 892 894 151 403 714 874 1147 793 847 564 414 911 201 9999 828 1428 1554 964 1325 1010 710 554 671 488 
3134 264 78 386 682 468 457 244 431 885 47 668 608 356 724 828 9999 800 1028 1029 959 1024 994 783 1130 811 
2338 842 728 1152 1282 1195 721 1009 1023 1684 827 1456 1365 1111 1248 1428 800 9999 271 952 442 901 1138 1044 1346 1119 
2111 1101 961 1396 1417 1376 844 1252 1287 1903 1060 1661 1553 1358 1362 1554 1028 271 9999 901 317 840 1141 1098 1350 1178 
2705 1267 1023 1373 887 1040 573 1254 1455 1629 1076 1357 1196 1356 774 964 1029 952 901 9999 585 65 296 414 485 476 
2278 1105 910 1345 1199 1215 648 1202 1303 1783 1001 1523 1394 1313 1125 1325 959 442 317 585 9999 523 837 823 1045 904 
2645 1255 1013 1377 925 1064 571 1254 1446 1656 1072 1383 1224 1359 816 1010 1024 901 840 65 523 9999 357 456 549 523 
3001 1253 1010 1283 662 873 564 1186 1423 1438 1038 1172 1006 1276 539 710 994 1138 1141 296 837 357 9999 223 210 241 
3065 1045 806 1061 474 656 383 966 1208 1233 825 963 798 1054 361 554 783 1044 1098 414 823 456 223 9999 354 81 
3177 1394 1157 1379 669 926 734 1298 1550 1449 1171 1195 1029 1378 546 671 1130 1346 1350 485 1045 549 210 354 9999 320 
3144 1075 841 1065 424 635 440 979 1230 1197 851 931 764 1062 303 488 811 1119 1178 476 904 523 241 81 320 9999 
