,0,1,2,3,4,5
0,0.0,1732.0978221806113,1643.7383733865975,1845.2402509636117,1812.603588021438,1645.1208963647387
1,1732.0978221806113,0.0,88.55683046819841,144.2465669833779,95.37027342935838,87.13463624843305
2,1643.7383733865975,88.55683046819841,0.0,222.03727667696847,177.86251051173525,10.95138699098176
3,1845.2402509636117,144.2465669833779,222.03727667696847,0.0,50.67373961987261,216.1894073679914
4,1812.603588021438,95.37027342935838,177.86251051173525,50.67373961987261,0.0,173.2859851922522
5,1645.1208963647387,87.13463624843305,10.95138699098176,216.1894073679914,173.2859851922522,0.0
