NAME: ds_821_courier_75
TYPE: TSP
COMMENT: nil
DIMENSION: 44
EDGE_WEIGHT_TYPE: EXPLICIT
EDGE_WEIGHT_FORMAT: FULL_MATRIX
EDGE_WEIGHT_SECTION
9999 2474 2428 2454 2313 2455 2474 2455 2489 2459 2433 2144 2156 2044 1484 1741 2027 2214 1805 1586 1598 1618 1330 1837 1727 1498 1932 1744 1932 1936 1309 1366 1613 1140 1097 1463 985 496 880 820 693 1401 1826 3955 
2474 9999 552 332 868 500 202 244 444 535 60 599 737 846 1153 789 1152 1001 779 898 876 885 1263 698 808 2327 1789 1513 1476 1321 1566 1455 1152 1423 1955 1610 1934 1978 1601 1693 1895 1889 1146 3506 
2428 552 9999 873 337 59 353 786 987 1072 502 285 309 445 958 709 1580 1476 1063 1016 940 840 1106 622 717 2609 2183 1871 1880 1727 1802 1697 1442 1547 2158 1897 2106 1946 1620 1742 1963 2166 1516 4027 
2454 332 873 9999 1172 826 533 89 115 202 374 861 1012 1100 1284 911 874 696 659 879 896 969 1363 840 933 2112 1516 1270 1205 1053 1402 1293 977 1341 1798 1411 1796 1965 1574 1643 1823 1687 912 3173 
2313 868 337 1172 9999 397 679 1089 1286 1362 813 357 221 279 835 721 1784 1712 1217 1086 991 842 990 663 719 2692 2348 2022 2058 1911 1880 1783 1570 1570 2203 2002 2133 1854 1575 1708 1932 2256 1687 4280 
2455 500 59 826 397 9999 299 738 939 1025 452 313 358 494 993 726 1552 1441 1047 1018 947 856 1138 636 736 2602 2161 1853 1856 1702 1798 1692 1430 1553 2159 1887 2110 1970 1638 1757 1978 2158 1495 3986 
2474 202 353 533 679 299 9999 444 645 735 162 454 574 695 1081 743 1316 1182 879 935 890 858 1208 647 760 2445 1945 1655 1634 1478 1663 1553 1264 1475 2043 1726 2010 1979 1617 1721 1932 2003 1289 3704 
2455 244 786 89 1089 738 444 9999 201 291 286 786 935 1028 1242 868 945 775 678 872 879 936 1329 791 889 2167 1587 1331 1275 1121 1440 1330 1017 1356 1835 1460 1828 1963 1575 1650 1837 1737 969 3262 
2489 444 987 115 1286 939 645 201 9999 100 487 973 1125 1210 1369 999 814 620 685 931 960 1048 1441 933 1021 2074 1453 1224 1145 996 1392 1285 969 1364 1786 1385 1793 2005 1613 1673 1844 1658 877 3065 
2459 535 1072 202 1362 1025 735 291 100 9999 575 1039 1192 1271 1393 1028 724 524 656 923 962 1065 1455 969 1050 1993 1360 1140 1053 907 1328 1224 910 1326 1721 1312 1734 1979 1588 1640 1803 1581 800 2971 
2433 60 502 374 813 452 162 286 487 575 9999 539 678 786 1098 736 1164 1023 763 863 836 836 1210 645 756 2320 1798 1515 1486 1330 1551 1440 1142 1394 1938 1602 1913 1937 1563 1658 1862 1881 1149 3543 
2144 599 285 861 357 313 454 786 973 1039 539 9999 154 247 681 430 1427 1359 864 763 678 561 825 349 436 2370 1996 1673 1704 1555 1559 1457 1226 1280 1901 1668 1842 1661 1338 1462 1684 1930 1333 3927 
2156 737 309 1012 221 358 574 935 1125 1192 678 154 9999 136 674 506 1571 1510 999 867 773 631 827 444 506 2474 2128 1801 1841 1695 1662 1564 1349 1360 1990 1781 1924 1684 1384 1514 1738 2037 1469 4078 
2044 846 445 1100 279 494 695 1028 1210 1271 786 247 136 9999 560 462 1592 1550 1006 836 736 574 715 424 456 2431 2125 1793 1846 1704 1621 1528 1336 1299 1933 1752 1860 1579 1295 1429 1653 1999 1475 4114 
1484 1153 958 1284 835 993 1081 1242 1369 1393 1098 681 674 560 9999 374 1439 1479 870 581 489 333 155 456 353 2001 1841 1507 1611 1495 1224 1153 1062 848 1471 1388 1380 1020 764 903 1123 1596 1266 3945 
1741 789 709 911 721 726 743 868 999 1028 736 430 506 462 374 9999 1179 1177 585 375 274 131 474 97 22 1972 1674 1340 1406 1271 1161 1066 881 856 1484 1290 1419 1250 911 1033 1254 1538 1039 3709 
2027 1152 1580 874 1784 1552 1316 945 814 724 1164 1427 1571 1592 1439 1179 9999 229 595 857 955 1132 1422 1179 1196 1282 643 428 331 183 741 665 447 930 1096 654 1143 1607 1251 1242 1335 897 209 2530 
2214 1001 1476 696 1712 1441 1182 775 620 524 1023 1359 1510 1550 1479 1177 229 9999 610 906 991 1154 1487 1158 1196 1507 840 656 539 405 952 866 603 1091 1319 880 1360 1775 1403 1411 1525 1126 393 2569 
1805 779 1063 659 1217 1047 879 678 685 656 763 864 999 1006 870 585 595 610 9999 303 382 547 883 587 602 1567 1132 811 843 698 788 677 386 682 1176 848 1158 1323 931 988 1164 1124 471 3124 
1586 898 1016 879 1086 1018 935 872 931 923 863 763 867 836 581 375 857 906 303 9999 105 287 581 423 384 1608 1305 970 1049 924 796 697 511 542 1142 917 1092 1092 707 795 1000 1170 691 3373 
1598 876 940 896 991 947 890 879 960 962 836 678 773 736 489 274 955 991 382 105 9999 182 507 331 281 1701 1410 1075 1153 1026 889 793 616 607 1223 1016 1166 1102 728 830 1044 1265 794 3475 
1618 885 840 969 842 856 858 936 1048 1065 836 561 631 574 333 131 1132 1154 547 287 182 9999 394 222 126 1857 1591 1255 1335 1208 1048 958 797 729 1361 1186 1293 1126 781 902 1124 1426 975 3655 
1330 1263 1106 1363 990 1138 1208 1329 1441 1455 1210 825 827 715 155 474 1422 1487 883 581 507 394 9999 566 454 1888 1777 1447 1565 1461 1131 1069 1019 742 1350 1304 1253 864 621 762 978 1495 1238 3902 
1837 698 622 840 663 636 647 791 933 969 645 349 444 424 456 97 1179 1158 587 423 331 222 566 9999 113 2031 1701 1370 1424 1284 1219 1120 913 931 1554 1338 1494 1346 1003 1121 1342 1593 1053 3708 
1727 808 717 933 719 736 760 889 1021 1050 756 436 506 456 353 22 1196 1196 602 384 281 126 454 113 9999 1976 1686 1351 1420 1286 1166 1072 892 855 1485 1297 1418 1238 903 1025 1248 1543 1053 3725 
1498 2327 2609 2112 2692 2602 2445 2167 2074 1993 2320 2370 2474 2431 2001 1972 1282 1507 1567 1608 1701 1857 1888 2031 1976 9999 749 855 981 1102 812 913 1181 1154 548 720 664 1386 1315 1186 1044 444 1200 2467 
1932 1789 2183 1516 2348 2161 1945 1587 1453 1360 1798 1996 2128 2125 1841 1674 643 840 1132 1305 1410 1591 1777 1701 1686 749 9999 336 313 468 708 727 795 1086 841 518 948 1633 1380 1305 1288 541 667 2150 
1744 1513 1871 1270 2022 1853 1655 1331 1224 1140 1515 1673 1801 1793 1507 1340 428 656 811 970 1075 1255 1447 1370 1351 855 336 9999 190 254 444 428 459 782 715 283 789 1387 1092 1037 1064 477 366 2463 
1932 1476 1880 1205 2058 1856 1634 1275 1145 1053 1486 1704 1841 1846 1611 1406 331 539 843 1049 1153 1335 1565 1424 1420 981 313 190 9999 156 629 599 548 941 900 473 977 1568 1259 1213 1250 645 372 2337 
1936 1321 1727 1053 1911 1702 1478 1121 996 907 1330 1555 1695 1704 1495 1271 183 405 698 924 1026 1208 1461 1284 1286 1102 468 254 156 9999 629 573 444 886 953 510 1013 1542 1209 1180 1245 731 233 2450 
1309 1566 1802 1402 1880 1798 1663 1440 1392 1328 1551 1559 1662 1621 1224 1161 741 952 788 796 889 1048 1131 1219 1166 812 708 444 629 629 9999 111 424 396 396 191 411 944 672 600 622 378 562 2855 
1366 1455 1697 1293 1783 1692 1553 1330 1285 1224 1440 1457 1564 1528 1153 1066 665 866 677 697 793 958 1069 1120 1072 913 727 428 599 573 111 9999 316 359 505 236 510 972 665 614 674 473 473 2877 
1613 1152 1442 977 1570 1430 1264 1017 969 910 1142 1226 1349 1336 1062 881 447 603 386 511 616 797 1019 913 892 1181 795 459 548 444 424 316 9999 489 820 462 824 1172 806 808 928 740 239 2884 
1140 1423 1547 1341 1570 1553 1475 1356 1364 1326 1394 1280 1360 1299 848 856 930 1091 682 542 607 729 742 931 855 1154 1086 782 941 886 396 359 489 9999 635 580 564 684 323 323 482 753 721 3236 
1097 1955 2158 1798 2203 2159 2043 1835 1786 1721 1938 1901 1990 1933 1471 1484 1096 1319 1176 1142 1223 1361 1350 1554 1485 548 841 715 900 953 396 505 820 635 9999 444 127 872 767 639 517 304 939 2887 
1463 1610 1897 1411 2002 1887 1726 1460 1385 1312 1602 1668 1781 1752 1388 1290 654 880 848 917 1016 1186 1304 1338 1297 720 518 283 473 510 191 236 462 580 444 9999 507 1124 863 788 789 279 514 2664 
985 1934 2106 1796 2133 2110 2010 1828 1793 1734 1913 1842 1924 1860 1380 1419 1143 1360 1158 1092 1166 1293 1253 1494 1418 664 948 789 977 1013 411 510 824 564 127 507 9999 745 656 523 390 420 971 3011 
496 1978 1946 1965 1854 1970 1979 1963 2005 1979 1937 1661 1684 1579 1020 1250 1607 1775 1323 1092 1102 1126 864 1346 1238 1386 1633 1387 1568 1542 944 972 1172 684 872 1124 745 9999 392 366 356 1148 1400 3747 
880 1601 1620 1574 1575 1638 1617 1575 1613 1588 1563 1338 1384 1295 764 911 1251 1403 931 707 728 781 621 1003 903 1315 1380 1092 1259 1209 672 665 806 323 767 863 656 392 9999 141 360 974 1042 3527 
820 1693 1742 1643 1708 1757 1721 1650 1673 1640 1658 1462 1514 1429 903 1033 1242 1411 988 795 830 902 762 1121 1025 1186 1305 1037 1213 1180 600 614 808 323 639 788 523 366 141 9999 224 866 1035 3443 
693 1895 1963 1823 1932 1978 1932 1837 1844 1803 1862 1684 1738 1653 1123 1254 1335 1525 1164 1000 1044 1124 978 1342 1248 1044 1288 1064 1250 1245 622 674 928 482 517 789 390 356 360 224 9999 793 1135 3391 
1401 1889 2166 1687 2256 2158 2003 1737 1658 1581 1881 1930 2037 1999 1596 1538 897 1126 1124 1170 1265 1426 1495 1593 1543 444 541 477 645 731 378 473 740 753 304 279 420 1148 974 866 793 9999 782 2598 
1826 1146 1516 912 1687 1495 1289 969 877 800 1149 1333 1469 1475 1266 1039 209 393 471 691 794 975 1238 1053 1053 1200 667 366 372 233 562 473 239 721 939 514 971 1400 1042 1035 1135 782 9999 2682 
3955 3506 4027 3173 4280 3986 3704 3262 3065 2971 3543 3927 4078 4114 3945 3709 2530 2569 3124 3373 3475 3655 3902 3708 3725 2467 2150 2463 2337 2450 2855 2877 2884 3236 2887 2664 3011 3747 3527 3443 3391 2598 2682 9999 
