NAME: ds_813_courier_4849
TYPE: TSP
COMMENT: nil
DIMENSION: 40
EDGE_WEIGHT_TYPE: EXPLICIT
EDGE_WEIGHT_FORMAT: FULL_MATRIX
EDGE_WEIGHT_SECTION
9999 3078 3230 2799 2713 2563 2912 3523 3253 3098 2664 3356 3244 3540 3580 3574 3554 3270 3429 3382 3964 3927 3575 3460 3803 3194 3153 3084 3045 3458 2460 2258 2045 2361 2161 2599 2579 2710 2231 2252 
3078 9999 1360 843 1446 1388 1109 1450 1090 894 1306 1288 1026 1204 1050 1051 973 729 785 519 998 1118 701 525 829 286 572 358 265 606 794 871 1135 750 965 651 1107 1206 932 879 
3230 1360 9999 646 544 674 373 294 293 466 566 177 356 442 627 619 674 682 742 1004 1297 1053 1016 1094 1238 1115 798 1003 1096 983 1044 1298 1341 1295 1352 1016 691 529 1255 1299 
2799 843 646 9999 604 563 298 864 501 304 467 670 470 770 781 776 757 494 653 727 1255 1146 866 829 1123 688 442 538 595 768 414 674 781 654 742 371 309 364 647 675 
2713 1446 544 604 9999 166 393 835 695 692 151 704 726 949 1086 1078 1106 969 1095 1271 1710 1516 1360 1373 1612 1281 996 1135 1198 1287 832 1034 973 1081 1052 888 386 241 964 1031 
2563 1388 674 563 166 9999 435 968 774 723 124 819 794 1047 1160 1153 1170 992 1132 1273 1752 1583 1385 1376 1641 1251 990 1101 1153 1301 713 894 814 952 904 790 285 222 820 890 
2912 1109 373 298 393 435 9999 634 351 299 311 450 361 635 728 721 735 576 705 881 1323 1148 967 983 1220 912 612 773 849 894 675 926 973 928 979 662 336 221 882 926 
3523 1450 294 864 835 968 634 9999 383 608 859 193 439 296 512 506 584 723 719 1013 1168 887 966 1085 1146 1178 879 1096 1196 967 1277 1536 1606 1516 1599 1223 967 815 1502 1537 
3253 1090 293 501 695 774 351 383 9999 225 651 200 65 287 391 383 416 390 453 711 1035 823 729 801 961 833 520 733 830 691 914 1173 1272 1144 1243 848 675 570 1147 1175 
3098 894 466 304 692 723 299 608 225 9999 602 421 177 470 483 477 470 277 409 590 1029 876 668 690 922 658 342 538 630 597 706 963 1084 926 1038 628 548 501 944 966 
2664 1306 566 467 151 124 311 859 651 602 9999 703 670 925 1036 1029 1046 874 1011 1162 1631 1459 1267 1264 1522 1153 881 1004 1062 1186 682 889 847 932 912 737 235 106 823 886 
3356 1288 177 670 704 819 450 193 200 421 703 9999 262 265 457 450 511 574 604 885 1130 879 872 967 1081 1025 715 930 1029 852 1084 1343 1417 1323 1406 1031 786 646 1309 1344 
3244 1026 356 470 726 794 361 439 65 177 670 262 9999 301 367 359 380 326 397 648 991 792 673 739 909 768 455 669 767 630 879 1138 1248 1103 1210 804 671 582 1116 1140 
3540 1204 442 770 949 1047 635 296 287 470 925 265 301 9999 217 210 289 479 439 736 882 617 672 800 852 923 649 863 965 682 1175 1432 1549 1391 1508 1091 962 851 1414 1435 
3580 1050 627 781 1086 1160 728 512 391 483 1036 457 367 217 9999 8 81 365 265 552 673 433 462 603 635 764 536 733 831 486 1157 1404 1554 1345 1488 1049 1026 948 1398 1408 
3574 1051 619 776 1078 1153 721 506 383 477 1029 450 359 210 8 9999 84 363 266 555 681 441 467 606 642 766 534 732 831 490 1152 1400 1550 1342 1484 1046 1019 941 1394 1404 
3554 973 674 757 1106 1170 735 584 416 470 1046 511 380 289 81 84 9999 308 189 472 624 413 384 522 571 688 473 663 760 406 1118 1360 1521 1296 1446 1003 1017 953 1359 1364 
3270 729 682 494 969 992 576 723 390 277 874 574 326 479 365 363 308 9999 160 325 766 658 393 420 648 455 174 385 486 321 819 1055 1228 988 1143 698 788 771 1058 1060 
3429 785 742 653 1095 1132 705 719 453 409 1011 604 397 439 265 266 189 160 9999 297 620 499 277 366 518 500 298 475 571 249 975 1206 1386 1134 1296 849 941 910 1213 1211 
3382 519 1004 727 1271 1273 881 1013 711 590 1162 885 648 736 552 555 472 325 297 9999 582 617 204 103 424 243 285 302 367 91 934 1125 1345 1030 1221 786 1036 1056 1152 1131 
3964 998 1297 1255 1710 1752 1323 1168 1035 1029 1631 1130 991 882 673 681 624 766 620 582 9999 309 395 510 170 789 831 882 933 508 1512 1707 1926 1610 1803 1367 1554 1530 1734 1713 
3927 1118 1053 1146 1516 1583 1148 887 823 876 1459 879 792 617 433 441 413 658 499 617 309 9999 418 593 377 858 780 904 981 526 1470 1694 1883 1613 1786 1338 1422 1366 1706 1699 
3575 701 1016 866 1360 1385 967 966 729 668 1267 872 673 672 462 467 384 393 277 204 395 418 9999 178 258 441 436 503 570 118 1119 1320 1533 1229 1416 975 1170 1163 1344 1327 
3460 525 1094 829 1373 1376 983 1085 801 690 1264 967 739 800 603 606 522 420 366 103 510 593 178 9999 344 281 388 376 423 118 1021 1201 1429 1101 1298 871 1138 1159 1233 1208 
3803 829 1238 1123 1612 1641 1220 1146 961 922 1522 1081 909 852 635 642 571 648 518 424 170 377 258 344 9999 621 688 719 766 359 1358 1545 1769 1446 1642 1210 1428 1419 1575 1551 
3194 286 1115 688 1281 1251 912 1178 833 658 1153 1025 768 923 764 766 688 455 500 243 789 858 441 281 621 9999 317 151 150 334 784 939 1180 833 1037 631 986 1047 979 946 
3153 572 798 442 996 990 612 879 520 342 881 715 455 649 536 534 473 174 298 285 831 780 436 388 688 317 9999 218 318 330 693 914 1108 837 1006 558 751 774 926 919 
3084 358 1003 538 1135 1101 773 1096 733 538 1004 930 669 863 733 732 663 385 475 302 882 904 503 376 719 151 218 9999 101 386 649 825 1054 728 922 497 834 899 857 832 
3045 265 1096 595 1198 1153 849 1196 830 630 1062 1029 767 965 831 831 760 486 571 367 933 981 570 423 766 150 318 101 9999 456 640 789 1031 683 887 487 878 960 830 796 
3458 606 983 768 1287 1301 894 967 691 597 1186 852 630 682 486 490 406 321 249 91 508 526 118 118 359 334 330 386 456 9999 1004 1203 1418 1111 1299 859 1075 1081 1227 1209 
2460 794 1044 414 832 713 675 1277 914 706 682 1084 879 1175 1157 1152 1118 819 975 934 1512 1470 1119 1021 1358 784 693 649 640 1004 9999 259 415 257 333 153 447 618 242 261 
2258 871 1298 674 1034 894 926 1536 1173 963 889 1343 1138 1432 1404 1400 1360 1055 1206 1125 1707 1694 1320 1201 1545 939 914 825 789 1203 259 9999 268 123 98 357 662 843 86 8 
2045 1135 1341 781 973 814 973 1606 1272 1084 847 1417 1248 1549 1554 1550 1521 1228 1386 1345 1926 1883 1533 1429 1769 1180 1108 1054 1031 1418 415 268 9999 391 188 559 654 832 204 260 
2361 750 1295 654 1081 952 928 1516 1144 926 932 1323 1103 1391 1345 1342 1296 988 1134 1030 1610 1613 1229 1101 1446 833 837 728 683 1111 257 123 391 9999 215 300 699 873 199 132 
2161 965 1352 742 1052 904 979 1599 1243 1038 912 1406 1210 1508 1488 1484 1446 1143 1296 1221 1803 1786 1416 1298 1642 1037 1006 922 887 1299 333 98 188 215 9999 448 693 876 97 91 
2599 651 1016 371 888 790 662 1223 848 628 737 1031 804 1091 1049 1046 1003 698 849 786 1367 1338 975 871 1210 631 558 497 487 859 153 357 559 300 448 9999 508 656 369 362 
2579 1107 691 309 386 285 336 967 675 548 235 786 671 962 1026 1019 1017 788 941 1036 1554 1422 1170 1138 1428 986 751 834 878 1075 447 662 654 699 693 508 9999 182 600 660 
2710 1206 529 364 241 222 221 815 570 501 106 646 582 851 948 941 953 771 910 1056 1530 1366 1163 1159 1419 1047 774 899 960 1081 618 843 832 873 876 656 182 9999 782 841 
2231 932 1255 647 964 820 882 1502 1147 944 823 1309 1116 1414 1398 1394 1359 1058 1213 1152 1734 1706 1344 1233 1575 979 926 857 830 1227 242 86 204 199 97 369 600 782 9999 79 
2252 879 1299 675 1031 890 926 1537 1175 966 886 1344 1140 1435 1408 1404 1364 1060 1211 1131 1713 1699 1327 1208 1551 946 919 832 796 1209 261 8 260 132 91 362 660 841 79 9999 
