NAME: ds_903_courier_949
TYPE: TSP
COMMENT: nil
DIMENSION: 19
EDGE_WEIGHT_TYPE: EXPLICIT
EDGE_WEIGHT_FORMAT: FULL_MATRIX
EDGE_WEIGHT_SECTION
9999 3818 3646 3833 3836 3892 4019 4066 4179 4164 3062 3231 3538 3558 3222 2804 3306 3109 4038 
3818 9999 181 486 783 961 596 678 752 605 763 589 592 580 644 1172 799 768 737 
3646 181 9999 562 842 1022 710 794 882 750 586 414 573 566 512 993 734 634 840 
3833 486 562 9999 299 475 197 267 378 331 940 779 300 280 644 1436 552 739 290 
3836 783 842 299 9999 180 303 290 378 460 1116 978 378 366 778 1624 542 836 226 
3892 961 1022 475 180 9999 438 394 444 572 1269 1140 532 524 924 1778 646 968 314 
4019 596 710 197 303 438 9999 83 184 164 1134 970 481 461 841 1626 721 933 146 
4066 678 794 267 290 394 83 9999 115 178 1207 1046 533 514 907 1703 761 994 82 
4179 752 882 378 378 444 184 115 9999 172 1317 1153 647 628 1020 1809 873 1109 152 
4164 605 750 331 460 572 164 178 172 9999 1232 1061 630 610 964 1709 877 1065 258 
3062 763 586 940 1116 1269 1134 1207 1317 1232 9999 177 739 750 350 509 689 358 1222 
3231 589 414 779 978 1140 970 1046 1153 1061 177 9999 609 617 268 657 613 337 1065 
3538 592 573 300 378 532 481 533 647 630 739 609 9999 20 401 1248 255 469 520 
3558 580 566 280 366 524 461 514 628 610 750 617 20 9999 414 1259 275 485 502 
3222 644 512 644 778 924 841 907 1020 964 350 268 401 414 9999 856 348 124 908 
2804 1172 993 1436 1624 1778 1626 1703 1809 1709 509 657 1248 1259 856 9999 1181 838 1723 
3306 799 734 552 542 646 721 761 873 877 689 613 255 275 348 1181 9999 343 732 
3109 768 634 739 836 968 933 994 1109 1065 358 337 469 485 124 838 343 9999 987 
4038 737 840 290 226 314 146 82 152 258 1222 1065 520 502 908 1723 732 987 9999 
