NAME: ds_906_courier_1558
TYPE: TSP
COMMENT: nil
DIMENSION: 9
EDGE_WEIGHT_TYPE: EXPLICIT
EDGE_WEIGHT_FORMAT: FULL_MATRIX
EDGE_WEIGHT_SECTION
9999 1568 1545 23 1980 2164 2083 2147 2326 
1568 9999 147 1579 453 3257 3210 3219 3307 
1545 147 9999 1554 559 3317 3266 3280 3377 
23 1579 1554 9999 1993 2177 2095 2160 2340 
1980 453 559 1993 9999 3486 3451 3444 3503 
2164 3257 3317 2177 3486 9999 104 55 280 
2083 3210 3266 2095 3451 104 9999 133 379 
2147 3219 3280 2160 3444 55 133 9999 249 
2326 3307 3377 2340 3503 280 379 249 9999 
