NAME: ds_613_courier_2208
TYPE: TSP
COMMENT: nil
DIMENSION: 6
EDGE_WEIGHT_TYPE: EXPLICIT
EDGE_WEIGHT_FORMAT: FULL_MATRIX
EDGE_WEIGHT_SECTION
9999 1762 2027 2141 1926 1601 
1762 9999 298 774 1147 195 
2027 298 9999 587 1086 427 
2141 774 587 9999 601 753 
1926 1147 1086 601 9999 1026 
1601 195 427 753 1026 9999 
