NAME: ds_909_courier_290
TYPE: TSP
COMMENT: nil
DIMENSION: 17
EDGE_WEIGHT_TYPE: EXPLICIT
EDGE_WEIGHT_FORMAT: FULL_MATRIX
EDGE_WEIGHT_SECTION
9999 2844 3344 3419 3157 3828 56 3063 2951 3460 3606 3197 3167 3575 3300 3350 2858 
2844 9999 698 575 466 1073 2841 719 299 713 802 492 358 747 561 1491 506 
3344 698 9999 528 233 495 3349 1273 889 932 382 206 390 444 176 1002 489 
3419 575 528 9999 450 612 3416 840 565 408 322 427 297 222 366 1528 782 
3157 466 233 450 9999 672 3161 1079 676 816 465 40 202 473 145 1128 354 
3828 1073 495 612 672 9999 3832 1450 1159 960 292 633 715 392 534 1266 983 
56 2841 3349 3416 3161 3832 9999 3048 2942 3450 3607 3200 3167 3575 3303 3372 2865 
3063 719 1273 840 1079 1450 3048 9999 424 551 1163 1086 887 1059 1099 2188 1223 
2951 299 889 565 676 1159 2942 424 9999 512 868 690 500 782 722 1768 799 
3460 713 932 408 816 960 3450 551 512 9999 696 803 622 586 763 1928 1096 
3606 802 382 322 465 292 3607 1163 868 696 9999 427 448 111 321 1338 813 
3197 492 206 427 40 633 3200 1086 690 803 427 9999 201 438 106 1133 390 
3167 358 390 297 202 715 3167 887 500 622 448 201 9999 408 223 1330 490 
3575 747 444 222 473 392 3575 1059 782 586 111 438 408 9999 339 1426 827 
3300 561 176 366 145 534 3303 1099 722 763 321 106 223 339 9999 1165 493 
3350 1491 1002 1528 1128 1266 3372 2188 1768 1928 1338 1133 1330 1426 1165 9999 996 
2858 506 489 782 354 983 2865 1223 799 1096 813 390 490 827 493 996 9999 
