NAME: ds_915_courier_4849
TYPE: TSP
COMMENT: nil
DIMENSION: 27
EDGE_WEIGHT_TYPE: EXPLICIT
EDGE_WEIGHT_FORMAT: FULL_MATRIX
EDGE_WEIGHT_SECTION
9999 3588 3556 3418 3366 3001 3061 3398 3404 3580 1850 2071 2160 2428 2698 3618 3550 3008 3249 3188 3074 3631 3427 3418 4001 3459 2622 
3588 9999 52 741 930 1096 1040 656 652 36 1770 1534 1433 1164 901 424 799 615 638 438 674 185 263 317 692 709 1087 
3556 52 9999 691 880 1043 988 606 602 80 1733 1498 1398 1130 864 385 753 599 654 427 675 157 211 265 676 660 1075 
3418 741 691 9999 192 483 414 91 93 771 1579 1385 1334 1115 869 370 146 950 1221 883 1142 589 502 443 624 50 1356 
3366 930 880 192 9999 372 308 274 278 960 1550 1375 1342 1150 930 559 223 1083 1381 1038 1287 781 685 626 760 233 1453 
3001 1096 1043 483 372 9999 69 515 521 1117 1205 1052 1040 895 739 822 581 1030 1390 1050 1252 992 833 781 1106 533 1296 
3061 1040 988 414 308 69 9999 447 454 1063 1255 1095 1075 916 742 756 513 1007 1358 1015 1227 931 777 724 1037 464 1296 
3398 656 606 91 274 515 447 9999 7 686 1552 1350 1292 1064 809 310 215 864 1130 792 1054 512 413 354 616 87 1279 
3404 652 602 93 278 521 454 7 9999 682 1558 1356 1298 1069 814 304 213 865 1129 792 1054 507 410 351 609 85 1282 
3580 36 80 771 960 1117 1063 686 682 9999 1767 1530 1427 1157 898 460 832 597 605 418 647 222 286 342 727 740 1066 
1850 1770 1733 1579 1550 1205 1255 1552 1558 1767 9999 239 357 617 869 1768 1716 1243 1568 1410 1374 1793 1587 1574 2151 1618 1006 
2071 1534 1498 1385 1375 1052 1095 1350 1356 1530 239 9999 127 379 634 1549 1526 1005 1336 1171 1141 1562 1358 1347 1938 1420 796 
2160 1433 1398 1334 1342 1040 1075 1292 1298 1427 357 127 9999 269 538 1472 1477 888 1211 1057 1017 1470 1268 1261 1866 1367 671 
2428 1164 1130 1115 1150 895 916 1064 1069 1157 617 379 269 9999 275 1219 1261 629 974 792 779 1205 1004 1001 1617 1143 517 
2698 901 864 869 930 739 742 809 814 898 869 634 538 275 9999 946 1015 434 816 567 632 932 730 726 1345 892 557 
3618 424 385 370 559 822 756 310 304 460 1768 1549 1472 1219 946 9999 387 849 1013 720 991 245 280 246 399 326 1315 
3550 799 753 146 223 581 513 215 213 832 1716 1526 1477 1261 1015 387 9999 1077 1326 996 1261 629 586 530 537 128 1495 
3008 615 599 950 1083 1030 1007 864 865 597 1243 1005 888 629 434 849 1077 9999 387 182 222 724 572 604 1228 950 478 
3249 638 654 1221 1381 1390 1358 1130 1129 605 1568 1336 1211 974 816 1013 1326 387 9999 346 195 811 747 800 1330 1208 627 
3188 438 427 883 1038 1050 1015 792 792 418 1410 1171 1057 792 567 720 996 182 346 9999 272 564 441 484 1080 874 649 
3074 674 675 1142 1287 1252 1227 1054 1054 647 1374 1141 1017 779 632 991 1261 222 195 272 9999 822 712 756 1344 1137 460 
3631 185 157 589 781 992 931 512 507 222 1793 1562 1470 1205 932 245 629 724 811 564 822 9999 206 232 523 552 1202 
3427 263 211 502 685 833 777 413 410 286 1587 1358 1268 1004 730 280 586 572 747 441 712 206 9999 59 659 479 1043 
3418 317 265 443 626 781 724 354 351 342 1574 1347 1261 1001 726 246 530 604 800 484 756 232 59 9999 638 420 1069 
4001 692 676 624 760 1106 1037 616 609 727 2151 1938 1866 1617 1345 399 537 1228 1330 1080 1344 523 659 638 9999 575 1702 
3459 709 660 50 233 533 464 87 85 740 1618 1420 1367 1143 892 326 128 950 1208 874 1137 552 479 420 575 9999 1367 
2622 1087 1075 1356 1453 1296 1296 1279 1282 1066 1006 796 671 517 557 1315 1495 478 627 649 460 1202 1043 1069 1702 1367 9999 
