NAME: ds_827_courier_949
TYPE: TSP
COMMENT: nil
DIMENSION: 26
EDGE_WEIGHT_TYPE: EXPLICIT
EDGE_WEIGHT_FORMAT: FULL_MATRIX
EDGE_WEIGHT_SECTION
9999 2556 2416 2519 2292 3133 3792 3984 4099 3833 3879 3701 3651 2834 3279 3924 4001 4051 3820 3348 3377 3567 3709 4071 4111 42 
2556 9999 140 137 324 975 2052 2161 2252 1948 2000 1735 1478 549 1312 2324 2475 2383 2053 1704 1544 1891 2049 2175 2164 2520 
2416 140 9999 156 213 1057 2115 2233 2328 2023 2075 1813 1575 630 1380 2379 2526 2444 2118 1748 1604 1943 2104 2254 2248 2380 
2519 137 156 9999 236 1110 2189 2296 2387 2083 2135 1869 1606 684 1448 2461 2612 2519 2189 1840 1681 2027 2186 2309 2297 2484 
2292 324 213 236 9999 1270 2322 2443 2539 2234 2286 2025 1788 843 1590 2582 2728 2651 2326 1947 1810 2147 2308 2466 2461 2258 
3133 975 1057 1110 1270 9999 1093 1188 1277 974 1026 759 542 428 357 1379 1538 1422 1089 814 604 960 1108 1200 1191 3093 
3792 2052 2115 2189 2322 1093 9999 206 317 225 216 406 779 1507 742 300 465 330 45 445 512 225 125 329 407 3750 
3984 2161 2233 2296 2443 1188 206 9999 115 215 166 438 788 1612 854 356 501 293 168 637 652 425 323 134 223 3942 
4099 2252 2328 2387 2539 1277 317 115 9999 306 253 519 847 1704 952 401 523 298 282 752 760 539 428 101 180 4057 
3833 1948 2023 2083 2234 974 225 215 306 9999 53 223 583 1400 646 504 666 486 188 513 465 348 336 245 279 3791 
3879 2000 2075 2135 2286 1026 216 166 253 53 9999 272 625 1452 699 475 635 445 174 550 515 371 336 195 237 3837 
3701 1735 1813 1869 2025 759 406 438 519 223 272 9999 373 1187 452 704 869 704 382 485 333 415 483 441 441 3659 
3651 1478 1575 1606 1788 542 779 788 847 583 625 373 9999 949 417 1077 1242 1069 755 746 510 758 850 753 718 3610 
2834 549 630 684 843 428 1507 1612 1704 1400 1452 1187 949 9999 765 1783 1937 1837 1506 1178 1002 1353 1509 1628 1619 2795 
3279 1312 1380 1448 1590 357 742 854 952 646 699 452 417 765 9999 1023 1181 1072 741 472 248 603 751 885 893 3237 
3924 2324 2379 2461 2582 1379 300 356 401 504 475 704 1077 1783 1023 9999 165 146 323 646 782 436 275 478 569 3882 
4001 2475 2526 2612 2728 1538 465 501 523 666 635 869 1242 1937 1181 165 9999 226 487 782 937 585 430 612 701 3959 
4051 2383 2444 2519 2651 1422 330 293 298 486 445 704 1069 1837 1072 146 226 9999 334 741 841 519 359 391 477 4009 
3820 2053 2118 2189 2326 1089 45 168 282 188 174 382 755 1506 741 323 487 334 9999 472 518 257 169 287 363 3778 
3348 1704 1748 1840 1947 814 445 637 752 513 550 485 746 1178 472 646 782 741 472 9999 246 224 382 733 788 3306 
3377 1544 1604 1681 1810 604 512 652 760 465 515 333 510 1002 248 782 937 841 518 246 9999 355 507 710 738 3335 
3567 1891 1943 2027 2147 960 225 425 539 348 371 415 758 1353 603 436 585 519 257 224 355 9999 163 535 601 3525 
3709 2049 2104 2186 2308 1108 125 323 428 336 336 483 850 1509 751 275 430 359 169 382 507 163 9999 451 531 3667 
4071 2175 2254 2309 2466 1200 329 134 101 245 195 441 753 1628 885 478 612 391 287 733 710 535 451 9999 91 4029 
4111 2164 2248 2297 2461 1191 407 223 180 279 237 441 718 1619 893 569 701 477 363 788 738 601 531 91 9999 4069 
42 2520 2380 2484 2258 3093 3750 3942 4057 3791 3837 3659 3610 2795 3237 3882 3959 4009 3778 3306 3335 3525 3667 4029 4069 9999 
