NAME: ds_527_courier_4849
TYPE: TSP
COMMENT: nil
DIMENSION: 23
EDGE_WEIGHT_TYPE: EXPLICIT
EDGE_WEIGHT_FORMAT: FULL_MATRIX
EDGE_WEIGHT_SECTION
9999 3374 3600 2299 3534 3821 4075 3466 3295 3564 3097 3112 3467 3190 2275 3088 3313 3266 3587 2512 2704 3550 2576 
3374 9999 239 1172 600 599 849 106 787 235 316 541 153 636 1117 478 814 498 285 863 933 179 799 
3600 239 9999 1411 523 397 628 188 794 224 554 641 142 814 1333 605 815 542 276 1088 1162 121 1032 
2299 1172 1411 9999 1560 1731 1994 1245 1487 1317 860 1167 1301 892 553 1097 1517 1293 1329 494 421 1331 455 
3534 600 523 1560 9999 355 560 643 332 735 834 428 467 1230 1287 474 340 278 791 1116 1440 624 1112 
3821 599 397 1731 355 9999 264 580 687 612 906 720 448 1210 1550 734 693 569 655 1341 1529 517 1311 
4075 849 628 1994 560 264 9999 815 871 821 1162 965 703 1436 1807 987 869 811 855 1603 1782 742 1574 
3466 106 188 1245 643 580 815 9999 861 130 385 637 175 631 1217 579 887 579 184 959 978 87 890 
3295 787 794 1487 332 687 871 861 9999 977 921 339 696 1359 1112 425 32 293 1035 1002 1459 870 1033 
3564 235 224 1317 735 612 821 130 977 9999 468 766 281 618 1328 709 1001 701 58 1065 1018 111 989 
3097 316 554 860 834 906 1162 385 921 468 9999 600 459 445 881 513 952 638 491 611 625 471 526 
3112 541 641 1167 428 720 965 637 339 766 600 9999 508 1044 859 88 371 154 821 700 1120 675 712 
3467 153 142 1301 467 448 703 175 696 281 459 508 9999 785 1196 466 720 424 339 956 1081 176 905 
3190 636 814 892 1230 1210 1436 631 1359 618 445 1044 785 9999 1150 958 1390 1070 595 888 494 696 776 
2275 1117 1333 553 1287 1550 1807 1217 1112 1328 881 859 1196 1150 9999 822 1138 1010 1362 272 832 1296 376 
3088 478 605 1097 474 734 987 579 425 709 513 88 466 958 822 9999 457 198 762 642 1035 625 644 
3313 814 815 1517 340 693 869 887 32 1001 952 371 720 1390 1138 457 9999 322 1059 1032 1491 893 1064 
3266 498 542 1293 278 569 811 579 293 701 638 154 424 1070 1010 198 322 9999 758 839 1208 599 841 
3587 285 276 1329 791 655 855 184 1035 58 491 821 339 595 1362 762 1059 758 9999 1096 1015 168 1016 
2512 863 1088 494 1116 1341 1603 959 1002 1065 611 700 956 888 272 642 1032 839 1096 9999 634 1041 114 
2704 933 1162 421 1440 1529 1782 978 1459 1018 625 1120 1081 494 832 1035 1491 1208 1015 634 9999 1061 530 
3550 179 121 1331 624 517 742 87 870 111 471 675 176 696 1296 625 893 599 168 1041 1061 9999 974 
2576 799 1032 455 1112 1311 1574 890 1033 989 526 712 905 776 376 644 1064 841 1016 114 530 974 9999 
