,0,1,2,3,4,5,6
0,0.0,2278.90256294497,2430.2877701281195,2037.480763232435,2745.263848639039,1647.7936823275186,2626.056240048429
1,2278.90256294497,0.0,303.10514148181,297.67983417642904,476.07575411331516,1017.2701928451218,348.89613821448245
2,2430.2877701281195,303.10514148181,0.0,398.73998173950935,498.8352340874278,988.5612022899687,373.2471823352953
3,2037.480763232435,297.67983417642904,398.73998173950935,0.0,761.7104606628728,722.8879323120666,628.293353449013
4,2745.263848639039,476.07575411331516,498.8352340874278,761.7104606628728,0.0,1454.8950716159372,135.5355787594498
5,1647.7936823275186,1017.2701928451218,988.5612022899687,722.8879323120666,1454.8950716159372,0.0,1319.4485036168114
6,2626.056240048429,348.89613821448245,373.2471823352953,628.293353449013,135.5355787594498,1319.4485036168114,0.0
