NAME: ds_922_courier_4849
TYPE: TSP
COMMENT: nil
DIMENSION: 26
EDGE_WEIGHT_TYPE: EXPLICIT
EDGE_WEIGHT_FORMAT: FULL_MATRIX
EDGE_WEIGHT_SECTION
9999 2631 2674 3531 3409 3658 3657 3123 3471 3069 3062 2032 2059 2420 2101 2518 2185 1915 3081 2978 3500 2418 2111 2477 2567 2699 
2631 9999 52 986 1092 1386 1589 1341 1484 982 937 898 678 728 948 607 477 732 459 502 980 555 572 179 67 156 
2674 52 9999 934 1043 1337 1544 1308 1442 943 897 914 704 723 958 595 510 771 424 453 929 553 603 208 108 115 
3531 986 934 9999 450 622 947 1095 965 748 711 1559 1474 1190 1534 1057 1358 1625 699 554 69 1133 1423 1091 1035 867 
3409 1092 1043 450 9999 295 544 659 523 382 367 1380 1376 990 1325 894 1326 1570 984 590 382 1002 1363 1130 1118 941 
3658 1386 1337 622 295 9999 337 708 422 590 596 1626 1648 1239 1560 1159 1611 1849 1251 884 566 1273 1644 1424 1413 1236 
3657 1589 1544 947 544 337 9999 556 193 651 682 1650 1726 1285 1565 1240 1732 1943 1527 1102 886 1362 1746 1593 1605 1434 
3123 1341 1308 1095 659 708 556 9999 362 400 451 1154 1282 831 1055 837 1341 1508 1444 949 1026 955 1330 1286 1334 1192 
3471 1484 1442 965 523 422 193 362 9999 511 551 1472 1563 1116 1383 1084 1584 1784 1474 1017 898 1207 1591 1469 1492 1328 
3069 982 943 748 382 590 651 400 511 9999 51 1039 1082 655 970 593 1081 1295 1045 553 682 713 1096 959 986 828 
3062 937 897 711 367 596 682 451 551 51 9999 1030 1062 643 967 571 1051 1271 994 502 646 690 1070 919 943 782 
2032 898 914 1559 1380 1626 1650 1154 1472 1039 1030 9999 276 390 117 503 488 453 1320 1025 1516 431 399 722 838 869 
2059 678 704 1474 1376 1648 1726 1282 1563 1082 1062 276 9999 452 376 491 222 227 1125 921 1442 375 126 499 613 686 
2420 728 723 1190 990 1239 1285 831 1116 655 643 390 452 9999 346 147 531 677 1067 683 1142 178 504 592 687 638 
2101 948 958 1534 1325 1560 1565 1055 1383 970 967 117 376 346 9999 480 574 568 1350 1016 1488 435 493 778 891 900 
2518 607 595 1057 894 1159 1240 837 1084 593 571 503 491 147 480 9999 506 703 923 539 1013 122 507 491 573 502 
2185 477 510 1358 1326 1611 1732 1341 1584 1081 1051 488 222 531 574 506 9999 270 934 808 1334 386 100 303 410 517 
1915 732 771 1625 1570 1849 1943 1508 1784 1295 1271 453 227 677 568 703 270 9999 1191 1073 1600 582 208 567 666 786 
3081 459 424 699 984 1251 1527 1444 1474 1045 994 1320 1125 1067 1350 923 934 1191 9999 497 724 921 1027 632 525 451 
2978 502 453 554 590 884 1102 949 1017 553 502 1025 921 683 1016 539 808 1073 497 9999 527 594 870 561 533 354 
3500 980 929 69 382 566 886 1026 898 682 646 1516 1442 1142 1488 1013 1334 1600 724 527 9999 1094 1396 1076 1026 854 
2418 555 553 1133 1002 1273 1362 955 1207 713 690 431 375 178 435 122 386 582 921 594 1094 9999 385 414 511 478 
2111 572 603 1423 1363 1644 1746 1330 1591 1096 1070 399 126 504 493 507 100 208 1027 870 1396 385 9999 395 506 600 
2477 179 208 1091 1130 1424 1593 1286 1469 959 919 722 499 592 778 491 303 567 632 561 1076 414 395 9999 116 226 
2567 67 108 1035 1118 1413 1605 1334 1492 986 943 838 613 687 891 573 410 666 525 533 1026 511 506 116 9999 178 
2699 156 115 867 941 1236 1434 1192 1328 828 782 869 686 638 900 502 517 786 451 354 854 478 600 226 178 9999 
