NAME: ds_830_courier_4474
TYPE: TSP
COMMENT: nil
DIMENSION: 23
EDGE_WEIGHT_TYPE: EXPLICIT
EDGE_WEIGHT_FORMAT: FULL_MATRIX
EDGE_WEIGHT_SECTION
9999 846 704 1029 978 714 757 1152 1466 1587 774 705 814 1131 1223 1726 1909 2243 1655 1471 1280 1896 757 
846 9999 160 884 420 216 261 621 1376 1469 466 476 479 653 383 902 1114 1503 999 698 605 1062 1184 
704 160 9999 785 395 87 299 606 1423 1523 493 479 518 751 540 1062 1220 1586 1044 789 646 1192 1029 
1029 884 785 9999 521 698 1084 460 2194 2300 1269 1242 1298 1532 1121 1587 1306 1476 868 939 679 1429 660 
978 420 395 521 9999 323 668 211 1794 1888 873 868 891 1066 600 1077 963 1266 681 531 304 1012 1009 
714 216 87 698 323 9999 386 532 1510 1611 580 564 605 836 574 1098 1196 1547 989 760 594 1187 970 
757 261 299 1084 668 386 9999 875 1129 1227 206 216 223 466 521 983 1336 1742 1257 939 866 1250 1261 
1152 621 606 460 211 532 875 9999 1997 2089 1081 1078 1097 1255 727 1147 872 1117 509 481 219 974 1056 
1466 1376 1423 2194 1794 1510 1129 1997 9999 122 930 952 906 785 1425 1552 2238 2682 2315 1944 1951 2056 2198 
1587 1469 1523 2300 1888 1611 1227 2089 122 9999 1031 1059 1006 857 1493 1583 2291 2737 2390 2014 2034 2101 2317 
774 466 493 1269 873 580 206 1081 930 1031 9999 71 40 358 666 1063 1506 1924 1457 1126 1069 1398 1377 
705 476 479 1242 868 564 216 1078 952 1059 71 9999 110 426 712 1125 1543 1955 1473 1154 1081 1445 1321 
814 479 518 1298 891 605 223 1097 906 1006 40 110 9999 318 655 1037 1498 1920 1463 1126 1078 1384 1415 
1131 653 751 1532 1066 836 466 1255 785 857 358 426 318 9999 639 856 1464 1905 1533 1159 1181 1301 1718 
1223 383 540 1121 600 574 521 727 1425 1493 666 712 655 639 9999 524 847 1278 902 521 589 733 1533 
1726 902 1062 1587 1077 1098 983 1147 1552 1583 1063 1125 1037 856 524 9999 789 1220 1104 745 951 551 2051 
1909 1114 1220 1306 963 1196 1336 872 2238 2291 1506 1543 1498 1464 847 789 9999 446 492 438 669 257 1928 
2243 1503 1586 1476 1266 1547 1742 1117 2682 2737 1924 1955 1920 1905 1278 1220 446 9999 615 805 963 669 2132 
1655 999 1044 868 681 989 1257 509 2315 2390 1457 1473 1463 1533 902 1104 492 615 9999 391 398 700 1520 
1471 698 789 939 531 760 939 481 1944 2014 1126 1154 1126 1159 521 745 438 805 391 9999 261 494 1522 
1280 605 646 679 304 594 866 219 1951 2034 1069 1081 1078 1181 589 951 669 963 398 261 9999 755 1266 
1896 1062 1192 1429 1012 1187 1250 974 2056 2101 1398 1445 1384 1301 733 551 257 669 700 494 755 9999 2014 
757 1184 1029 660 1009 970 1261 1056 2198 2317 1377 1321 1415 1718 1533 2051 1928 2132 1520 1522 1266 2014 9999 
