NAME: ds_708_courier_2688
TYPE: TSP
COMMENT: nil
DIMENSION: 27
EDGE_WEIGHT_TYPE: EXPLICIT
EDGE_WEIGHT_FORMAT: FULL_MATRIX
EDGE_WEIGHT_SECTION
9999 4792 5104 4907 4910 5082 5238 5254 4611 4710 4809 3027 4020 3998 3914 2167 3243 3064 4074 2635 3202 2799 108317 3393 3604 3350 3350 
4792 9999 384 248 257 323 537 463 244 217 93 1807 856 794 886 2637 1612 1734 741 2158 1591 1993 103532 1401 1215 1445 1450 
5104 384 9999 197 500 87 153 300 495 394 322 2156 1233 1124 1192 2965 1970 2067 1030 2481 1906 2315 103237 1732 1569 1779 1754 
4907 248 197 9999 452 194 339 431 300 197 161 1964 1057 930 995 2769 1781 1872 833 2284 1709 2118 103433 1537 1378 1584 1557 
4910 257 500 452 9999 415 631 404 491 473 336 1895 906 936 1050 2745 1688 1847 925 2277 1727 2115 103407 1521 1308 1562 1598 
5082 323 87 194 415 9999 223 245 472 378 277 2118 1179 1091 1168 2936 1928 2036 1010 2454 1881 2288 103251 1701 1528 1747 1732 
5238 537 153 339 631 223 9999 339 638 535 475 2303 1386 1269 1331 3105 2119 2209 1167 2620 2043 2454 103111 1875 1717 1922 1890 
5254 463 300 431 404 245 339 9999 672 593 461 2260 1286 1256 1348 3097 2060 2194 1199 2619 2054 2455 103069 1861 1668 1906 1912 
4611 244 495 300 491 472 638 672 9999 105 212 1665 784 631 697 2470 1484 1572 538 1986 1411 1820 103723 1237 1082 1284 1261 
4710 217 394 197 473 378 535 593 105 9999 149 1770 884 735 798 2572 1589 1675 636 2087 1512 1921 103627 1340 1186 1387 1360 
4809 93 322 161 336 277 475 461 212 149 9999 1841 911 815 896 2661 1652 1760 742 2179 1608 2013 103519 1425 1251 1470 1461 
3027 1807 2156 1964 1895 2118 2303 2260 1665 1770 1841 9999 995 1035 996 863 219 200 1163 457 413 350 105295 452 592 404 553 
4020 856 1233 1057 906 1179 1386 1286 784 884 911 995 9999 341 462 1854 784 970 514 1401 897 1245 104300 670 425 703 807 
3998 794 1124 930 936 1091 1269 1256 631 735 815 1035 341 9999 140 1845 860 944 183 1365 799 1199 104324 609 459 655 663 
3914 886 1192 995 1050 1168 1331 1348 697 798 896 996 462 140 9999 1774 842 882 168 1289 714 1123 104415 551 460 599 565 
2167 2637 2965 2769 2745 2936 3105 3097 2470 2572 2661 863 1854 1845 1774 9999 1081 902 1940 487 1065 653 106152 1236 1438 1191 1223 
3243 1612 1970 1781 1688 1928 2119 2060 1484 1589 1652 219 784 860 842 1081 9999 299 1005 667 426 541 105082 346 403 308 513 
3064 1734 2067 1872 1847 2036 2209 2194 1572 1675 1760 200 970 944 882 902 299 9999 1049 432 223 276 105254 335 546 289 377 
4074 741 1030 833 925 1010 1167 1199 538 636 742 1163 514 183 168 1940 1005 1049 9999 1453 877 1288 104260 719 615 767 724 
2635 2158 2481 2284 2277 2454 2620 2619 1986 2087 2179 457 1401 1365 1289 487 667 432 1453 9999 577 166 105684 759 977 716 736 
3202 1591 1906 1709 1727 1881 2043 2054 1411 1512 1608 413 897 799 714 1065 426 223 877 577 9999 412 105123 229 484 208 163 
2799 1993 2315 2118 2115 2288 2454 2455 1820 1921 2013 350 1245 1199 1123 653 541 276 1288 166 412 9999 105520 595 820 553 572 
108317 103532 103237 103433 103407 103251 103111 103069 103723 103627 103519 105295 104300 104324 104415 106152 105082 105254 104260 105684 105123 105520 9999 104925 104714 104968 104980 
3393 1401 1732 1537 1521 1701 1875 1861 1237 1340 1425 452 670 609 551 1236 346 335 719 759 229 595 104925 9999 255 48 202 
3604 1215 1569 1378 1308 1528 1717 1668 1082 1186 1251 592 425 459 460 1438 403 546 615 977 484 820 104714 255 9999 281 430 
3350 1445 1779 1584 1562 1747 1922 1906 1284 1387 1470 404 703 655 599 1191 308 289 767 716 208 553 104968 48 281 9999 218 
3350 1450 1754 1557 1598 1732 1890 1912 1261 1360 1461 553 807 663 565 1223 513 377 724 736 163 572 104980 202 430 218 9999 
