NAME: ds_728_courier_949
TYPE: TSP
COMMENT: nil
DIMENSION: 18
EDGE_WEIGHT_TYPE: EXPLICIT
EDGE_WEIGHT_FORMAT: FULL_MATRIX
EDGE_WEIGHT_SECTION
9999 2551 2514 2233 2378 2294 2234 4082 4006 3827 3743 3598 3154 2925 3365 4030 3062 3855 
2551 9999 593 581 766 823 893 1702 1623 1423 1268 1058 604 432 937 1823 830 1841 
2514 593 9999 291 219 309 394 2153 2077 1877 1678 1378 933 941 1419 2340 1401 2402 
2233 581 291 9999 273 280 329 2261 2183 1982 1806 1542 1078 999 1503 2402 1408 2418 
2378 766 219 273 9999 97 180 2370 2293 2093 1896 1596 1151 1144 1631 2549 1591 2599 
2294 823 309 280 97 9999 85 2452 2375 2174 1980 1686 1237 1216 1708 2623 1653 2662 
2234 893 394 329 180 85 9999 2533 2456 2255 2063 1771 1321 1292 1787 2700 1723 2734 
4082 1702 2153 2261 2370 2452 2533 9999 79 279 489 845 1225 1270 765 421 1020 774 
4006 1623 2077 2183 2293 2375 2456 79 9999 201 421 781 1150 1191 686 436 945 769 
3827 1423 1877 1982 2093 2174 2255 279 201 9999 247 609 952 991 487 556 773 827 
3743 1268 1678 1806 1896 1980 2063 489 421 247 9999 363 745 843 383 803 752 1055 
3598 1058 1378 1542 1596 1686 1771 845 781 609 363 9999 466 680 446 1162 815 1386 
3154 604 933 1078 1151 1237 1321 1225 1150 952 745 466 9999 317 536 1452 711 1583 
2925 432 941 999 1144 1216 1292 1270 1191 991 843 680 317 9999 506 1407 484 1464 
3365 937 1419 1503 1631 1708 1787 765 686 487 383 446 536 506 9999 925 389 1050 
4030 1823 2340 2402 2549 2623 2700 421 436 556 803 1162 1452 1407 925 9999 1029 373 
3062 830 1401 1408 1591 1653 1723 1020 945 773 752 815 711 484 389 1029 9999 1011 
3855 1841 2402 2418 2599 2662 2734 774 769 827 1055 1386 1583 1464 1050 373 1011 9999 
