NAME: ds_926_courier_4849
TYPE: TSP
COMMENT: nil
DIMENSION: 30
EDGE_WEIGHT_TYPE: EXPLICIT
EDGE_WEIGHT_FORMAT: FULL_MATRIX
EDGE_WEIGHT_SECTION
9999 3136 2594 3050 3111 3559 3617 3932 3432 3082 3219 2991 2106 1986 1879 2204 2839 3226 3094 3302 3483 3532 3513 3451 2064 2345 2594 2501 2312 3221 
3136 9999 1334 881 800 1036 991 906 312 56 575 521 1443 1251 1288 1178 712 1416 1178 1150 1406 1292 464 385 1170 900 1129 1345 1375 319 
2594 1334 9999 614 715 1063 1151 1657 1453 1317 958 842 496 804 996 540 628 634 520 742 890 955 1395 1380 777 714 212 94 287 1148 
3050 881 614 9999 105 510 574 1043 905 885 371 369 985 1084 1238 846 288 541 297 338 608 561 809 810 1016 780 490 674 812 612 
3111 800 715 105 9999 458 506 944 805 808 268 308 1066 1134 1278 908 296 615 383 369 641 568 705 707 1062 810 580 772 901 517 
3559 1036 1063 510 458 9999 110 706 893 1066 491 690 1486 1589 1736 1356 750 647 564 355 468 311 716 766 1519 1267 985 1140 1301 717 
3617 991 1151 574 506 110 9999 597 821 1025 480 698 1558 1638 1777 1414 788 757 664 461 574 415 636 692 1565 1304 1060 1225 1379 677 
3932 906 1657 1043 944 706 597 9999 605 960 740 950 1986 1957 2053 1784 1137 1350 1225 1045 1166 1005 446 523 1876 1590 1519 1716 1837 717 
3432 312 1453 905 805 893 821 605 9999 368 538 614 1647 1511 1568 1399 832 1394 1183 1097 1324 1186 195 128 1428 1146 1265 1482 1548 305 
3082 56 1317 885 808 1066 1025 960 368 9999 595 520 1408 1206 1238 1140 700 1423 1182 1164 1425 1314 516 437 1125 858 1109 1323 1347 349 
3219 575 958 371 268 491 480 740 538 595 9999 233 1248 1234 1349 1047 397 863 646 580 832 719 441 439 1155 876 795 1003 1107 265 
2991 521 842 369 308 690 698 950 614 520 233 9999 1059 1009 1118 838 218 910 665 677 948 864 586 554 929 646 651 868 941 310 
2106 1443 496 985 1066 1486 1558 1986 1647 1408 1248 1059 9999 419 599 278 853 1129 989 1201 1379 1428 1645 1608 440 577 501 402 209 1359 
1986 1251 804 1084 1134 1589 1638 1957 1511 1206 1234 1009 419 9999 193 270 854 1390 1195 1375 1601 1612 1558 1504 83 369 697 722 560 1261 
1879 1288 996 1238 1278 1736 1777 2053 1568 1238 1349 1118 599 193 9999 458 989 1574 1371 1543 1777 1779 1637 1577 230 475 881 915 751 1343 
2204 1178 540 846 908 1356 1414 1784 1399 1140 1047 838 278 270 458 9999 651 1121 931 1119 1337 1355 1415 1372 237 299 429 463 327 1122 
2839 712 628 288 296 750 788 1137 832 700 397 218 853 854 989 651 9999 796 545 626 895 847 799 771 779 517 433 651 725 528 
3226 1416 634 541 615 647 757 1350 1394 1423 863 910 1129 1390 1574 1121 796 9999 251 311 279 400 1260 1282 1345 1185 693 728 920 1126 
3094 1178 520 297 383 564 664 1225 1183 1182 646 665 989 1195 1371 931 545 251 9999 223 406 439 1067 1079 1141 956 507 607 787 901 
3302 1150 742 338 369 355 461 1045 1097 1164 580 677 1201 1375 1543 1119 626 311 223 9999 272 237 954 981 1315 1102 708 827 1003 845 
3483 1406 890 608 641 468 574 1166 1324 1425 832 948 1379 1601 1777 1337 895 279 406 272 9999 161 1163 1201 1547 1352 911 983 1172 1094 
3532 1292 955 561 568 311 415 1005 1186 1314 719 864 1428 1612 1779 1355 847 400 439 237 161 9999 1018 1061 1552 1335 941 1044 1226 975 
3513 464 1395 809 705 716 636 446 195 516 441 586 1645 1558 1637 1415 799 1260 1067 954 1163 1018 9999 80 1475 1189 1222 1435 1524 297 
3451 385 1380 810 707 766 692 523 128 437 439 554 1608 1504 1577 1372 771 1282 1079 981 1201 1061 80 9999 1422 1136 1200 1416 1495 250 
2064 1170 777 1016 1062 1519 1565 1876 1428 1125 1155 929 440 83 230 237 779 1345 1141 1315 1547 1552 1475 1422 9999 287 652 701 553 1179 
2345 900 714 780 810 1267 1304 1590 1146 858 876 646 577 369 475 299 517 1185 956 1102 1352 1335 1189 1136 287 9999 531 665 588 892 
2594 1129 212 490 580 985 1060 1519 1265 1109 795 651 501 697 881 429 433 693 507 708 911 941 1222 1200 652 531 9999 218 322 960 
2501 1345 94 674 772 1140 1225 1716 1482 1323 1003 868 402 722 915 463 651 728 607 827 983 1044 1435 1416 701 665 218 9999 193 1177 
2312 1375 287 812 901 1301 1379 1837 1548 1347 1107 941 209 560 751 327 725 920 787 1003 1172 1226 1524 1495 553 588 322 193 9999 1249 
3221 319 1148 612 517 717 677 717 305 349 265 310 1359 1261 1343 1122 528 1126 901 845 1094 975 297 250 1179 892 960 1177 1249 9999 
