NAME: ds_927_courier_290
TYPE: TSP
COMMENT: nil
DIMENSION: 23
EDGE_WEIGHT_TYPE: EXPLICIT
EDGE_WEIGHT_FORMAT: FULL_MATRIX
EDGE_WEIGHT_SECTION
9999 2990 2953 1969 3852 3621 3222 2696 3450 3464 3596 3693 3281 2888 3117 3149 3666 3523 3176 3148 3256 3363 3914 
2990 9999 864 1824 866 851 503 293 1055 783 701 728 532 983 305 487 680 1145 663 618 612 393 948 
2953 864 9999 1282 1277 1649 1360 859 497 599 879 1071 1379 141 629 473 1249 2005 342 353 467 893 1236 
1969 1824 1282 9999 2510 2669 2283 1609 1719 1879 2136 2308 2328 1162 1755 1677 2422 2861 1605 1601 1724 2053 2496 
3852 866 1277 2510 9999 765 859 1158 1077 738 409 206 816 1417 773 834 247 1272 936 927 810 494 169 
3621 851 1649 2669 765 9999 412 1072 1656 1304 1011 843 356 1783 1019 1186 556 508 1358 1325 1251 785 933 
3222 503 1360 2283 859 412 9999 675 1475 1149 932 836 60 1483 750 936 612 645 1118 1078 1035 618 1007 
2696 293 859 1609 1158 1072 675 9999 1175 969 960 1013 722 948 497 629 973 1269 772 726 766 677 1234 
3450 1055 497 1719 1077 1656 1475 1175 9999 356 682 889 1475 574 751 569 1147 2096 404 450 446 879 977 
3464 783 599 1879 738 1304 1149 969 356 9999 333 541 1142 727 484 347 792 1754 291 315 215 537 661 
3596 701 879 2136 409 1011 932 960 682 333 9999 209 911 1017 482 470 473 1488 539 537 415 333 360 
3693 728 1071 2308 206 843 836 1013 889 541 209 9999 804 1211 587 631 288 1338 730 721 604 336 222 
3281 532 1379 2328 816 356 60 722 1475 1142 911 804 9999 1505 762 946 569 630 1127 1087 1038 607 967 
2888 983 141 1162 1417 1783 1483 948 574 727 1017 1211 1505 9999 764 613 1390 2128 481 493 607 1032 1372 
3117 305 629 1755 773 1019 750 497 751 484 482 587 762 764 9999 188 668 1392 370 328 307 297 803 
3149 487 473 1677 834 1186 936 629 569 347 470 631 946 613 188 9999 779 1575 182 142 137 420 825 
3666 680 1249 2422 247 556 612 973 1147 792 473 288 569 1390 668 779 9999 1055 920 899 797 371 402 
3523 1145 2005 2861 1272 508 645 1269 2096 1754 1488 1338 630 2128 1392 1575 1055 9999 1756 1717 1665 1218 1441 
3176 663 342 1605 936 1358 1118 772 404 291 539 730 1127 481 370 182 920 1756 9999 47 126 579 897 
3148 618 353 1601 927 1325 1078 726 450 315 537 721 1087 493 328 142 899 1717 47 9999 123 551 896 
3256 612 467 1724 810 1251 1035 766 446 215 415 604 1038 607 307 137 797 1665 126 123 9999 467 774 
3363 393 893 2053 494 785 618 677 879 537 333 336 607 1032 297 420 371 1218 579 551 467 9999 557 
3914 948 1236 2496 169 933 1007 1234 977 661 360 222 967 1372 803 825 402 1441 897 896 774 557 9999 
