NAME: ds_619_courier_1103
TYPE: TSP
COMMENT: nil
DIMENSION: 25
EDGE_WEIGHT_TYPE: EXPLICIT
EDGE_WEIGHT_FORMAT: FULL_MATRIX
EDGE_WEIGHT_SECTION
9999 3166 3722 3540 3089 3436 3617 2751 2255 916 418 1143 238 418 542 655 641 594 545 603 368 932 579 396 352 
3166 9999 841 888 762 842 1501 978 2823 3297 3254 3734 2979 3362 2763 2753 2867 2914 3014 2617 3013 2860 2746 2934 2885 
3722 841 9999 277 664 355 893 1041 2834 3993 3878 4430 3565 3977 3392 3406 3527 3567 3662 3230 3631 3566 3381 3552 3485 
3540 888 277 9999 451 105 665 811 2562 3863 3718 4298 3394 3814 3237 3261 3383 3421 3514 3071 3470 3443 3229 3392 3319 
3089 762 664 451 9999 346 808 378 2228 3427 3271 3861 2944 3365 2792 2819 2942 2978 3070 2624 3023 3012 2785 2944 2870 
3436 842 355 105 346 9999 671 708 2479 3762 3615 4197 3290 3710 3134 3159 3281 3319 3411 2968 3367 3343 3127 3288 3215 
3617 1501 893 665 808 671 9999 951 2214 4082 3860 4505 3508 3942 3405 3454 3577 3607 3690 3231 3615 3688 3404 3540 3451 
2751 978 1041 811 378 708 951 9999 1882 3147 2956 3575 2619 3046 2487 2526 2650 2682 2769 2316 2709 2746 2483 2632 2551 
2255 2823 2834 2562 2228 2479 2214 1882 9999 3083 2648 3390 2295 2672 2396 2516 2609 2602 2632 2252 2472 2867 2421 2427 2313 
916 3297 3993 3863 3427 3762 4082 3147 3083 9999 506 438 797 563 718 636 516 501 452 888 614 438 705 656 770 
418 3254 3878 3718 3271 3615 3860 2956 2648 506 9999 742 370 117 491 519 429 373 274 648 248 642 509 327 408 
1143 3734 4430 4298 3861 4197 4505 3575 3390 438 742 9999 1104 726 1110 1051 928 900 825 1285 943 874 1105 1005 1113 
238 2979 3565 3394 2944 3290 3508 2619 2295 797 370 1104 9999 436 304 422 426 387 366 378 185 726 342 177 115 
418 3362 3977 3814 3365 3710 3942 3046 2672 563 117 726 436 9999 600 635 546 491 391 749 349 751 620 428 495 
542 2763 3392 3237 2792 3134 3405 2487 2396 718 491 1110 304 600 9999 138 213 217 286 175 253 491 40 178 191 
655 2753 3406 3261 2819 3159 3454 2526 2516 636 519 1051 422 635 138 9999 123 162 261 267 318 357 102 262 316 
641 2867 3527 3383 2942 3281 3577 2650 2609 516 429 928 426 546 213 123 9999 57 157 375 277 301 193 249 340 
594 2914 3567 3421 2978 3319 3607 2682 2602 501 373 900 387 491 217 162 57 9999 103 389 227 340 206 211 312 
545 3014 3662 3514 3070 3411 3690 2769 2632 452 274 825 366 391 286 261 157 103 9999 461 184 395 286 206 320 
603 2617 3230 3071 2624 2968 3231 2316 2252 888 648 1285 378 749 175 267 375 389 461 9999 401 616 183 322 272 
368 3013 3631 3470 3023 3367 3615 2709 2472 614 248 943 185 349 253 318 277 227 184 401 9999 564 278 79 171 
932 2860 3566 3443 3012 3343 3688 2746 2867 438 642 874 726 751 491 357 301 340 395 616 564 9999 458 549 641 
579 2746 3381 3229 2785 3127 3404 2483 2421 705 509 1105 342 620 40 102 193 206 286 183 278 458 9999 207 230 
396 2934 3552 3392 2944 3288 3540 2632 2427 656 327 1005 177 428 178 262 249 211 206 322 79 549 207 9999 114 
352 2885 3485 3319 2870 3215 3451 2551 2313 770 408 1113 115 495 191 316 340 312 320 272 171 641 230 114 9999 
