NAME: ds_701_courier_487
TYPE: TSP
COMMENT: nil
DIMENSION: 13
EDGE_WEIGHT_TYPE: EXPLICIT
EDGE_WEIGHT_FORMAT: FULL_MATRIX
EDGE_WEIGHT_SECTION
9999 3295 3468 2846 2946 2841 2614 4492 3771 3801 2959 3038 3591 
3295 9999 712 480 348 475 728 6072 5491 5104 3072 2795 574 
3468 712 9999 1025 840 1005 1225 5658 5126 4679 2597 2286 249 
2846 480 1025 9999 185 26 248 5890 5278 4939 2980 2739 978 
2946 348 840 185 9999 166 409 5842 5242 4883 2893 2639 799 
2841 475 1005 26 166 9999 253 5868 5257 4916 2955 2714 963 
2614 728 1225 248 409 253 9999 5801 5173 4861 2952 2733 1206 
4492 6072 5658 5890 5842 5868 5801 9999 722 980 3071 3400 5903 
3771 5491 5126 5278 5242 5257 5173 722 9999 665 2591 2932 5367 
3801 5104 4679 4939 4883 4916 4861 980 665 9999 2091 2421 4926 
2959 3072 2597 2980 2893 2955 2952 3071 2591 2091 9999 342 2845 
3038 2795 2286 2739 2639 2714 2733 3400 2932 2421 342 9999 2535 
3591 574 249 978 799 963 1206 5903 5367 4926 2845 2535 9999 
