NAME: ds_820_courier_949
TYPE: TSP
COMMENT: nil
DIMENSION: 19
EDGE_WEIGHT_TYPE: EXPLICIT
EDGE_WEIGHT_FORMAT: FULL_MATRIX
EDGE_WEIGHT_SECTION
9999 3225 3271 3378 3420 3318 1871 3953 3765 2884 2750 2545 2239 2277 2927 3814 3725 3032 3428 
3225 9999 85 155 373 274 1833 729 574 800 956 865 1318 1488 495 674 593 362 413 
3271 85 9999 147 422 335 1838 691 508 766 930 867 1319 1479 476 679 605 338 329 
3378 155 147 9999 301 243 1980 575 450 912 1076 1009 1463 1625 623 533 458 485 400 
3420 373 422 301 9999 117 2160 623 645 1173 1326 1206 1656 1839 864 394 305 734 699 
3318 274 335 243 117 9999 2043 684 653 1067 1217 1090 1540 1724 755 499 409 629 640 
1871 1833 1838 1980 2160 2043 9999 2503 2236 1191 1020 971 522 440 1377 2506 2424 1513 1853 
3953 729 691 575 623 684 2503 9999 313 1353 1531 1538 1981 2118 1127 358 395 992 679 
3765 574 508 450 645 653 2236 313 9999 1064 1243 1285 1715 1837 871 568 558 746 386 
2884 800 766 912 1173 1067 1191 1353 1064 9999 178 366 683 775 319 1436 1367 439 679 
2750 956 930 1076 1326 1217 1020 1531 1243 178 9999 320 525 599 463 1604 1533 594 857 
2545 865 867 1009 1206 1090 971 1538 1285 366 320 9999 454 635 414 1538 1458 546 913 
2239 1318 1319 1463 1656 1540 522 1981 1715 683 525 454 9999 227 855 1992 1911 992 1333 
2277 1488 1479 1625 1839 1724 440 2118 1837 775 599 635 227 9999 1004 2158 2080 1144 1451 
2927 495 476 623 864 755 1377 1127 871 319 463 414 855 1004 9999 1156 1080 139 505 
3814 674 679 533 394 499 2506 358 568 1436 1604 1538 1992 2158 1156 9999 90 1017 825 
3725 593 605 458 305 409 2424 395 558 1367 1533 1458 1911 2080 1080 90 9999 943 776 
3032 362 338 485 734 629 1513 992 746 439 594 546 992 1144 139 1017 943 9999 397 
3428 413 329 400 699 640 1853 679 386 679 857 913 1333 1451 505 825 776 397 9999 
