NAME: ds_813_courier_3156
TYPE: TSP
COMMENT: nil
DIMENSION: 13
EDGE_WEIGHT_TYPE: EXPLICIT
EDGE_WEIGHT_FORMAT: FULL_MATRIX
EDGE_WEIGHT_SECTION
9999 3008 3025 3158 3249 3416 2705 3310 2534 3211 514 3412 3592 
3008 9999 22 1787 772 1022 320 1648 474 1081 2499 776 1247 
3025 22 9999 1776 754 1003 331 1635 491 1066 2516 756 1228 
3158 1787 1776 9999 1122 993 1653 264 1736 773 2786 1262 944 
3249 772 754 1122 9999 256 803 931 971 352 2772 187 488 
3416 1022 1003 993 256 9999 1057 766 1221 264 2952 293 233 
2705 320 331 1653 803 1057 9999 1556 188 1036 2199 878 1289 
3310 1648 1635 264 931 766 1556 9999 1664 581 2913 1049 689 
2534 474 491 1736 971 1221 188 1664 9999 1174 2025 1059 1452 
3211 1081 1066 773 352 264 1036 581 1174 9999 2760 493 382 
514 2499 2516 2786 2772 2952 2199 2913 2025 2760 9999 2929 3138 
3412 776 756 1262 187 293 878 1049 1059 493 2929 9999 487 
3592 1247 1228 944 488 233 1289 689 1452 382 3138 487 9999 
