NAME: ds_802_courier_4849
TYPE: TSP
COMMENT: nil
DIMENSION: 16
EDGE_WEIGHT_TYPE: EXPLICIT
EDGE_WEIGHT_FORMAT: FULL_MATRIX
EDGE_WEIGHT_SECTION
9999 3209 3236 3063 3179 3475 2975 2052 3769 2235 2362 2542 2615 3318 3663 3238 
3209 9999 280 599 36 316 748 1161 813 1279 906 907 1137 2696 551 30 
3236 280 9999 357 263 519 517 1192 607 1168 879 787 955 2446 427 286 
3063 599 357 9999 570 873 161 1078 708 890 726 528 618 2098 678 615 
3179 36 263 570 9999 352 717 1130 817 1242 871 871 1102 2665 564 65 
3475 316 519 873 352 9999 1031 1442 850 1594 1212 1223 1444 2964 540 288 
2975 748 517 161 717 1031 9999 1039 819 768 684 435 465 1949 827 766 
2052 1161 1192 1078 1130 1442 1039 9999 1756 613 356 638 892 2423 1618 1191 
3769 813 607 708 817 850 819 1756 9999 1587 1416 1235 1266 2405 311 800 
2235 1279 1168 890 1242 1594 768 613 1587 9999 463 381 385 1812 1559 1307 
2362 906 879 726 871 1212 684 356 1416 463 9999 303 601 2226 1303 936 
2542 907 787 528 871 1223 435 638 1235 381 303 9999 319 1972 1183 935 
2615 1137 955 618 1102 1444 465 892 1266 385 601 319 9999 1655 1293 1161 
3318 2696 2446 2098 2665 2964 1949 2423 2405 1812 2226 1972 1655 9999 2609 2713 
3663 551 427 678 564 540 827 1618 311 1559 1303 1183 1293 2609 9999 531 
3238 30 286 615 65 288 766 1191 800 1307 936 935 1161 2713 531 9999 
