,0,1,2,3,4,5,6,7
0,0.0,1763.4784737476841,2213.259915014599,1632.9100724915888,1664.7243182673078,1342.6941265234868,1575.1840205388162,1523.480894515898
1,1763.4784737476841,0.0,472.00392199117846,143.30943154853279,104.23112465841459,1791.8330618068371,1652.7441020799024,1591.3244611564714
2,2213.259915014599,472.00392199117846,0.0,584.746038517896,576.1957652393867,2041.883304902873,2057.453989223486,2000.5855391374637
3,1632.9100724915888,143.30943154853279,584.746038517896,0.0,94.95915798217635,1658.8409319478974,1629.3971891898655,1565.535824672946
4,1664.7243182673078,104.23112465841459,576.1957652393867,94.95915798217635,0.0,1746.1132664782517,1570.4006361763427,1507.8090349858035
5,1342.6941265234868,1791.8330618068371,2041.883304902873,1658.8409319478974,1746.1132664782517,0.0,2624.0905482769767,2558.3782890209463
6,1575.1840205388162,1652.7441020799024,2057.453989223486,1629.3971891898655,1570.4006361763427,2624.0905482769767,0.0,68.60089947986202
7,1523.480894515898,1591.3244611564714,2000.5855391374637,1565.535824672946,1507.8090349858035,2558.3782890209463,68.60089947986202,0.0
