NAME: ds_805_courier_1103
TYPE: TSP
COMMENT: nil
DIMENSION: 21
EDGE_WEIGHT_TYPE: EXPLICIT
EDGE_WEIGHT_FORMAT: FULL_MATRIX
EDGE_WEIGHT_SECTION
9999 3194 3738 2185 2185 2340 2466 3633 1984 1873 2271 2269 2201 2235 2138 2227 625 820 1062 314 521 
3194 9999 926 2144 2298 2163 746 450 1551 1568 1356 1136 1591 1751 2019 1935 3379 3549 3876 3269 3013 
3738 926 9999 3040 3194 3072 1520 702 2390 2377 2238 1986 2476 2647 2910 2833 3785 3920 4230 3744 3448 
2185 2144 3040 9999 154 157 1563 2545 742 835 805 1076 567 393 140 209 2715 2930 3222 2443 2391 
2185 2298 3194 154 9999 204 1714 2697 882 966 959 1228 720 548 288 363 2735 2949 3234 2454 2422 
2340 2163 3072 157 204 9999 1622 2549 843 948 858 1138 628 443 259 264 2872 3087 3379 2599 2548 
2466 746 1520 1563 1714 1622 9999 1195 872 858 764 487 998 1180 1426 1366 2698 2880 3211 2562 2325 
3633 450 702 2545 2697 2549 1195 9999 1987 2011 1776 1574 2005 2156 2426 2335 3795 3958 4283 3697 3433 
1984 1551 2390 742 882 843 872 1987 9999 135 289 414 282 433 602 581 2391 2599 2920 2172 2028 
1873 1568 2377 835 966 948 858 2011 135 9999 401 448 416 559 698 693 2266 2473 2795 2052 1900 
2271 1356 2238 805 959 858 764 1776 289 401 9999 284 239 417 672 603 2665 2871 3194 2453 2298 
2269 1136 1986 1076 1228 1138 487 1574 414 448 284 9999 512 696 939 880 2604 2804 3132 2419 2231 
2201 1591 2476 567 720 628 998 2005 282 416 239 512 9999 186 434 368 2640 2851 3167 2408 2282 
2235 1751 2647 393 548 443 1180 2156 433 559 417 696 186 9999 271 187 2705 2918 3228 2459 2355 
2138 2019 2910 140 288 259 1426 2426 602 698 672 939 434 271 9999 113 2650 2865 3164 2386 2317 
2227 1935 2833 209 363 264 1366 2335 581 693 603 880 368 187 113 9999 2728 2942 3244 2469 2389 
625 3379 3785 2715 2735 2872 2698 3795 2391 2266 2665 2604 2640 2705 2650 2728 9999 214 529 312 375 
820 3549 3920 2930 2949 3087 2880 3958 2599 2473 2871 2804 2851 2918 2865 2942 214 9999 331 511 574 
1062 3876 4230 3222 3234 3379 3211 4283 2920 2795 3194 3132 3167 3228 3164 3244 529 331 9999 780 900 
314 3269 3744 2443 2454 2599 2562 3697 2172 2052 2453 2419 2408 2459 2386 2469 312 511 780 9999 324 
521 3013 3448 2391 2422 2548 2325 3433 2028 1900 2298 2231 2282 2355 2317 2389 375 574 900 324 9999 
