NAME: ds_902_courier_949
TYPE: TSP
COMMENT: nil
DIMENSION: 25
EDGE_WEIGHT_TYPE: EXPLICIT
EDGE_WEIGHT_FORMAT: FULL_MATRIX
EDGE_WEIGHT_SECTION
9999 2580 2071 2269 2308 2310 1901 3683 3581 3963 2910 2215 4019 4183 4169 3886 3135 3094 3054 3246 3441 3461 3682 3254 4026 
2580 9999 597 586 689 760 799 1420 1238 1529 342 378 1789 2021 1896 1653 1082 728 669 839 1068 1385 1644 725 1868 
2071 597 9999 250 362 418 202 1990 1820 2124 934 399 2360 2584 2476 2223 1581 1299 1242 1424 1652 1910 2171 1321 2428 
2269 586 250 9999 131 202 370 2005 1819 2088 885 550 2372 2606 2476 2238 1651 1314 1255 1420 1649 1965 2225 1273 2453 
2308 689 362 131 9999 73 434 2100 1910 2162 966 681 2466 2702 2565 2332 1765 1413 1353 1512 1739 2074 2333 1348 2551 
2310 760 418 202 73 9999 462 2167 1976 2223 1030 752 2532 2770 2630 2399 1837 1482 1422 1579 1806 2145 2404 1410 2620 
1901 799 202 370 434 462 9999 2183 2016 2325 1136 565 2552 2774 2671 2415 1757 1493 1438 1621 1849 2091 2351 1523 2616 
3683 1420 1990 2005 2100 2167 2183 9999 211 433 1145 1634 370 603 496 233 562 693 751 590 369 331 395 810 456 
3581 1238 1820 1819 1910 1976 2016 211 9999 405 948 1479 558 801 658 430 534 524 578 400 171 437 582 602 660 
3963 1529 2124 2088 2162 2223 2325 433 405 9999 1203 1815 511 736 502 466 935 872 917 724 523 763 792 815 660 
2910 342 934 885 966 1030 1136 1145 948 1203 9999 696 1506 1746 1600 1375 917 487 430 555 778 1171 1419 390 1600 
2215 378 399 550 681 752 565 1634 1479 1815 696 9999 2002 2218 2127 1864 1192 956 904 1095 1316 1527 1787 1049 2059 
4019 1789 2360 2372 2466 2532 2552 370 558 511 1506 2002 9999 248 161 139 884 1063 1121 954 727 567 423 1153 151 
4183 2021 2584 2606 2702 2770 2774 603 801 736 1746 2218 248 9999 251 372 1062 1293 1352 1192 969 725 507 1399 160 
4169 1896 2476 2476 2565 2630 2671 496 658 502 1600 2127 161 251 9999 283 1034 1178 1234 1057 828 726 582 1232 256 
3886 1653 2223 2238 2332 2399 2415 233 430 466 1375 1864 139 372 283 9999 751 926 985 821 597 447 355 1030 234 
3135 1082 1581 1651 1765 1837 1757 562 534 935 917 1192 884 1062 1034 751 9999 453 500 496 487 342 597 761 903 
3094 728 1299 1314 1413 1482 1493 693 524 872 487 956 1063 1293 1178 926 453 9999 59 154 360 685 935 329 1140 
3054 669 1242 1255 1353 1422 1438 751 578 917 430 904 1121 1352 1234 985 500 59 9999 194 413 742 993 313 1199 
3246 839 1424 1420 1512 1579 1621 590 400 724 555 1095 954 1192 1057 821 496 154 194 9999 229 650 881 274 1045 
3441 1068 1652 1649 1739 1806 1849 369 171 523 778 1316 727 969 828 597 487 360 413 229 9999 507 703 444 825 
3461 1385 1910 1965 2074 2145 2091 331 437 763 1171 1527 567 725 726 447 342 685 742 650 507 9999 261 918 566 
3682 1644 2171 2225 2333 2404 2351 395 582 792 1419 1787 423 507 582 355 597 935 993 881 703 261 9999 1139 362 
3254 725 1321 1273 1348 1410 1523 810 602 815 390 1049 1153 1399 1232 1030 761 329 313 274 444 918 1139 9999 1262 
4026 1868 2428 2453 2551 2620 2616 456 660 660 1600 2059 151 160 256 234 903 1140 1199 1045 825 566 362 1262 9999 
