NAME: ds_705_courier_4474
TYPE: TSP
COMMENT: nil
DIMENSION: 13
EDGE_WEIGHT_TYPE: EXPLICIT
EDGE_WEIGHT_FORMAT: FULL_MATRIX
EDGE_WEIGHT_SECTION
9999 2148 1648 1584 1593 1414 1191 1335 1069 1576 1471 1653 770 
2148 9999 650 815 938 933 1229 2089 2201 2036 1842 1403 2055 
1648 650 9999 172 313 289 589 1440 1555 1401 1203 802 1762 
1584 815 172 9999 146 171 455 1274 1403 1229 1032 633 1774 
1593 938 313 146 9999 215 416 1161 1313 1098 904 489 1844 
1414 933 289 171 215 9999 301 1169 1269 1157 955 625 1630 
1191 1229 589 455 416 301 9999 902 973 935 734 559 1532 
1335 2089 1440 1274 1161 1169 902 9999 329 274 315 797 1999 
1069 2201 1555 1403 1313 1269 973 329 9999 603 607 1040 1783 
1576 2036 1401 1229 1098 1157 935 274 603 9999 203 658 2202 
1471 1842 1203 1032 904 955 734 315 607 203 9999 491 2054 
1653 1403 802 633 489 625 559 797 1040 658 491 9999 2083 
770 2055 1762 1774 1844 1630 1532 1999 1783 2202 2054 2083 9999 
