,0,1,2,3,4,5,6,7,8
0,0.0,3759.1346427740823,3817.9680437395755,2652.6033205786666,2970.3309344838317,4432.003690175738,3374.91220966726,4207.506545646952,3602.77147390354
1,3759.1346427740823,0.0,261.7226478075513,1965.5715198371352,1874.9935287824505,6156.1594835026835,5037.386746703615,6218.506327660282,156.70166080439748
2,3817.9680437395755,261.7226478075513,0.0,2180.7629902064355,2110.2356201575576,6376.4021181171365,5249.083766187919,6427.855479036231,337.5297832965213
3,2652.6033205786666,1965.5715198371352,2180.7629902064355,0.0,318.1150597958019,4195.836886862106,3071.8178484881046,4253.207757526,1845.424516706299
4,2970.3309344838317,1874.9935287824505,2110.2356201575576,318.1150597958019,0.0,4294.265498330011,3200.450584615581,4383.307297601845,1773.0253955780406
5,4432.003690175738,6156.1594835026835,6376.4021181171365,4195.836886862106,4294.265498330011,0.0,1170.1648822579002,462.6302294868375,6040.442685390949
6,3374.91220966726,5037.386746703615,5249.083766187919,3071.8178484881046,3200.450584615581,1170.1648822579002,0.0,1183.192029007231,4915.504024641521
7,4207.506545646952,6218.506327660282,6427.855479036231,4253.207757526,4383.307297601845,462.6302294868375,1183.192029007231,0.0,6095.205681583987
8,3602.77147390354,156.70166080439748,337.5297832965213,1845.424516706299,1773.0253955780406,6040.442685390949,4915.504024641521,6095.205681583987,0.0
