NAME: ds_627_courier_4849
TYPE: TSP
COMMENT: nil
DIMENSION: 21
EDGE_WEIGHT_TYPE: EXPLICIT
EDGE_WEIGHT_FORMAT: FULL_MATRIX
EDGE_WEIGHT_SECTION
9999 3579 3673 3916 3707 3526 3226 3842 2336 2775 2549 3025 2467 130 2066 3575 2696 3501 3482 3286 3339 
3579 9999 110 444 190 182 1065 348 1273 804 1233 662 1122 3528 1513 389 1340 354 342 294 245 
3673 110 9999 427 202 275 1063 335 1357 901 1293 720 1223 3624 1606 351 1379 441 432 387 333 
3916 444 427 9999 255 403 1491 96 1664 1164 1665 1099 1451 3856 1871 773 1783 422 438 703 666 
3707 190 202 255 9999 185 1250 160 1427 937 1412 844 1241 3652 1649 551 1528 296 298 453 413 
3526 182 275 403 185 9999 1199 319 1261 763 1276 722 1059 3470 1473 561 1418 173 160 313 288 
3226 1065 1063 1491 1250 1199 9999 1397 1047 1012 708 615 1239 3213 1359 727 537 1346 1323 933 930 
3842 348 335 96 160 319 1397 9999 1578 1082 1572 1005 1375 3784 1791 683 1688 366 379 611 572 
2336 1273 1357 1664 1427 1261 1047 1578 9999 511 380 691 378 2298 315 1239 679 1290 1266 980 1029 
2775 804 901 1164 937 763 1012 1082 511 9999 656 422 330 2724 712 878 910 779 756 514 568 
2549 1233 1293 1665 1412 1276 708 1572 380 656 9999 573 697 2528 671 1084 302 1352 1327 965 1000 
3025 662 720 1099 844 722 615 1005 691 422 573 9999 713 2989 984 549 697 827 802 411 437 
2467 1122 1223 1451 1241 1059 1239 1375 378 330 697 713 9999 2411 434 1205 996 1043 1022 838 893 
130 3528 3624 3856 3652 3470 3213 3784 2298 2724 2528 2989 2411 9999 2020 3537 2688 3439 3420 3237 3291 
2066 1513 1606 1871 1649 1473 1359 1791 315 712 671 984 434 2020 9999 1526 953 1470 1449 1220 1273 
3575 389 351 773 551 561 727 683 1239 878 1084 549 1205 3537 1526 9999 1107 732 716 445 400 
2696 1340 1379 1783 1528 1418 537 1688 679 910 302 697 996 2688 953 1107 9999 1522 1497 1107 1131 
3501 354 441 422 296 173 1346 366 1290 779 1352 827 1043 3439 1470 732 1522 9999 25 423 417 
3482 342 432 438 298 160 1323 379 1266 756 1327 802 1022 3420 1449 716 1497 25 9999 399 394 
3286 294 387 703 453 313 933 611 980 514 965 411 838 3237 1220 445 1107 423 399 9999 56 
3339 245 333 666 413 288 930 572 1029 568 1000 437 893 3291 1273 400 1131 417 394 56 9999 
