NAME: ds_704_courier_2688
TYPE: TSP
COMMENT: nil
DIMENSION: 26
EDGE_WEIGHT_TYPE: EXPLICIT
EDGE_WEIGHT_FORMAT: FULL_MATRIX
EDGE_WEIGHT_SECTION
9999 4880 4600 5160 5414 5163 3312 4076 4061 4237 4973 2998 2834 2913 2900 3275 2879 2870 3686 3984 3253 5100 4311 3903 4288 3303 
4880 9999 307 283 570 328 1606 826 889 692 163 1931 2054 1994 2004 1620 2012 2011 1197 953 1630 703 693 1228 680 1667 
4600 307 9999 567 816 634 1363 528 704 516 372 1684 1788 1739 1746 1330 1724 1731 915 648 1364 720 392 926 374 1364 
5160 283 567 9999 300 212 1889 1095 1167 970 210 2214 2336 2277 2287 1894 2288 2290 1475 1213 1912 647 925 1453 923 1929 
5414 570 816 300 9999 453 2168 1338 1459 1261 445 2492 2604 2551 2559 2140 2536 2547 1730 1440 2179 592 1127 1629 1138 2150 
5163 328 634 212 453 9999 1865 1141 1121 933 360 2189 2330 2260 2271 1922 2310 2300 1495 1275 1910 857 1021 1556 1007 1985 
3312 1606 1363 1889 2168 1865 9999 901 750 932 1724 325 491 399 412 468 621 537 527 890 200 2005 1194 1097 1147 734 
4076 826 528 1095 1338 1141 901 9999 492 442 899 1208 1283 1248 1253 803 1198 1211 401 155 863 1105 296 539 246 844 
4061 889 704 1167 1459 1121 750 492 9999 198 1027 1071 1231 1149 1161 923 1269 1231 532 615 828 1417 731 1001 670 1088 
4237 692 516 970 1261 933 932 442 198 9999 829 1256 1403 1328 1340 1047 1414 1388 627 590 989 1235 612 980 553 1176 
4973 163 372 210 445 360 1724 899 1027 829 9999 2048 2159 2106 2114 1701 2096 2104 1287 1010 1734 552 716 1242 717 1726 
2998 1931 1684 2214 2492 2189 325 1208 1071 1256 2048 9999 244 112 132 593 513 387 816 1178 367 2313 1495 1325 1452 837 
2834 2054 1788 2336 2604 2330 491 1283 1231 1403 2159 244 9999 134 113 545 311 182 881 1223 425 2372 1552 1297 1517 737 
2913 1994 1739 2277 2551 2260 399 1248 1149 1328 2106 112 134 9999 21 570 421 292 849 1204 386 2348 1528 1318 1488 794 
2900 2004 1746 2287 2559 2271 412 1253 1161 1340 2114 132 113 21 9999 565 404 274 853 1207 390 2352 1532 1315 1492 785 
3275 1620 1330 1894 2140 1922 468 803 923 1047 1701 593 545 570 565 9999 396 426 429 712 273 1854 1043 753 1015 267 
2879 2012 1724 2288 2536 2310 621 1198 1269 1414 2096 513 311 421 404 396 9999 130 816 1106 457 2241 1435 1092 1410 488 
2870 2011 1731 2290 2547 2300 537 1211 1231 1388 2104 387 182 292 274 426 130 9999 816 1134 403 2279 1465 1162 1435 576 
3686 1197 915 1475 1730 1495 527 401 532 627 1287 816 881 849 853 429 816 816 9999 364 463 1500 680 614 639 557 
3984 953 648 1213 1440 1275 890 155 615 590 1010 1178 1223 1204 1207 712 1106 1134 364 9999 818 1149 331 391 304 716 
3253 1630 1364 1912 2179 1910 200 863 828 989 1734 367 425 386 390 273 457 403 463 818 9999 1962 1142 962 1102 539 
5100 703 720 647 592 857 2005 1105 1417 1235 552 2313 2372 2348 2352 1854 2241 2279 1500 1149 1962 9999 821 1209 861 1797 
4311 693 392 925 1127 1021 1194 296 731 612 716 1495 1552 1528 1532 1043 1435 1465 680 331 1142 821 9999 535 61 1024 
3903 1228 926 1453 1629 1556 1097 539 1001 980 1242 1325 1297 1318 1315 753 1092 1162 614 391 962 1209 535 9999 555 613 
4288 680 374 923 1138 1007 1147 246 670 553 717 1452 1517 1488 1492 1015 1410 1435 639 304 1102 861 61 555 9999 1012 
3303 1667 1364 1929 2150 1985 734 844 1088 1176 1726 837 737 794 785 267 488 576 557 716 539 1797 1024 613 1012 9999 
