,0,1,2,3,4,5
0,0.0,2011.6393633551736,2238.921225931003,1187.788958490101,4027.946591820718,1637.9535456505039
1,2011.6393633551736,0.0,1742.8456112018573,2316.5188963425744,4444.225953030438,2701.015779119506
2,2238.921225931003,1742.8456112018573,0.0,1549.4955058422013,2728.3029908691374,1637.7692873879203
3,1187.788958490101,2316.5188963425744,1549.4955058422013,0.0,2840.2996636365647,473.4036109779229
4,4027.946591820718,4444.225953030438,2728.3029908691374,2840.2996636365647,0.0,2409.1344008832602
5,1637.9535456505039,2701.015779119506,1637.7692873879203,473.4036109779229,2409.1344008832602,0.0
