NAME: ds_821_courier_1656
TYPE: TSP
COMMENT: nil
DIMENSION: 29
EDGE_WEIGHT_TYPE: EXPLICIT
EDGE_WEIGHT_FORMAT: FULL_MATRIX
EDGE_WEIGHT_SECTION
9999 3600 3653 4218 3898 2744 3843 3432 4008 3453 4719 2821 3285 4075 3162 3400 3326 4332 3223 3163 2965 3477 3756 3840 3290 3229 2991 2553 3623 
3600 9999 2785 3184 2538 2456 2027 1780 2860 1711 2632 839 2564 2491 713 387 788 855 555 583 781 272 245 380 425 1051 610 1314 50 
3653 2785 9999 583 457 916 919 1007 368 1080 1355 2877 382 680 3162 2408 2001 2726 2292 2299 3025 2966 2670 2607 2416 1747 2576 3255 2752 
4218 3184 583 9999 646 1496 1173 1429 327 1489 1173 3376 965 737 3632 2824 2423 2986 2733 2750 3511 3390 3037 2955 2849 2188 3052 3782 3146 
3898 2538 457 646 9999 1173 538 795 325 851 925 2756 665 227 2997 2179 1779 2369 2093 2112 2884 2745 2392 2313 2207 1550 2422 3181 2500 
2744 2456 916 1496 1173 9999 1280 1007 1265 1071 2061 2293 542 1372 2640 2072 1703 2684 1904 1888 2465 2565 2419 2401 2037 1443 2071 2575 2437 
3843 2027 919 1173 538 1280 9999 434 861 447 891 2328 931 466 2532 1683 1296 1832 1618 1646 2439 2247 1868 1783 1723 1096 1975 2787 1986 
3432 1780 1007 1429 795 1007 434 9999 1101 77 1324 1962 844 829 2203 1408 1002 1771 1306 1321 2088 1970 1663 1604 1424 760 1627 2398 1746 
4008 2860 368 327 325 1265 861 1101 9999 1162 1047 3051 723 463 3304 2498 2096 2688 2406 2423 3185 3064 2717 2638 2522 1861 2725 3462 2822 
3453 1711 1080 1489 851 1071 447 77 1162 9999 1327 1913 921 868 2146 1341 936 1694 1244 1262 2036 1905 1590 1529 1361 700 1573 2357 1676 
4719 2632 1355 1173 925 2061 891 1324 1047 1327 9999 3100 1585 702 3240 2354 2023 2162 2343 2384 3184 2887 2425 2310 2422 1886 2730 3588 2585 
2821 839 2877 3376 2756 2293 2328 1962 3051 1913 3100 9999 2572 2778 397 833 1079 1679 770 722 187 662 1055 1175 729 1233 374 515 876 
3285 2564 382 965 665 542 931 844 723 921 1585 2572 9999 883 2879 2179 1777 2615 2043 2042 2728 2722 2476 2429 2172 1513 2292 2923 2536 
4075 2491 680 737 227 1372 466 829 463 868 702 2778 883 9999 2994 2149 1760 2250 2081 2107 2895 2713 2329 2239 2187 1552 2431 3225 2451 
3162 713 3162 3632 2997 2640 2532 2203 3304 2146 3240 397 2879 2994 9999 888 1238 1557 914 887 213 453 957 1092 820 1447 587 667 761 
3400 387 2408 2824 2179 2072 1683 1408 2498 1341 2354 833 2179 2149 888 9999 407 934 196 246 861 566 388 443 115 666 480 1348 365 
3326 788 2001 2423 1779 1703 1296 1002 2096 936 2023 1079 1777 1760 1238 407 9999 1078 325 361 1162 969 717 704 428 266 707 1578 759 
4332 855 2726 2986 2369 2684 1832 1771 2688 1694 2162 1679 2615 2250 1557 934 1078 9999 1110 1169 1635 1104 625 509 1046 1288 1384 2167 811 
3223 555 2292 2733 2093 1904 1618 1306 2406 1244 2343 770 2043 2081 914 196 325 1110 9999 62 840 679 584 634 132 547 397 1280 543 
3163 583 2299 2750 2112 1888 1646 1321 2423 1262 2384 722 2042 2107 887 246 361 1169 62 9999 801 683 632 688 160 562 348 1228 575 
2965 781 3025 3511 2884 2465 2439 2088 3185 2036 3184 187 2728 2895 213 861 1162 1635 840 801 9999 560 1015 1144 772 1344 464 534 824 
3477 272 2966 3390 2745 2565 2247 1970 3064 1905 2887 662 2722 2713 453 566 969 1104 679 683 560 9999 515 650 551 1219 557 1090 322 
3756 245 2670 3037 2392 2419 1868 1663 2717 1590 2425 1055 2476 2329 957 388 717 625 584 632 1015 515 9999 135 480 981 774 1545 196 
3840 380 2607 2955 2313 2401 1783 1604 2638 1529 2310 1175 2429 2239 1092 443 704 509 634 688 1144 650 135 9999 550 959 875 1671 331 
3290 425 2416 2849 2207 2037 1723 1424 2522 1361 2422 729 2172 2187 820 115 428 1046 132 160 772 551 480 550 9999 669 369 1245 416 
3229 1051 1747 2188 1550 1443 1096 760 1861 700 1886 1233 1513 1552 1447 666 266 1288 547 562 1344 1219 981 959 669 9999 880 1705 1023 
2991 610 2576 3052 2422 2071 1975 1627 2725 1573 2730 374 2292 2431 587 480 707 1384 397 348 464 557 774 875 369 880 9999 885 631 
2553 1314 3255 3782 3181 2575 2787 2398 3462 2357 3588 515 2923 3225 667 1348 1578 2167 1280 1228 534 1090 1545 1671 1245 1705 885 9999 1357 
3623 50 2752 3146 2500 2437 1986 1746 2822 1676 2585 876 2536 2451 761 365 759 811 543 575 824 322 196 331 416 1023 631 1357 9999 
