NAME: ds_807_courier_4849
TYPE: TSP
COMMENT: nil
DIMENSION: 11
EDGE_WEIGHT_TYPE: EXPLICIT
EDGE_WEIGHT_FORMAT: FULL_MATRIX
EDGE_WEIGHT_SECTION
9999 2202 2263 2742 2677 2113 3569 3530 2406 3658 3372 
2202 9999 131 580 792 220 1400 1334 1612 1456 1253 
2263 131 9999 590 873 351 1382 1266 1740 1399 1260 
2742 580 590 9999 479 630 830 892 1610 967 674 
2677 792 873 479 9999 691 1013 1277 1158 1301 753 
2113 220 351 630 691 9999 1457 1469 1398 1573 1274 
3569 1400 1382 830 1013 1457 9999 554 2092 438 283 
3530 1334 1266 892 1277 1469 554 9999 2432 184 754 
2406 1612 1740 1610 1158 1398 2092 2432 9999 2439 1810 
3658 1456 1399 967 1301 1573 438 184 2439 9999 684 
3372 1253 1260 674 753 1274 283 754 1810 684 9999 
