NAME: ds_917_courier_2688
TYPE: TSP
COMMENT: nil
DIMENSION: 27
EDGE_WEIGHT_TYPE: EXPLICIT
EDGE_WEIGHT_FORMAT: FULL_MATRIX
EDGE_WEIGHT_SECTION
9999 80 5297 4717 4875 4571 4269 4083 3247 3450 2859 3689 3578 3176 3380 2974 3458 3303 3914 2838 2753 3777 3944 6005 4457 3281 5315 
80 9999 5260 4681 4844 4537 4232 4051 3222 3426 2833 3660 3550 3152 3350 2943 3410 3261 3868 2804 2725 3735 3903 5963 4416 3249 5278 
5297 5260 9999 587 632 747 1029 1252 2158 1973 2510 1683 1795 2238 1963 2345 1954 2012 1499 2465 2589 1543 1369 776 871 2039 27 
4717 4681 587 9999 390 167 450 668 1574 1394 1923 1100 1211 1655 1376 1758 1440 1451 1017 1882 2002 995 821 1348 398 1452 603 
4875 4844 632 390 9999 404 717 800 1651 1453 2029 1189 1301 1729 1495 1901 1742 1694 1356 2044 2125 1275 1112 1388 774 1596 631 
4571 4537 747 167 404 9999 326 506 1411 1229 1765 937 1048 1492 1218 1606 1347 1328 952 1734 1846 887 718 1513 393 1298 760 
4269 4232 1029 450 717 326 9999 305 1172 1010 1499 712 815 1252 954 1320 1025 1004 657 1437 1568 561 395 1766 307 1017 1046 
4083 4051 1252 668 800 506 305 9999 907 729 1261 433 544 987 714 1111 1039 917 790 1247 1345 579 473 2015 612 803 1266 
3247 3222 2158 1574 1651 1411 1172 907 9999 204 389 475 363 81 247 373 1079 745 1225 540 506 936 1020 2921 1448 295 2170 
3450 3426 1973 1394 1453 1229 1010 729 204 9999 592 299 200 277 228 545 1093 782 1158 713 707 862 914 2742 1300 348 1985 
2859 2833 2510 1923 2029 1765 1499 1261 389 592 9999 841 728 323 548 243 1137 805 1411 308 133 1153 1276 3264 1751 490 2525 
3689 3660 1683 1100 1189 937 712 433 475 299 841 9999 113 555 313 723 979 729 935 877 937 643 656 2448 1004 431 1696 
3578 3550 1795 1211 1301 1048 815 544 363 200 728 113 9999 443 211 618 969 690 978 776 826 682 720 2559 1101 338 1808 
3176 3152 2238 1655 1729 1492 1252 987 81 277 323 555 443 9999 319 353 1122 784 1290 513 448 1005 1094 3002 1527 345 2250 
3380 3350 1963 1376 1495 1218 954 714 247 228 548 313 211 319 9999 410 870 554 980 566 632 690 775 2717 1218 133 1977 
2974 2943 2345 1758 1901 1606 1320 1111 373 545 243 723 618 353 410 9999 895 561 1175 168 256 928 1062 3085 1554 308 2361 
3458 3410 1954 1440 1742 1347 1025 1039 1079 1093 1137 979 969 1122 870 895 9999 341 467 883 1114 471 630 2586 1084 784 1977 
3303 3261 2012 1451 1694 1328 1004 917 745 782 805 729 690 784 554 561 341 9999 650 576 795 474 644 2702 1156 453 2032 
3914 3868 1499 1017 1356 952 657 790 1225 1158 1411 935 978 1290 980 1175 467 650 9999 1220 1425 296 319 2119 637 954 1523 
2838 2804 2465 1882 2044 1734 1437 1247 540 713 308 877 776 513 566 168 883 576 1220 9999 238 999 1148 3195 1652 450 2482 
2753 2725 2589 2002 2125 1846 1568 1345 506 707 133 937 826 448 632 256 1114 795 1425 238 9999 1183 1318 3335 1808 552 2604 
3777 3735 1543 995 1275 887 561 579 936 862 1153 643 682 1005 690 928 471 474 296 999 1183 9999 174 2228 682 677 1564 
3944 3903 1369 821 1112 718 395 473 1020 914 1276 656 720 1094 775 1062 630 644 319 1148 1318 174 9999 2061 513 789 1390 
6005 5963 776 1348 1388 1513 1766 2015 2921 2742 3264 2448 2559 3002 2717 3085 2586 2702 2119 3195 3335 2228 2061 9999 1549 2783 769 
4457 4416 871 398 774 393 307 612 1448 1300 1751 1004 1101 1527 1218 1554 1084 1156 637 1652 1808 682 513 1549 9999 1262 894 
3281 3249 2039 1452 1596 1298 1017 803 295 348 490 431 338 345 133 308 784 453 954 450 552 677 789 2783 1262 9999 2054 
5315 5278 27 603 631 760 1046 1266 2170 1985 2525 1696 1808 2250 1977 2361 1977 2032 1523 2482 2604 1564 1390 769 894 2054 9999 
