NAME: ds_808_courier_4849
TYPE: TSP
COMMENT: nil
DIMENSION: 37
EDGE_WEIGHT_TYPE: EXPLICIT
EDGE_WEIGHT_FORMAT: FULL_MATRIX
EDGE_WEIGHT_SECTION
9999 3069 3020 2995 3005 2928 3233 3567 3650 3589 3896 3556 3285 3496 3201 3120 3076 3872 3773 3458 3842 3534 3016 3017 3379 3084 2230 2418 2536 2806 3005 2614 2647 2747 3571 3499 2327 
3069 9999 292 407 136 142 356 585 593 531 878 498 331 609 957 708 423 917 811 450 1119 849 920 86 579 465 937 739 758 288 116 499 423 362 581 546 757 
3020 292 9999 116 167 284 214 548 764 705 1071 575 606 877 1243 993 709 1142 1039 687 1390 1134 1192 353 863 751 1028 851 929 445 189 620 437 293 814 799 799 
2995 407 116 9999 279 385 257 587 858 801 1167 650 722 991 1355 1105 821 1245 1144 797 1504 1250 1299 465 979 863 1073 908 1004 533 302 688 483 329 922 911 833 
3005 136 167 279 9999 129 297 589 691 629 988 552 465 743 1076 826 542 1038 933 573 1254 985 1026 186 714 584 930 741 794 304 23 501 365 262 704 675 723 
2928 142 284 385 129 9999 425 700 734 671 1014 635 440 717 978 728 451 1044 938 580 1217 932 914 119 666 492 814 620 665 176 113 379 282 235 709 666 621 
3233 356 214 257 297 425 9999 336 626 575 934 399 586 826 1292 1047 766 1030 934 611 1329 1107 1271 440 845 806 1221 1036 1090 601 312 797 638 503 725 732 1002 
3567 585 548 587 589 700 336 9999 468 446 739 217 650 797 1379 1157 906 873 797 578 1242 1091 1402 667 867 939 1514 1319 1341 869 596 1078 951 828 644 691 1312 
3650 593 764 858 691 734 626 468 9999 63 309 259 395 381 1018 839 669 413 330 227 774 658 1090 635 491 686 1464 1263 1213 845 682 1043 1014 949 207 284 1325 
3589 531 705 801 629 671 575 446 63 9999 366 230 343 368 996 806 621 456 366 185 797 656 1058 573 467 641 1406 1204 1159 783 620 983 952 887 202 265 1264 
3896 878 1071 1167 988 1014 934 739 309 366 9999 551 611 437 1036 922 840 168 175 441 586 605 1153 905 571 843 1680 1483 1402 1100 976 1283 1288 1239 325 402 1571 
3556 498 575 650 552 635 399 217 259 230 551 9999 464 582 1180 968 737 671 588 367 1027 876 1218 568 659 766 1431 1231 1223 784 551 995 911 813 427 476 1255 
3285 331 606 722 465 440 586 650 395 343 611 464 9999 279 732 507 281 613 507 176 788 530 754 322 261 305 1078 878 819 494 446 672 693 675 288 229 960 
3496 609 877 991 743 717 826 797 381 368 437 582 279 9999 642 491 420 377 283 224 513 295 732 598 134 415 1268 1077 977 749 724 901 958 952 174 106 1189 
3201 957 1243 1355 1076 978 1292 1379 1018 996 1036 1180 732 642 9999 250 535 912 862 819 683 444 186 890 529 493 1045 921 736 882 1054 889 1073 1157 815 735 1104 
3120 708 993 1105 826 728 1047 1157 839 806 922 968 507 491 250 9999 285 829 756 622 722 416 251 640 359 243 909 754 593 641 804 675 840 913 649 563 920 
3076 423 709 821 542 451 766 906 669 621 840 737 281 420 535 285 9999 797 701 443 837 526 507 356 306 42 848 658 562 395 520 498 608 654 521 439 780 
3872 917 1142 1245 1038 1044 1030 873 413 456 168 671 613 377 912 829 797 9999 106 466 418 469 1045 928 501 792 1645 1454 1352 1106 1024 1271 1306 1277 336 385 1561 
3773 811 1039 1144 933 938 934 797 330 366 175 588 507 283 862 756 701 106 9999 360 455 431 982 822 413 698 1548 1355 1260 1001 918 1169 1200 1170 230 280 1458 
3458 450 687 797 573 580 611 578 227 185 441 367 176 224 819 622 443 466 360 9999 718 518 874 467 293 459 1254 1054 993 659 558 845 849 811 131 122 1132 
3842 1119 1390 1504 1254 1217 1329 1242 774 797 586 1027 788 513 683 722 837 418 455 718 9999 316 857 1099 554 812 1627 1460 1313 1220 1234 1333 1434 1449 610 597 1608 
3534 849 1134 1250 985 932 1107 1091 658 656 605 876 530 295 444 416 526 469 431 518 316 9999 592 816 271 498 1314 1145 1001 916 964 1019 1130 1157 455 400 1292 
3016 920 1192 1299 1026 914 1271 1402 1090 1058 1153 1218 754 732 186 251 507 1045 982 874 857 592 9999 844 604 468 869 760 568 792 1004 761 964 1066 896 810 950 
3017 86 353 465 186 119 440 667 635 573 905 568 322 598 890 640 356 928 822 467 1099 816 844 9999 549 398 864 664 674 217 164 427 383 354 595 548 696 
3379 579 863 979 714 666 845 867 491 467 571 659 261 134 529 359 306 501 413 293 554 271 604 549 9999 294 1149 963 852 669 694 801 883 896 293 208 1086 
3084 465 751 863 584 492 806 939 686 641 843 766 305 415 493 243 42 792 698 459 812 498 468 398 294 9999 855 669 561 430 562 521 642 693 529 444 800 
2230 937 1028 1073 930 814 1221 1514 1464 1406 1680 1431 1078 1268 1045 909 848 1645 1548 1254 1627 1314 869 864 1149 855 9999 202 316 649 920 438 592 744 1356 1279 255 
2418 739 851 908 741 620 1036 1319 1263 1204 1483 1231 878 1077 921 754 658 1454 1355 1054 1460 1145 760 664 963 669 202 9999 198 451 729 241 427 580 1159 1083 196 
2536 758 929 1004 794 665 1090 1341 1213 1159 1402 1223 819 977 736 593 562 1352 1260 993 1313 1001 568 674 852 561 316 198 9999 490 778 320 546 692 1082 1000 393 
2806 288 445 533 304 176 601 869 845 783 1100 784 494 749 882 641 395 1106 1001 659 1220 916 792 217 669 430 649 451 490 9999 288 212 215 275 780 721 481 
3005 116 189 302 23 113 312 596 682 620 976 551 446 724 1054 804 520 1024 918 558 1234 964 1004 164 694 562 920 729 778 288 9999 489 362 268 689 658 717 
2614 499 620 688 501 379 797 1078 1043 983 1283 995 672 901 889 675 498 1271 1169 845 1333 1019 761 427 801 521 438 241 320 212 489 9999 229 372 958 890 290 
2647 423 437 483 365 282 638 951 1014 952 1288 911 693 958 1073 840 608 1306 1200 849 1434 1130 964 383 883 642 592 427 546 215 362 229 9999 154 975 922 364 
2747 362 293 329 262 235 503 828 949 887 1239 813 675 952 1157 913 654 1277 1170 811 1449 1157 1066 354 896 693 744 580 692 275 268 372 154 9999 941 900 508 
3571 581 814 922 704 709 725 644 207 202 325 427 288 174 815 649 521 336 230 131 610 455 896 595 293 529 1356 1159 1082 780 689 958 975 941 9999 88 1248 
3499 546 799 911 675 666 732 691 284 265 402 476 229 106 735 563 439 385 280 122 597 400 810 548 208 444 1279 1083 1000 721 658 890 922 900 88 9999 1180 
2327 757 799 833 723 621 1002 1312 1325 1264 1571 1255 960 1189 1104 920 780 1561 1458 1132 1608 1292 950 696 1086 800 255 196 393 481 717 290 364 508 1248 1180 9999 
