,0,1,2,3,4,5,6,7
0,0.0,3016.933013406029,3077.1263017444617,2774.639246434702,4386.1377461916745,2679.1973474818183,2968.403139225225,3877.6402852700244
1,3016.933013406029,0.0,210.3219959648481,349.2338726798918,5942.8904925378565,2611.2304217100677,2751.856743556793,860.7158080601579
2,3077.1263017444617,210.3219959648481,0.0,308.5348139082344,6126.147470576029,2810.955195376934,2956.743312991196,831.4252814303529
3,2774.639246434702,349.2338726798918,308.5348139082344,0.0,5947.194016945951,2693.506446193373,2864.2549308665007,1138.3476306375524
4,4386.1377461916745,5942.8904925378565,6126.147470576029,5947.194016945951,0.0,3414.754932148817,3391.7692256208747,6578.727307674152
5,2679.1973474818183,2611.2304217100677,2810.955195376934,2693.506446193373,3414.754932148817,0.0,290.51165211178125,3173.6955152898317
6,2968.403139225225,2751.856743556793,2956.743312991196,2864.2549308665007,3391.7692256208747,290.51165211178125,0.0,3252.3701321981534
7,3877.6402852700244,860.7158080601579,831.4252814303529,1138.3476306375524,6578.727307674152,3173.6955152898317,3252.3701321981534,0.0
