NAME: ds_721_courier_435
TYPE: TSP
COMMENT: nil
DIMENSION: 15
EDGE_WEIGHT_TYPE: EXPLICIT
EDGE_WEIGHT_FORMAT: FULL_MATRIX
EDGE_WEIGHT_SECTION
9999 1309 649 46 1030 1787 1397 284 995 1012 1261 1092 1683 957 755 
1309 9999 694 1271 809 750 490 1347 1784 1771 1758 1680 1083 1519 1459 
649 694 9999 618 519 1150 758 654 1163 1158 1239 1118 1142 949 832 
46 1271 618 9999 1017 1762 1370 313 1028 1043 1284 1117 1671 978 778 
1030 809 519 1017 9999 851 519 890 1050 1029 958 902 655 755 760 
1787 750 1150 1762 851 9999 392 1711 1870 1843 1688 1684 561 1564 1604 
1397 490 758 1370 519 392 9999 1332 1568 1546 1447 1411 593 1271 1276 
284 1347 654 313 890 1711 1332 9999 717 731 979 809 1523 678 473 
995 1784 1163 1028 1050 1870 1568 717 9999 37 384 242 1475 306 331 
1012 1771 1158 1043 1029 1843 1546 731 37 9999 347 205 1443 279 326 
1261 1758 1239 1284 958 1688 1447 979 384 347 9999 174 1220 312 506 
1092 1680 1118 1117 902 1684 1411 809 242 205 174 9999 1257 169 340 
1683 1083 1142 1671 655 561 593 1523 1475 1443 1220 1257 9999 1174 1273 
957 1519 949 978 755 1564 1271 678 306 279 312 169 1174 9999 207 
755 1459 832 778 760 1604 1276 473 331 326 506 340 1273 207 9999 
