NAME: ds_927_courier_1103
TYPE: TSP
COMMENT: nil
DIMENSION: 24
EDGE_WEIGHT_TYPE: EXPLICIT
EDGE_WEIGHT_FORMAT: FULL_MATRIX
EDGE_WEIGHT_SECTION
9999 3465 2522 3390 3581 3425 2162 2320 2235 2260 2244 2173 2213 2270 1824 2017 2184 2015 2154 936 513 696 510 4290 
3465 9999 1295 886 919 926 2320 2498 2623 2687 2740 2844 3132 3209 2085 2325 2110 1919 1932 3646 3553 3414 3407 6927 
2522 1295 9999 877 1066 907 1027 1221 1337 1403 1454 1553 1841 1920 837 1030 816 647 638 2987 2763 2701 2629 5638 
3390 886 877 9999 191 51 1738 1853 1996 2051 2107 2227 2506 2573 1692 1792 1552 1492 1430 3791 3602 3518 3464 6365 
3581 919 1066 191 9999 160 1897 1999 2144 2197 2252 2375 2651 2714 1875 1959 1718 1674 1605 3978 3791 3706 3653 6512 
3425 926 907 51 160 9999 1746 1855 1999 2054 2109 2230 2508 2573 1715 1805 1563 1514 1447 3834 3641 3559 3504 6369 
2162 2320 1027 1738 1897 1746 9999 253 321 389 434 526 813 894 520 148 213 514 412 2898 2560 2592 2460 4638 
2320 2498 1221 1853 1999 1855 253 9999 150 199 254 378 653 722 770 375 438 762 644 3094 2742 2788 2649 4514 
2235 2623 1337 1996 2144 1999 321 150 9999 69 116 231 513 587 800 397 531 829 732 3035 2672 2730 2584 4369 
2260 2687 1403 2051 2197 2054 389 199 69 9999 55 183 455 525 865 463 599 897 801 3071 2703 2767 2618 4315 
2244 2740 1454 2107 2252 2109 434 254 116 55 9999 129 400 472 895 497 646 936 846 3063 2692 2760 2609 4260 
2173 2844 1553 2227 2375 2230 526 378 231 183 129 9999 288 368 941 560 739 1006 932 3012 2633 2711 2556 4138 
2213 3132 1841 2506 2651 2508 813 653 513 455 400 288 9999 88 1200 837 1026 1283 1217 3092 2696 2797 2632 3861 
2270 3209 1920 2573 2714 2573 894 722 587 525 472 368 88 9999 1287 922 1106 1368 1300 3157 2758 2864 2697 3799 
1824 2085 837 1692 1875 1715 520 770 800 865 895 941 1200 1287 9999 404 413 203 330 2465 2162 2161 2047 4850 
2017 2325 1030 1792 1959 1805 148 375 397 463 497 560 837 922 404 9999 242 447 393 2750 2412 2443 2311 4611 
2184 2110 816 1552 1718 1563 213 438 531 599 646 739 1026 1106 413 242 9999 337 205 2868 2551 2562 2442 4839 
2015 1919 647 1492 1674 1514 514 762 829 897 936 1006 1283 1368 203 447 337 9999 168 2624 2336 2322 2217 5008 
2154 1932 638 1430 1605 1447 412 644 732 801 846 932 1217 1300 330 393 205 168 9999 2785 2490 2482 2373 5001 
936 3646 2987 3791 3978 3834 2898 3094 3035 3071 3063 3012 3092 3157 2465 2750 2868 2624 2785 9999 424 307 460 5044 
513 3553 2763 3602 3791 3641 2560 2742 2672 2703 2692 2633 2696 2758 2162 2412 2551 2336 2490 424 9999 244 146 4684 
696 3414 2701 3518 3706 3559 2592 2788 2730 2767 2760 2711 2797 2864 2161 2443 2562 2322 2482 307 244 9999 186 4923 
510 3407 2629 3464 3653 3504 2460 2649 2584 2618 2609 2556 2632 2697 2047 2311 2442 2217 2373 460 146 186 9999 4755 
4290 6927 5638 6365 6512 6369 4638 4514 4369 4315 4260 4138 3861 3799 4850 4611 4839 5008 5001 5044 4684 4923 4755 9999 
