NAME: ds_715_courier_949
TYPE: TSP
COMMENT: nil
DIMENSION: 15
EDGE_WEIGHT_TYPE: EXPLICIT
EDGE_WEIGHT_FORMAT: FULL_MATRIX
EDGE_WEIGHT_SECTION
9999 2671 1963 3941 3687 2600 2118 2452 3960 4076 4125 4135 4193 3524 3262 
2671 9999 749 1813 1478 105 569 469 1919 2132 1961 1969 2224 1158 759 
1963 749 9999 2422 2102 661 186 504 2502 2690 2589 2598 2795 1827 1465 
3941 1813 2422 9999 335 1916 2245 2282 156 383 184 195 438 684 1094 
3687 1478 2102 335 9999 1582 1922 1947 459 689 488 497 764 357 761 
2600 105 661 1916 1582 9999 487 366 2020 2232 2065 2073 2326 1263 864 
2118 569 186 2245 1922 487 9999 413 2328 2521 2410 2419 2624 1643 1279 
2452 469 504 2282 1947 366 413 9999 2386 2598 2430 2438 2692 1624 1220 
3960 1919 2502 156 459 2020 2328 2386 9999 233 236 244 307 815 1218 
4076 2132 2690 383 689 2232 2521 2598 233 9999 380 383 117 1046 1446 
4125 1961 2589 184 488 2065 2410 2430 236 380 9999 10 382 812 1225 
4135 1969 2598 195 497 2073 2419 2438 244 383 10 9999 382 819 1232 
4193 2224 2795 438 764 2326 2624 2692 307 117 382 382 9999 1118 1524 
3524 1158 1827 684 357 1263 1643 1624 815 1046 812 819 1118 9999 413 
3262 759 1465 1094 761 864 1279 1220 1218 1446 1225 1232 1524 413 9999 
