NAME: ds_720_courier_2688
TYPE: TSP
COMMENT: nil
DIMENSION: 23
EDGE_WEIGHT_TYPE: EXPLICIT
EDGE_WEIGHT_FORMAT: FULL_MATRIX
EDGE_WEIGHT_SECTION
9999 6080 2290 3931 4272 5282 5345 4265 4367 4075 4772 4965 3439 3225 2907 2914 3253 3248 3264 3085 2583 3400 2658 
6080 9999 3829 2153 1814 859 752 1844 1860 2050 1370 1174 2789 3021 3290 3329 2881 2880 2823 3005 3538 2684 3439 
2290 3829 9999 1679 2016 3009 3083 1992 2078 1795 2493 2689 1157 959 637 674 965 961 1013 830 294 1153 399 
3931 2153 1679 9999 341 1357 1413 364 636 272 864 1047 787 990 1188 1253 760 754 670 852 1391 532 1286 
4272 1814 2016 341 9999 1018 1073 148 490 309 541 713 1049 1271 1501 1556 1079 1076 1010 1191 1726 872 1625 
5282 859 3009 1357 1018 9999 165 1018 1001 1215 519 322 1937 2170 2447 2481 2049 2051 2019 2198 2715 1884 2627 
5345 752 3083 1413 1073 165 9999 1093 1120 1299 622 429 2038 2270 2538 2577 2131 2131 2082 2263 2791 1945 2695 
4265 1844 1992 364 148 1018 1093 9999 346 212 509 699 969 1197 1448 1494 1037 1037 1005 1181 1699 872 1609 
4367 1860 2078 636 490 1001 1120 346 9999 371 503 691 953 1184 1479 1500 1116 1123 1162 1319 1785 1050 1720 
4075 2050 1795 272 309 1215 1299 212 371 9999 698 894 757 985 1240 1283 834 835 826 997 1501 702 1418 
4772 1370 2493 864 541 519 622 509 503 698 9999 198 1420 1652 1928 1963 1531 1533 1513 1689 2199 1381 2114 
4965 1174 2689 1047 713 322 429 699 691 894 198 9999 1617 1850 2126 2160 1728 1729 1704 1881 2395 1570 2308 
3439 2789 1157 787 1049 1937 2038 969 953 757 1420 1617 9999 232 533 547 302 322 538 576 875 552 851 
3225 3021 959 990 1271 2170 2270 1197 1184 985 1652 1850 232 9999 322 318 322 343 584 546 692 649 699 
2907 3290 637 1188 1501 2447 2538 1448 1479 1240 1928 2126 533 322 9999 111 429 437 616 484 379 732 423 
2914 3329 674 1253 1556 2481 2577 1494 1500 1283 1963 2160 547 318 111 9999 502 514 711 590 448 820 516 
3253 2881 965 760 1079 2049 2131 1037 1116 834 1531 1728 302 322 429 502 9999 22 263 274 671 333 607 
3248 2880 961 754 1076 2051 2131 1037 1123 835 1533 1729 322 343 437 514 22 9999 242 255 667 316 598 
3264 2823 1013 670 1010 2019 2082 1005 1162 826 1513 1704 538 584 616 711 263 242 9999 183 731 140 617 
3085 3005 830 852 1191 2198 2263 1181 1319 997 1689 1881 576 546 484 590 274 255 183 9999 549 323 434 
2583 3538 294 1391 1726 2715 2791 1699 1785 1501 2199 2395 875 692 379 448 671 667 731 549 9999 870 154 
3400 2684 1153 532 872 1884 1945 872 1050 702 1381 1570 552 649 732 820 333 316 140 323 870 9999 757 
2658 3439 399 1286 1625 2627 2695 1609 1720 1418 2114 2308 851 699 423 516 607 598 617 434 154 757 9999 
