NAME: ds_618_courier_1177
TYPE: TSP
COMMENT: nil
DIMENSION: 11
EDGE_WEIGHT_TYPE: EXPLICIT
EDGE_WEIGHT_FORMAT: FULL_MATRIX
EDGE_WEIGHT_SECTION
9999 4137 2649 1677 1622 1618 801 1320 1350 335 1540 
4137 9999 1508 2564 2526 2519 3343 3121 3104 4348 3717 
2649 1508 9999 1060 1027 1044 1849 1629 1615 2882 2287 
1677 2564 1060 9999 306 466 895 580 570 1956 1309 
1622 2526 1027 306 9999 160 822 772 773 1866 1541 
1618 2519 1044 466 160 9999 829 900 904 1839 1673 
801 3343 1849 895 822 829 9999 704 732 1062 1290 
1320 3121 1629 580 772 900 704 9999 30 1641 773 
1350 3104 1615 570 773 904 732 30 9999 1670 769 
335 4348 2882 1956 1866 1839 1062 1641 1670 9999 1870 
1540 3717 2287 1309 1541 1673 1290 773 769 1870 9999 
