NAME: ds_722_courier_949
TYPE: TSP
COMMENT: nil
DIMENSION: 18
EDGE_WEIGHT_TYPE: EXPLICIT
EDGE_WEIGHT_FORMAT: FULL_MATRIX
EDGE_WEIGHT_SECTION
9999 2790 2308 2620 2421 2023 2163 3923 3976 2914 3156 3889 4191 4178 4117 3582 3726 3684 
2790 9999 649 412 745 882 660 1724 1641 520 956 1756 2135 1990 1892 1681 1799 1241 
2308 649 9999 322 217 286 243 2332 2270 1084 1516 2353 2730 2604 2509 2223 2355 1876 
2620 412 322 9999 343 606 475 2136 2050 918 1358 2167 2546 2402 2303 2082 2204 1649 
2421 745 217 343 9999 423 458 2465 2387 1229 1668 2492 2871 2733 2635 2385 2512 1987 
2023 882 286 606 423 9999 251 2490 2448 1247 1656 2501 2874 2765 2674 2335 2473 2065 
2163 660 243 475 458 251 9999 2239 2197 996 1405 2250 2623 2514 2423 2088 2225 1817 
3923 1724 2332 2136 2465 2490 2239 9999 218 1249 839 97 420 275 195 448 381 536 
3976 1641 2270 2050 2387 2448 2197 218 9999 1202 835 314 584 379 275 632 590 404 
2914 520 1084 918 1229 1247 996 1249 1202 9999 441 1268 1646 1522 1429 1164 1286 828 
3156 956 1516 1358 1668 1656 1405 839 835 441 9999 845 1218 1114 1028 725 846 538 
3889 1756 2353 2167 2492 2501 2250 97 314 1268 845 9999 379 290 239 368 287 601 
4191 2135 2730 2546 2871 2874 2623 420 584 1646 1218 379 9999 229 319 609 466 954 
4178 1990 2604 2402 2733 2765 2514 275 379 1522 1114 290 229 9999 104 630 511 772 
4117 1892 2509 2303 2635 2674 2423 195 275 1429 1028 239 319 104 9999 603 502 669 
3582 1681 2223 2082 2385 2335 2088 448 632 1164 725 368 609 630 603 9999 147 747 
3726 1799 2355 2204 2512 2473 2225 381 590 1286 846 287 466 511 502 147 9999 784 
3684 1241 1876 1649 1987 2065 1817 536 404 828 538 601 954 772 669 747 784 9999 
