NAME: ds_703_courier_4849
TYPE: TSP
COMMENT: nil
DIMENSION: 17
EDGE_WEIGHT_TYPE: EXPLICIT
EDGE_WEIGHT_FORMAT: FULL_MATRIX
EDGE_WEIGHT_SECTION
9999 2948 3345 2992 3206 3093 3149 3553 3686 3563 3519 2612 3432 2984 2627 2533 2944 
2948 9999 452 383 381 623 866 976 739 615 585 553 649 57 322 590 28 
3345 452 9999 716 157 494 703 616 389 300 415 993 243 447 738 1037 470 
2992 383 716 9999 712 1002 1247 1311 843 726 598 389 952 338 533 464 355 
3206 381 157 712 9999 363 593 602 546 452 543 934 270 397 624 968 406 
3093 623 494 1002 363 9999 245 476 861 790 903 1124 400 664 715 1135 651 
3149 866 703 1247 593 245 9999 426 1039 987 1118 1351 544 908 926 1356 895 
3553 976 616 1311 602 476 426 9999 811 809 981 1523 374 997 1155 1548 1002 
3686 739 389 843 546 861 1039 811 9999 125 264 1202 497 709 1059 1263 746 
3563 615 300 726 452 790 987 809 125 9999 183 1079 462 584 935 1139 621 
3519 585 415 598 543 903 1118 981 264 183 9999 974 620 541 905 1041 583 
2612 553 993 389 934 1124 1351 1523 1202 1079 974 9999 1201 546 442 80 530 
3432 649 243 952 270 400 544 374 497 462 620 1201 9999 658 888 1237 672 
2984 57 447 338 397 664 908 997 709 584 541 546 658 9999 364 590 43 
2627 322 738 533 624 715 926 1155 1059 935 905 442 888 364 9999 433 322 
2533 590 1037 464 968 1135 1356 1548 1263 1139 1041 80 1237 590 433 9999 569 
2944 28 470 355 406 651 895 1002 746 621 583 530 672 43 322 569 9999 
