NAME: ds_702_courier_949
TYPE: TSP
COMMENT: nil
DIMENSION: 20
EDGE_WEIGHT_TYPE: EXPLICIT
EDGE_WEIGHT_FORMAT: FULL_MATRIX
EDGE_WEIGHT_SECTION
9999 2098 2168 2567 2526 3983 3223 2900 2765 4114 4062 3945 3162 3039 2970 2929 3180 2910 3122 3341 
2098 9999 128 476 433 2332 1349 969 761 2673 2481 2279 1652 1599 1422 1223 1450 1042 1636 1656 
2168 128 9999 448 405 2205 1226 848 647 2545 2353 2152 1525 1473 1296 1094 1322 917 1509 1528 
2567 476 448 9999 44 2161 1134 775 539 2571 2332 2104 1612 1599 1399 1148 1321 889 1609 1526 
2526 433 405 44 9999 2165 1140 775 538 2569 2334 2108 1602 1585 1387 1139 1318 886 1598 1524 
3983 2332 2205 2161 2165 9999 1027 1394 1630 527 198 59 822 953 1016 1126 884 1298 864 682 
3223 1349 1226 1134 1140 1027 9999 381 610 1462 1202 969 669 744 575 377 289 321 694 442 
2900 969 848 775 775 1394 381 9999 237 1796 1560 1338 870 889 686 417 548 129 877 751 
2765 761 647 539 538 1630 610 237 9999 2032 1797 1573 1086 1088 886 623 782 351 1088 987 
4114 2673 2545 2571 2569 527 1462 1796 2032 9999 336 579 1033 1121 1262 1453 1251 1683 1058 1045 
4062 2481 2353 2332 2334 198 1202 1560 1797 336 9999 255 906 1024 1120 1262 1032 1457 943 825 
3945 2279 2152 2104 2108 59 969 1338 1573 579 255 9999 788 922 975 1076 832 1243 831 633 
3162 1652 1525 1612 1602 822 669 870 1086 1033 906 788 9999 141 230 464 379 742 47 313 
3039 1599 1473 1599 1585 953 744 889 1088 1121 1024 922 141 9999 203 472 462 760 94 442 
2970 1422 1296 1399 1387 1016 575 686 886 1262 1120 975 230 203 9999 269 318 557 214 389 
2929 1223 1094 1148 1139 1126 377 417 623 1453 1262 1076 464 472 269 9999 253 288 465 444 
3180 1450 1322 1321 1318 884 289 548 782 1251 1032 832 379 462 318 253 9999 432 406 208 
2910 1042 917 889 886 1298 321 129 351 1683 1457 1243 742 760 557 288 432 9999 748 639 
3122 1636 1509 1609 1598 864 694 877 1088 1058 943 831 47 94 214 465 406 748 9999 356 
3341 1656 1528 1526 1524 682 442 751 987 1045 825 633 313 442 389 444 208 639 356 9999 
