NAME: ds_930_courier_2688
TYPE: TSP
COMMENT: nil
DIMENSION: 18
EDGE_WEIGHT_TYPE: EXPLICIT
EDGE_WEIGHT_FORMAT: FULL_MATRIX
EDGE_WEIGHT_SECTION
9999 4939 4655 4924 5076 4037 4013 4295 4232 2950 2727 3382 3346 3237 3266 3084 3083 3265 
4939 9999 304 18 170 939 929 644 887 2025 2213 1560 1609 1791 1745 1882 1856 1685 
4655 304 9999 286 421 637 643 371 596 1729 1927 1273 1315 1489 1444 1587 1574 1394 
4924 18 286 9999 177 922 913 629 869 2008 2198 1545 1593 1774 1728 1866 1841 1669 
5076 170 421 177 9999 1053 1063 785 957 2148 2349 1694 1736 1902 1858 2007 1995 1815 
4037 939 637 922 1053 9999 175 350 309 1096 1315 667 692 852 806 957 978 774 
4013 929 643 913 1063 175 9999 288 471 1101 1286 632 682 894 842 957 932 757 
4295 644 371 629 785 350 288 9999 494 1389 1570 918 970 1175 1125 1245 1212 1045 
4232 887 596 869 957 309 471 494 9999 1283 1536 917 916 999 966 1155 1225 1001 
2950 2025 1729 2008 2148 1096 1101 1389 1283 9999 305 491 420 311 325 144 331 353 
2727 2213 1927 2198 2349 1315 1286 1570 1536 305 9999 654 625 610 612 392 364 541 
3382 1560 1273 1545 1694 667 632 918 917 491 654 9999 105 402 345 348 311 138 
3346 1609 1315 1593 1736 692 682 970 916 420 625 105 9999 296 239 275 319 85 
3237 1791 1489 1774 1902 852 894 1175 999 311 610 402 296 9999 58 236 468 298 
3266 1745 1444 1728 1858 806 842 1125 966 325 612 345 239 58 9999 225 435 248 
3084 1882 1587 1866 2007 957 957 1245 1155 144 392 348 275 236 225 9999 256 210 
3083 1856 1574 1841 1995 978 932 1212 1225 331 364 311 319 468 435 256 9999 238 
3265 1685 1394 1669 1815 774 757 1045 1001 353 541 138 85 298 248 210 238 9999 
