NAME: ds_812_courier_3156
TYPE: TSP
COMMENT: nil
DIMENSION: 16
EDGE_WEIGHT_TYPE: EXPLICIT
EDGE_WEIGHT_FORMAT: FULL_MATRIX
EDGE_WEIGHT_SECTION
9999 2456 2572 3013 3672 3154 3431 3154 3680 3262 3279 2966 2834 3658 3337 3110 
2456 9999 135 563 1626 1438 1061 1817 1590 1240 1308 662 446 1738 1791 1703 
2572 135 9999 442 1500 1341 927 1741 1462 1122 1193 530 311 1619 1698 1625 
3013 563 442 9999 1280 1310 557 1776 1224 985 1068 381 250 1446 1667 1658 
3672 1626 1500 1280 9999 609 805 997 82 421 393 977 1211 223 745 920 
3154 1438 1341 1310 609 9999 1056 494 659 401 331 931 1134 516 361 384 
3431 1061 927 557 805 1056 9999 1550 734 658 738 467 621 1006 1371 1439 
3154 1817 1741 1776 997 494 1550 9999 1067 893 818 1396 1578 819 269 119 
3680 1590 1462 1224 82 659 734 1067 9999 419 408 935 1167 305 819 986 
3262 1240 1122 985 421 401 658 893 419 9999 85 629 858 498 717 785 
3279 1308 1193 1068 393 331 738 818 408 85 9999 708 935 435 635 712 
2966 662 530 381 977 931 467 1396 935 629 708 9999 234 1114 1290 1277 
2834 446 311 250 1211 1134 621 1578 1167 858 935 234 9999 1347 1495 1460 
3658 1738 1619 1446 223 516 1006 819 305 498 435 1114 1347 9999 554 757 
3337 1791 1698 1667 745 361 1371 269 819 717 635 1290 1495 554 9999 242 
3110 1703 1625 1658 920 384 1439 119 986 785 712 1277 1460 757 242 9999 
