NAME: ds_715_courier_487
TYPE: TSP
COMMENT: nil
DIMENSION: 11
EDGE_WEIGHT_TYPE: EXPLICIT
EDGE_WEIGHT_FORMAT: FULL_MATRIX
EDGE_WEIGHT_SECTION
9999 3767 3741 3173 3128 3058 2864 2783 2982 3550 3621 
3767 9999 296 685 641 745 937 1030 2741 5259 269 
3741 296 9999 835 651 843 1013 1110 2492 5037 136 
3173 685 835 9999 363 152 317 390 2694 5062 704 
3128 641 651 363 9999 265 381 474 2354 4771 517 
3058 745 843 152 265 9999 196 286 2553 4910 707 
2864 937 1013 317 381 196 9999 97 2496 4797 877 
2783 1030 1110 390 474 286 97 9999 2515 4781 974 
2982 2741 2492 2694 2354 2553 2496 2515 9999 2591 2473 
3550 5259 5037 5062 4771 4910 4797 4781 2591 9999 4998 
3621 269 136 704 517 707 877 974 2473 4998 9999 
