NAME: ds_1002_courier_4849
TYPE: TSP
COMMENT: nil
DIMENSION: 23
EDGE_WEIGHT_TYPE: EXPLICIT
EDGE_WEIGHT_FORMAT: FULL_MATRIX
EDGE_WEIGHT_SECTION
9999 2964 3304 3619 3172 3191 3306 3568 3821 2878 1996 2325 2450 2225 2268 2544 2806 2641 3518 2680 2364 1927 3464 
2964 9999 348 671 459 428 688 745 901 125 970 737 597 875 701 474 165 326 675 527 704 1063 750 
3304 348 9999 323 528 476 711 605 558 459 1307 1029 890 1161 1047 776 499 673 536 826 1044 1411 532 
3619 671 323 9999 751 699 872 645 248 780 1624 1323 1186 1448 1369 1080 818 995 595 1130 1364 1733 485 
3172 459 528 751 9999 54 229 396 995 428 1239 1124 995 1264 944 873 577 634 349 497 808 1248 1059 
3191 428 476 699 54 9999 264 381 943 410 1246 1113 981 1253 952 858 556 628 327 524 829 1265 1007 
3306 688 711 872 229 264 9999 326 1101 654 1419 1339 1214 1478 1126 1093 804 846 323 634 954 1399 1241 
3568 745 605 645 396 381 326 9999 842 765 1626 1470 1334 1611 1332 1210 898 998 72 890 1204 1643 1087 
3821 901 558 248 995 943 1101 842 9999 1016 1832 1505 1374 1622 1590 1276 1039 1220 803 1376 1602 1957 487 
2878 125 459 780 428 410 654 765 1016 9999 890 706 572 847 610 449 151 242 700 403 585 964 874 
1996 970 1307 1624 1239 1246 1419 1626 1832 890 9999 414 496 408 295 564 809 650 1567 800 506 245 1521 
2325 737 1029 1323 1124 1113 1339 1470 1505 706 414 9999 141 140 396 262 575 494 1403 819 650 640 1144 
2450 597 890 1186 995 981 1214 1334 1374 572 496 141 9999 279 386 124 436 374 1266 727 608 694 1030 
2225 875 1161 1448 1264 1253 1478 1611 1622 847 408 140 279 9999 483 402 714 632 1543 944 746 651 1239 
2268 701 1047 1369 944 952 1126 1332 1590 610 295 396 386 483 9999 386 551 375 1274 516 264 368 1328 
2544 474 776 1080 873 858 1093 1210 1276 449 564 262 124 402 386 9999 313 262 1142 634 565 732 961 
2806 165 499 818 577 556 804 898 1039 151 809 575 436 714 551 313 9999 184 830 492 594 918 823 
2641 326 673 995 634 628 846 998 1220 242 650 494 374 632 375 262 184 9999 934 384 416 738 1001 
3518 675 536 595 349 327 323 72 803 700 1567 1403 1266 1543 1274 1142 830 934 9999 846 1155 1592 1026 
2680 527 826 1130 497 524 634 890 1376 403 800 819 727 944 516 634 492 384 846 9999 320 765 1277 
2364 704 1044 1364 808 829 954 1204 1602 585 506 650 608 746 264 565 594 416 1155 320 9999 445 1416 
1927 1063 1411 1733 1248 1265 1399 1643 1957 964 245 640 694 651 368 732 918 738 1592 765 445 9999 1690 
3464 750 532 485 1059 1007 1241 1087 487 874 1521 1144 1030 1239 1328 961 823 1001 1026 1277 1416 1690 9999 
