NAME: ds_615_courier_1103
TYPE: TSP
COMMENT: nil
DIMENSION: 22
EDGE_WEIGHT_TYPE: EXPLICIT
EDGE_WEIGHT_FORMAT: FULL_MATRIX
EDGE_WEIGHT_SECTION
9999 3718 3407 1848 2913 3108 3226 2274 2166 2191 2150 2139 2047 2257 2051 677 305 779 287 479 4404 139 
3718 9999 691 2058 820 616 494 2870 2160 2347 2484 1947 1847 1949 2089 4046 3611 4156 4000 4146 6987 3654 
3407 691 9999 1998 852 714 576 3023 2258 2470 2602 1998 1815 2051 2133 3637 3253 3739 3677 3795 7045 3323 
1848 2058 1998 9999 1249 1454 1604 1195 520 702 785 329 216 475 324 2365 1853 2484 2133 2322 5051 1830 
2913 820 852 1249 9999 205 356 2181 1426 1632 1767 1181 1043 1215 1321 3278 2823 3392 3198 3351 6247 2855 
3108 616 714 1454 205 9999 160 2358 1612 1814 1950 1375 1246 1401 1517 3459 3011 3571 3392 3542 6439 3047 
3226 494 576 1604 356 160 9999 2518 1772 1974 2110 1534 1399 1561 1675 3555 3118 3666 3507 3652 6599 3160 
2274 2870 3023 1195 2181 2358 2518 9999 771 555 429 1046 1286 972 931 2933 2431 3044 2503 2724 4128 2329 
2166 2160 2258 520 1426 1612 1772 771 9999 218 345 279 538 212 197 2749 2228 2868 2439 2644 4831 2175 
2191 2347 2470 702 1632 1814 1974 555 218 9999 137 496 750 418 397 2802 2282 2919 2454 2666 4640 2214 
2150 2484 2602 785 1767 1950 2110 429 345 137 9999 617 859 552 503 2775 2258 2891 2406 2620 4503 2181 
2139 1947 1998 329 1181 1375 1534 1046 279 496 617 9999 269 150 142 2679 2163 2799 2421 2616 5066 2131 
2047 1847 1815 216 1043 1246 1399 1286 538 750 859 269 9999 408 356 2542 2036 2661 2333 2517 5230 2022 
2257 1949 2051 475 1215 1401 1561 972 212 418 552 150 408 9999 207 2810 2293 2930 2536 2735 5043 2254 
2051 2089 2133 324 1321 1517 1675 931 197 397 503 142 356 207 9999 2611 2092 2730 2329 2529 4925 2050 
677 4046 3637 2365 3278 3459 3555 2933 2749 2802 2775 2679 2542 2810 2611 9999 521 120 561 414 4843 604 
305 3611 3253 1853 2823 3011 3118 2431 2228 2282 2258 2163 2036 2293 2092 521 9999 639 459 542 4708 167 
779 4156 3739 2484 3392 3571 3666 3044 2868 2919 2891 2799 2661 2930 2730 120 639 9999 631 453 4864 715 
287 4000 3677 2133 3198 3392 3507 2503 2439 2454 2406 2421 2333 2536 2329 561 459 631 9999 221 4328 354 
479 4146 3795 2322 3351 3542 3652 2724 2644 2666 2620 2616 2517 2735 2529 414 542 453 221 9999 4429 499 
4404 6987 7045 5051 6247 6439 6599 4128 4831 4640 4503 5066 5230 5043 4925 4843 4708 4864 4328 4429 9999 4543 
139 3654 3323 1830 2855 3047 3160 2329 2175 2214 2181 2131 2022 2254 2050 604 167 715 354 499 4543 9999 
