NAME: ds_1002_courier_75
TYPE: TSP
COMMENT: nil
DIMENSION: 17
EDGE_WEIGHT_TYPE: EXPLICIT
EDGE_WEIGHT_FORMAT: FULL_MATRIX
EDGE_WEIGHT_SECTION
9999 1896 2403 2623 230 194 1103 787 1018 1251 1455 1766 1557 1256 1250 3952 313 
1896 9999 667 1091 1816 1703 803 1189 1076 1058 1242 1075 457 649 657 2618 1590 
2403 667 9999 465 2278 2218 1314 1784 1711 1721 1908 1718 1120 1240 1251 2868 2117 
2623 1091 465 9999 2466 2450 1593 2097 2065 2112 2325 2162 1523 1576 1588 3278 2363 
230 1816 2278 2466 9999 250 1013 807 1053 1304 1540 1821 1520 1198 1194 4002 345 
194 1703 2218 2450 250 9999 912 602 839 1081 1303 1598 1364 1062 1056 3784 121 
1103 803 1314 1593 1013 912 9999 514 569 751 1048 1140 571 238 241 3178 806 
787 1189 1784 2097 807 602 514 9999 247 504 771 1018 794 548 538 3195 481 
1018 1076 1711 2065 1053 839 569 247 9999 259 541 771 638 491 479 2949 721 
1251 1058 1721 2112 1304 1081 751 504 259 9999 299 518 601 600 588 2703 966 
1455 1242 1908 2325 1540 1303 1048 771 541 299 9999 367 803 880 869 2511 1195 
1766 1075 1718 2162 1821 1598 1140 1018 771 518 367 9999 712 924 915 2186 1484 
1557 457 1120 1523 1520 1364 571 794 638 601 803 712 9999 338 338 2612 1244 
1256 649 1240 1576 1198 1062 238 548 491 600 880 924 338 9999 12 2940 946 
1250 657 1251 1588 1194 1056 241 538 479 588 869 915 338 12 9999 2937 940 
3952 2618 2868 3278 4002 3784 3178 3195 2949 2703 2511 2186 2612 2940 2937 9999 3668 
313 1590 2117 2363 345 121 806 481 721 966 1195 1484 1244 946 940 3668 9999 
