NAME: ds_922_courier_1520
TYPE: TSP
COMMENT: nil
DIMENSION: 31
EDGE_WEIGHT_TYPE: EXPLICIT
EDGE_WEIGHT_FORMAT: FULL_MATRIX
EDGE_WEIGHT_SECTION
9999 80 1512 1344 736 1005 955 151 1393 1472 100 1287 710 826 1759 778 447 1879 1290 252 1681 514 584 546 1209 425 1213 1596 1603 1066 1533 
80 9999 1435 1264 656 935 977 170 1317 1392 179 1211 703 746 1679 707 367 1806 1212 215 1609 533 511 495 1129 345 1141 1526 1525 986 1457 
1512 1435 9999 587 841 567 2159 1472 119 404 1612 895 1764 794 735 1089 1104 405 769 1321 263 1799 1123 1364 666 1099 362 298 113 598 38 
1344 1264 587 9999 614 769 1749 1365 539 219 1440 313 1357 519 418 676 897 949 187 1238 847 1468 801 1000 147 930 702 876 577 294 625 
736 656 841 614 9999 513 1328 751 726 737 834 633 939 98 1032 342 290 1239 596 627 1060 959 289 534 489 317 641 1009 913 330 870 
1005 935 567 769 513 9999 1792 938 460 740 1100 967 1418 539 1121 852 670 886 871 785 685 1382 784 1019 731 638 217 592 677 538 576 
955 977 2159 1749 1328 1792 9999 1103 2048 1950 918 1523 397 1365 2086 1086 1123 2562 1603 1192 2387 444 1040 796 1605 1163 1960 2336 2217 1576 2190 
151 170 1472 1365 751 938 1103 9999 1355 1473 199 1341 860 846 1782 854 477 1823 1331 153 1622 664 655 663 1237 435 1153 1530 1569 1077 1490 
1393 1317 119 539 726 460 2048 1355 9999 391 1493 835 1654 684 755 986 986 514 711 1204 349 1684 1010 1253 596 981 268 344 218 502 144 
1472 1392 404 219 737 740 1950 1473 391 9999 1571 528 1555 654 383 867 1027 737 405 1335 654 1647 967 1183 349 1048 615 701 371 410 440 
100 179 1612 1440 834 1100 918 199 1493 1571 9999 1374 712 923 1854 859 544 1977 1381 332 1779 488 670 604 1303 524 1310 1692 1703 1164 1632 
1287 1211 895 313 633 967 1523 1341 835 528 1374 9999 1146 539 563 525 865 1262 126 1239 1157 1300 704 843 248 917 954 1178 890 429 933 
710 703 1764 1357 939 1418 397 860 1654 1555 712 1146 9999 970 1706 690 759 2168 1217 908 1995 270 649 405 1212 807 1576 1948 1821 1179 1796 
826 746 794 519 98 539 1365 846 684 654 923 539 970 9999 937 322 379 1197 497 725 1026 1015 331 570 391 411 636 987 857 244 825 
1759 1679 735 418 1032 1121 2086 1782 755 383 1854 563 1706 937 9999 1055 1314 959 495 1655 944 1847 1203 1382 551 1348 996 1022 660 710 765 
778 707 1089 676 342 852 1086 854 986 867 859 525 690 322 1055 9999 408 1494 560 779 1333 795 200 328 529 473 958 1303 1138 494 1123 
447 367 1104 897 290 670 1123 477 986 1027 544 865 759 379 1314 408 9999 1491 854 378 1301 715 218 381 764 69 849 1234 1185 620 1129 
1879 1806 405 949 1239 886 2562 1823 514 737 1977 1262 2168 1197 959 1494 1491 9999 1136 1670 203 2196 1524 1767 1051 1480 671 317 373 1002 372 
1290 1212 769 187 596 871 1603 1331 711 405 1381 126 1217 497 495 560 854 1136 9999 1218 1031 1352 718 887 140 898 842 1053 764 339 807 
252 215 1321 1238 627 785 1192 153 1204 1335 332 1239 908 725 1655 779 378 1670 1218 9999 1469 748 580 645 1116 322 1000 1376 1419 947 1338 
1681 1609 263 847 1060 685 2387 1622 349 654 1779 1157 1995 1026 944 1333 1301 203 1031 1469 9999 2011 1348 1592 929 1287 470 127 289 850 225 
514 533 1799 1468 959 1382 444 664 1684 1647 488 1300 270 1015 1847 795 715 2196 1352 748 2011 9999 685 467 1320 744 1564 1948 1870 1247 1828 
584 511 1123 801 289 784 1040 655 1010 967 670 704 649 331 1203 200 218 1524 718 580 1348 685 9999 245 657 286 928 1299 1188 563 1153 
546 495 1364 1000 534 1019 796 663 1253 1183 604 843 405 570 1382 328 381 1767 887 645 1592 467 245 9999 853 441 1172 1543 1426 791 1395 
1209 1129 666 147 489 731 1605 1237 596 349 1303 248 1212 391 551 529 764 1051 140 1116 929 1320 657 853 9999 802 707 939 678 202 704 
425 345 1099 930 317 638 1163 435 981 1048 524 917 807 411 1348 473 69 1480 898 322 1287 744 286 441 802 9999 828 1214 1185 646 1123 
1213 1141 362 702 641 217 1960 1153 268 615 1310 954 1576 636 996 958 849 671 842 1000 470 1564 928 1172 707 828 9999 386 474 545 366 
1596 1526 298 876 1009 592 2336 1530 344 701 1692 1178 1948 987 1022 1303 1234 317 1053 1376 127 1948 1299 1543 939 1214 386 9999 363 835 263 
1603 1525 113 577 913 677 2217 1569 218 371 1703 890 1821 857 660 1138 1185 373 764 1419 289 1870 1188 1426 678 1185 474 363 9999 643 123 
1066 986 598 294 330 538 1576 1077 502 410 1164 429 1179 244 710 494 620 1002 339 947 850 1247 563 791 202 646 545 835 643 9999 634 
1533 1457 38 625 870 576 2190 1490 144 440 1632 933 1796 825 765 1123 1129 372 807 1338 225 1828 1153 1395 704 1123 366 263 123 634 9999 
