NAME: ds_907_courier_4474
TYPE: TSP
COMMENT: nil
DIMENSION: 19
EDGE_WEIGHT_TYPE: EXPLICIT
EDGE_WEIGHT_FORMAT: FULL_MATRIX
EDGE_WEIGHT_SECTION
9999 1301 1053 751 1489 1426 1208 1483 1549 1688 1585 1165 2017 2008 1940 2009 761 1190 1217 
1301 9999 509 893 2077 1758 1472 1669 1397 1034 725 838 1020 966 829 816 1170 1884 1890 
1053 509 9999 984 2188 1941 1651 1895 1711 1470 1191 1131 1524 1473 1338 1318 691 1944 1958 
751 893 984 9999 1214 959 673 931 854 939 880 415 1310 1315 1279 1384 1196 996 1005 
1489 2077 2188 1214 9999 406 629 582 992 1554 1745 1292 2057 2108 2159 2316 2215 304 274 
1426 1758 1941 959 406 9999 291 180 585 1150 1357 937 1654 1706 1764 1925 2084 472 444 
1208 1472 1651 673 629 291 9999 278 474 962 1122 665 1459 1503 1541 1694 1824 548 535 
1483 1669 1895 931 582 180 278 9999 413 988 1215 834 1490 1546 1612 1776 2099 642 616 
1549 1397 1711 854 992 585 474 413 9999 582 840 581 1080 1139 1215 1384 2045 1001 981 
1688 1034 1470 939 1554 1150 962 988 582 9999 328 524 503 558 638 810 1974 1509 1497 
1585 725 1191 880 1745 1357 1122 1215 840 328 9999 513 432 435 426 573 1754 1649 1642 
1165 838 1131 415 1292 937 665 834 581 524 513 9999 923 941 936 1069 1519 1158 1155 
2017 1020 1524 1310 2057 1654 1459 1490 1080 503 432 923 9999 85 246 402 2140 2004 1993 
2008 966 1473 1315 2108 1706 1503 1546 1139 558 435 941 85 9999 165 317 2101 2045 2035 
1940 829 1338 1279 2159 1764 1541 1612 1215 638 426 936 246 165 9999 175 1983 2074 2066 
2009 816 1318 1384 2316 1925 1694 1776 1384 810 573 1069 402 317 175 9999 1985 2219 2213 
761 1170 691 1196 2215 2084 1824 2099 2045 1974 1754 1519 2140 2101 1983 1985 9999 1925 1950 
1190 1884 1944 996 304 472 548 642 1001 1509 1649 1158 2004 2045 2074 2219 1925 9999 34 
1217 1890 1958 1005 274 444 535 616 981 1497 1642 1155 1993 2035 2066 2213 1950 34 9999 
