NAME: ds_726_courier_1103
TYPE: TSP
COMMENT: nil
DIMENSION: 32
EDGE_WEIGHT_TYPE: EXPLICIT
EDGE_WEIGHT_FORMAT: FULL_MATRIX
EDGE_WEIGHT_SECTION
9999 3740 3404 3257 3063 2518 2132 2332 3586 2254 2173 2255 2175 2077 2195 2248 2360 1788 4298 1919 2189 1872 695 570 850 222 358 297 594 374 503 444 
3740 9999 666 1194 1226 1592 3203 3048 1082 3495 3271 3335 2777 2961 2869 3100 3100 2593 7225 2504 2402 2628 3637 3783 3795 3725 4074 3655 3600 3476 3461 3307 
3404 666 9999 529 571 1020 2589 2417 496 2874 2654 2712 2163 2354 2251 2477 2468 2042 6639 1937 1799 2059 3419 3540 3600 3425 3754 3367 3364 3189 3201 2994 
3257 1194 529 9999 197 742 2153 1957 336 2423 2211 2260 1732 1930 1814 2027 2004 1703 6213 1582 1397 1697 3380 3475 3576 3312 3615 3266 3310 3094 3130 2881 
3063 1226 571 197 9999 552 2031 1851 524 2311 2094 2148 1606 1801 1692 1913 1900 1538 6089 1421 1254 1539 3183 3278 3379 3116 3420 3070 3113 2897 2933 2685 
2518 1592 1020 742 552 9999 1617 1483 1075 1914 1687 1757 1194 1372 1288 1525 1538 1022 5636 920 814 1043 2673 2757 2875 2578 2875 2537 2597 2367 2412 2150 
2132 3203 2589 2153 2031 1617 9999 260 2455 304 77 172 427 249 339 159 257 766 4060 778 803 672 2669 2636 2876 2313 2428 2334 2559 2239 2365 2029 
2332 3048 2417 1957 1851 1483 260 9999 2249 468 284 306 318 270 227 101 58 784 4264 750 686 675 2834 2815 3045 2503 2641 2517 2727 2410 2529 2193 
3586 1082 496 336 524 1075 2455 2249 9999 2716 2511 2553 2041 2240 2118 2323 2292 2036 6512 1913 1718 2026 3689 3790 3881 3636 3943 3588 3622 3414 3445 3204 
2254 3495 2874 2423 2311 1914 304 468 2716 9999 229 163 720 552 627 398 428 1061 3796 1081 1101 972 2836 2785 3038 2450 2524 2481 2725 2403 2537 2206 
2173 3271 2654 2211 2094 1687 77 284 2511 229 9999 98 494 323 403 192 265 842 4002 854 873 749 2721 2684 2927 2358 2464 2381 2611 2290 2419 2083 
2255 3335 2712 2260 2148 1757 172 306 2553 163 98 9999 563 408 468 235 269 936 3959 943 945 841 2811 2771 3017 2443 2540 2468 2701 2380 2509 2174 
2175 2777 2163 1732 1606 1194 427 318 2041 720 494 563 9999 200 96 335 376 493 4483 438 382 380 2624 2623 2838 2329 2503 2332 2520 2210 2320 1986 
2077 2961 2354 1930 1801 1372 249 270 2240 552 323 408 200 9999 144 222 315 540 4288 535 559 438 2567 2551 2778 2243 2394 2254 2460 2144 2262 1926 
2195 2869 2251 1814 1692 1288 339 227 2118 627 403 468 96 144 9999 238 284 564 4400 524 478 453 2664 2656 2876 2355 2517 2362 2558 2246 2359 2024 
2248 3100 2477 2027 1913 1525 159 101 2323 398 192 235 335 222 238 9999 112 760 4189 743 716 655 2763 2739 2973 2423 2553 2439 2654 2336 2458 2122 
2360 3100 2468 2004 1900 1538 257 58 2292 428 265 269 376 315 284 112 9999 838 4222 807 744 729 2871 2849 3081 2534 2665 2549 2763 2445 2566 2230 
1788 2593 2042 1703 1538 1022 766 784 2036 1061 842 936 493 540 564 760 838 9999 4635 136 402 112 2173 2189 2387 1918 2134 1909 2072 1773 1871 1545 
4298 7225 6639 6213 6089 5636 4060 4264 6512 3796 4002 3959 4483 4288 4400 4189 4222 4635 9999 4721 4840 4597 4941 4762 5018 4488 4214 4580 4861 4668 4802 4646 
1919 2504 1937 1582 1421 920 778 750 1913 1081 854 943 438 535 524 743 807 136 4721 9999 269 124 2288 2310 2503 2045 2267 2034 2189 1894 1988 1665 
2189 2402 1799 1397 1254 814 803 686 1718 1101 873 945 382 559 478 716 744 402 4840 269 9999 340 2548 2575 2762 2313 2536 2300 2450 2159 2249 1929 
1872 2628 2059 1697 1539 1043 672 675 2026 972 749 841 380 438 453 655 729 112 4597 124 340 9999 2275 2286 2489 2009 2214 2003 2173 1871 1972 1643 
695 3637 3419 3380 3183 2673 2669 2834 3689 2836 2721 2811 2624 2567 2664 2763 2871 2173 4941 2288 2548 2275 9999 196 214 476 735 400 112 433 305 641 
570 3783 3540 3475 3278 2757 2636 2815 3790 2785 2684 2771 2623 2551 2656 2739 2849 2189 4762 2310 2575 2286 196 9999 282 350 549 304 184 416 346 645 
850 3795 3600 3576 3379 2875 2876 3045 3881 3038 2927 3017 2838 2778 2876 2973 3081 2387 5018 2503 2762 2489 214 282 9999 629 807 571 319 637 518 853 
222 3725 3425 3312 3116 2578 2313 2503 3636 2450 2358 2443 2329 2243 2355 2423 2534 1918 4488 2045 2313 2009 476 350 629 9999 365 96 380 254 334 432 
358 4074 3754 3615 3420 2875 2428 2641 3943 2524 2464 2540 2503 2394 2517 2553 2665 2134 4214 2267 2536 2214 735 549 807 365 9999 453 673 618 689 767 
297 3655 3367 3266 3070 2537 2334 2517 3588 2481 2381 2468 2332 2254 2362 2439 2549 1909 4580 2034 2300 2003 400 304 571 96 453 9999 297 179 240 387 
594 3600 3364 3310 3113 2597 2559 2727 3622 2725 2611 2701 2520 2460 2558 2654 2763 2072 4861 2189 2450 2173 112 184 319 380 673 297 9999 321 201 534 
374 3476 3189 3094 2897 2367 2239 2410 3414 2403 2290 2380 2210 2144 2246 2336 2445 1773 4668 1894 2159 1871 433 416 637 254 618 179 321 9999 149 229 
503 3461 3201 3130 2933 2412 2365 2529 3445 2537 2419 2509 2320 2262 2359 2458 2566 1871 4802 1988 2249 1972 305 346 518 334 689 240 201 149 9999 337 
444 3307 2994 2881 2685 2150 2029 2193 3204 2206 2083 2174 1986 1926 2024 2122 2230 1545 4646 1665 1929 1643 641 645 853 432 767 387 534 229 337 9999 
