NAME: ds_824_courier_2688
TYPE: TSP
COMMENT: nil
DIMENSION: 31
EDGE_WEIGHT_TYPE: EXPLICIT
EDGE_WEIGHT_FORMAT: FULL_MATRIX
EDGE_WEIGHT_SECTION
9999 2617 3517 2905 2876 3617 2891 3030 3818 3994 4291 5311 4835 5141 5107 4967 3061 3141 5101 3918 3347 4603 4438 6112 4430 5340 3260 3297 4937 4084 3196 
2617 9999 1421 535 435 1164 292 418 1235 1415 1785 2759 2237 2571 2554 2363 794 990 2665 1615 1088 2201 2114 3627 2084 2818 713 921 2376 1519 1068 
3517 1421 9999 886 987 615 1214 1215 1040 1089 1038 2000 1755 1892 1817 1900 627 443 1639 465 354 1144 940 2655 944 1964 909 563 1692 1082 367 
2905 535 886 9999 107 718 368 439 943 1108 1387 2406 1954 2238 2202 2092 259 459 2231 1112 559 1745 1628 3224 1604 2438 396 419 2033 1188 537 
2876 435 987 107 9999 772 263 350 950 1122 1430 2439 1967 2265 2234 2103 363 565 2287 1192 653 1808 1701 3272 1675 2478 390 495 2062 1209 642 
3617 1164 615 718 772 9999 886 818 430 513 674 1701 1305 1545 1499 1449 571 583 1516 500 387 1039 956 2506 922 1723 468 326 1337 546 581 
2891 292 1214 368 263 886 9999 146 945 1125 1494 2467 1951 2281 2263 2079 607 812 2377 1355 865 1918 1841 3335 1808 2526 426 676 2084 1227 888 
3030 418 1215 439 350 818 146 9999 823 1003 1392 2347 1820 2157 2143 1945 643 845 2281 1305 861 1833 1773 3225 1736 2412 351 658 1963 1110 915 
3818 1235 1040 943 950 430 945 823 9999 180 607 1524 1018 1336 1320 1153 898 973 1494 811 803 1096 1111 2408 1061 1592 560 674 1141 289 988 
3994 1415 1089 1108 1122 513 1125 1003 180 9999 456 1344 846 1156 1140 984 1039 1089 1329 786 901 957 1003 2230 949 1413 734 803 960 117 1093 
4291 1785 1038 1387 1430 674 1494 1392 607 456 9999 1028 720 883 828 864 1242 1216 892 599 1001 503 588 1845 529 1050 1073 999 676 343 1190 
5311 2759 2000 2406 2439 1701 2467 2347 1524 1344 1028 9999 616 213 205 577 2270 2238 588 1534 2023 909 1157 932 1123 192 2063 2027 384 1240 2206 
4835 2237 1755 1954 1967 1305 1951 1820 1018 846 720 616 9999 402 457 146 1866 1883 944 1318 1675 935 1151 1547 1096 763 1578 1623 313 770 1870 
5141 2571 1892 2238 2265 1545 2281 2157 1336 1156 883 213 402 9999 115 375 2116 2098 667 1430 1884 866 1114 1145 1071 373 1884 1871 208 1058 2072 
5107 2554 1817 2202 2234 1499 2263 2143 1320 1140 828 205 457 115 9999 461 2068 2041 555 1352 1826 763 1012 1116 971 308 1858 1825 183 1036 2011 
4967 2363 1900 2092 2103 1449 2079 1945 1153 984 864 577 146 375 461 9999 2010 2029 993 1461 1821 1046 1271 1493 1218 747 1713 1767 366 912 2016 
3061 794 627 259 363 571 607 643 898 1039 1242 2270 1866 2116 2068 2010 9999 205 2045 888 314 1550 1411 3052 1393 2284 448 245 1908 1098 281 
3141 990 443 459 565 583 812 845 973 1089 1216 2238 1883 2098 2041 2029 205 9999 1964 777 215 1463 1300 2979 1289 2235 612 305 1891 1129 79 
5101 2665 1639 2231 2287 1516 2377 2281 1494 1329 892 588 944 667 555 993 2045 1964 9999 1194 1755 501 706 1018 695 436 1952 1818 634 1213 1915 
3918 1615 465 1112 1192 500 1355 1305 811 786 599 1534 1318 1430 1352 1461 888 777 1194 9999 579 694 525 2212 512 1501 955 697 1231 738 723 
3347 1088 354 559 653 387 865 861 803 901 1001 2023 1675 1884 1826 1821 314 215 1755 579 9999 1256 1104 2769 1089 2021 560 211 1676 930 196 
4603 2201 1144 1745 1808 1039 1918 1833 1096 957 503 909 935 866 763 1046 1550 1463 501 694 1256 9999 250 1518 215 836 1493 1329 710 846 1414 
4438 2114 940 1628 1701 956 1841 1773 1111 1003 588 1157 1151 1114 1012 1271 1411 1300 706 525 1104 250 9999 1716 59 1077 1423 1209 951 905 1243 
6112 3627 2655 3224 3272 2506 3335 3225 2408 2230 1845 932 1547 1145 1116 1493 3052 2979 1018 2212 2769 1518 1716 9999 1711 820 2917 2819 1298 2118 2932 
4430 2084 944 1604 1675 922 1808 1736 1061 949 529 1123 1096 1071 971 1218 1393 1289 695 512 1089 215 59 1711 9999 1050 1388 1185 903 849 1235 
5340 2818 1964 2438 2478 1723 2526 2412 1592 1413 1050 192 763 373 308 747 2284 2235 436 1501 2021 836 1077 820 1050 9999 2113 2044 484 1303 2198 
3260 713 909 396 390 468 426 351 560 734 1073 2063 1578 1884 1858 1713 448 612 1952 955 560 1493 1423 2917 1388 2113 9999 350 1683 826 666 
3297 921 563 419 495 326 676 658 674 803 999 2027 1623 1871 1825 1767 245 305 1818 697 211 1329 1209 2819 1185 2044 350 9999 1664 857 339 
4937 2376 1692 2033 2062 1337 2084 1963 1141 960 676 384 313 208 183 366 1908 1891 634 1231 1676 710 951 1298 903 484 1683 1664 9999 859 1865 
4084 1519 1082 1188 1209 546 1227 1110 289 117 343 1240 770 1058 1036 912 1098 1129 1213 738 930 846 905 2118 849 1303 826 857 859 9999 1125 
3196 1068 367 537 642 581 888 915 988 1093 1190 2206 1870 2072 2011 2016 281 79 1915 723 196 1414 1243 2932 1235 2198 666 339 1865 1125 9999 
