NAME: ds_1001_courier_75
TYPE: TSP
COMMENT: nil
DIMENSION: 26
EDGE_WEIGHT_TYPE: EXPLICIT
EDGE_WEIGHT_FORMAT: FULL_MATRIX
EDGE_WEIGHT_SECTION
9999 2472 2349 2335 1922 1802 1750 1307 1841 2351 2493 2383 336 298 395 583 684 461 1028 1136 1184 1381 1435 1585 1432 7328 
2472 9999 715 775 1650 1678 1558 1649 1321 869 795 660 2361 2240 2079 1890 1790 2097 2149 2020 1974 2056 2035 2286 2615 5347 
2349 715 9999 61 2124 2115 1983 1917 1778 1506 1472 1316 2337 2184 1965 1791 1724 2077 2337 2243 2212 2352 2348 2623 2876 5989 
2335 775 61 9999 2161 2149 2016 1938 1815 1558 1527 1370 2331 2176 1953 1782 1718 2073 2349 2259 2230 2374 2371 2647 2893 6050 
1922 1650 2124 2161 9999 124 198 624 346 894 1055 1079 1624 1625 1675 1555 1450 1469 997 844 784 678 625 759 1171 5457 
1802 1678 2115 2149 124 9999 134 512 357 964 1129 1137 1502 1506 1562 1448 1345 1351 874 721 660 561 510 668 1071 5580 
1750 1558 1983 2016 198 134 9999 444 243 879 1047 1039 1463 1452 1489 1363 1257 1293 874 716 655 600 556 754 1140 5602 
1307 1649 1917 1938 624 512 444 9999 560 1170 1333 1275 1027 1009 1051 938 838 850 523 378 327 435 436 715 974 6034 
1841 1321 1778 1815 346 357 243 560 9999 648 816 798 1579 1544 1541 1394 1280 1380 1055 898 838 822 784 996 1374 5488 
2351 869 1506 1558 894 964 879 1170 648 9999 168 213 2134 2066 2002 1827 1710 1903 1687 1533 1474 1470 1431 1629 2019 5028 
2493 795 1472 1527 1055 1129 1047 1333 816 168 9999 167 2285 2211 2136 1957 1841 2049 1852 1698 1640 1638 1599 1796 2186 4918 
2383 660 1316 1370 1079 1137 1039 1275 798 213 167 9999 2190 2107 2017 1835 1720 1946 1798 1649 1593 1613 1578 1794 2170 5065 
336 2361 2337 2331 1624 1502 1463 1027 1579 2134 2285 2190 9999 171 431 560 613 266 695 812 864 1052 1107 1250 1106 7061 
298 2240 2184 2176 1625 1506 1452 1009 1544 2066 2211 2107 171 9999 260 397 464 165 763 855 899 1105 1156 1329 1229 7032 
395 2079 1965 1953 1675 1562 1489 1051 1541 2002 2136 2017 431 260 9999 190 298 279 929 988 1021 1238 1284 1490 1444 7010 
583 1890 1791 1782 1555 1448 1363 938 1394 1827 1957 1835 560 397 190 9999 117 330 912 941 963 1184 1224 1454 1462 6844 
684 1790 1724 1718 1450 1345 1257 838 1280 1710 1841 1720 613 464 298 117 9999 358 864 875 892 1111 1148 1388 1428 6727 
461 2097 2077 2073 1469 1351 1293 850 1380 1903 2049 1946 266 165 279 330 358 9999 655 726 765 978 1027 1219 1166 6868 
1028 2149 2337 2349 997 874 874 523 1055 1687 1852 1798 695 763 929 912 864 655 9999 158 219 361 418 566 574 6452 
1136 2020 2243 2259 844 721 716 378 898 1533 1698 1649 812 855 988 941 875 726 158 9999 61 251 301 513 635 6301 
1184 1974 2212 2230 784 660 655 327 838 1474 1640 1593 864 899 1021 963 892 765 219 61 9999 220 264 500 664 6241 
1381 2056 2352 2374 678 561 600 435 822 1470 1638 1613 1052 1105 1238 1184 1111 978 361 251 220 9999 58 292 562 6114 
1435 2035 2348 2371 625 510 556 436 784 1431 1599 1578 1107 1156 1284 1224 1148 1027 418 301 264 58 9999 279 592 6057 
1585 2286 2623 2647 759 668 754 715 996 1629 1796 1794 1250 1329 1490 1454 1388 1219 566 513 500 292 279 9999 420 6075 
1432 2615 2876 2893 1171 1071 1140 974 1374 2019 2186 2170 1106 1229 1444 1462 1428 1166 574 635 664 562 592 420 9999 6473 
7328 5347 5989 6050 5457 5580 5602 6034 5488 5028 4918 5065 7061 7032 7010 6844 6727 6868 6452 6301 6241 6114 6057 6075 6473 9999 
