,0,1,2,3,4,5,6,7
0,0.0,3591.0250879788955,3009.3309822989186,5999.17495839932,2890.8259562056182,2904.4307759938665,2887.0893021087236,2897.4870615647674
1,3591.0250879788955,0.0,1605.4105696923514,9131.88336487892,2456.4715911393764,2462.044234926264,2750.277955910721,2464.8760737418306
2,3009.3309822989186,1605.4105696923514,0.0,8975.023589008399,857.4012890409914,861.7350438343477,1154.4559975035954,865.2147418345355
3,5999.17495839932,9131.88336487892,8975.023589008399,0.0,8879.039158257492,8892.312489074453,8843.714104223347,8885.12321822437
4,2890.8259562056182,2456.4715911393764,857.4012890409914,8879.039158257492,0.0,14.214597317871695,297.6164393110489,10.205149185828565
5,2904.4307759938665,2462.044234926264,861.7350438343477,8892.312489074453,14.214597317871695,0.0,294.692461228811,7.8335252366527
6,2887.0893021087236,2750.277955910721,1154.4559975035954,8843.714104223347,297.6164393110489,294.692461228811,0.0,290.4054206173603
7,2897.4870615647674,2464.8760737418306,865.2147418345355,8885.12321822437,10.205149185828565,7.8335252366527,290.4054206173603,0.0
