NAME: ds_802_courier_1103
TYPE: TSP
COMMENT: nil
DIMENSION: 31
EDGE_WEIGHT_TYPE: EXPLICIT
EDGE_WEIGHT_FORMAT: FULL_MATRIX
EDGE_WEIGHT_SECTION
9999 1791 3834 2140 2221 2169 3180 3778 3535 2967 2196 1992 2172 2262 2130 2292 2268 3597 1771 2002 2217 4193 312 941 437 379 249 611 336 357 537 
1791 9999 2179 588 681 746 1527 2375 2093 1504 419 332 911 938 1046 1117 1230 1930 35 218 434 4952 1895 2452 1999 1681 1882 2136 2114 1770 1785 
3834 2179 9999 2270 2274 2420 659 820 706 956 1919 2189 2611 2551 2809 2750 2918 249 2211 2034 1882 6990 3837 4221 3902 3605 3847 3986 4116 3693 3632 
2140 588 2270 9999 95 186 1677 2647 2361 1814 410 258 388 378 574 584 730 2026 575 462 445 4723 2306 2912 2424 2114 2280 2579 2475 2198 2248 
2221 681 2274 95 9999 147 1696 2679 2394 1857 465 349 347 316 542 527 683 2033 669 543 497 4716 2392 3002 2511 2203 2365 2668 2556 2287 2338 
2169 746 2420 186 147 9999 1842 2822 2537 1996 595 428 204 195 397 397 545 2180 728 642 629 4570 2356 2978 2478 2175 2325 2639 2504 2256 2319 
3180 1527 659 1677 1696 1842 9999 1020 751 488 1299 1565 2042 1994 2238 2201 2366 417 1560 1394 1262 6395 3193 3603 3263 2961 3201 3355 3467 3050 2997 
3778 2375 820 2647 2679 2822 1020 9999 286 872 2246 2495 3025 2986 3218 3197 3359 885 2410 2295 2209 7321 3713 3982 3752 3487 3737 3802 4015 3568 3471 
3535 2093 706 2361 2394 2537 751 286 9999 595 1960 2209 2740 2702 2933 2913 3075 694 2128 2010 1923 7037 3484 3783 3529 3256 3505 3588 3782 3339 3249 
2967 1504 956 1814 1857 1996 488 872 595 9999 1406 1641 2200 2172 2388 2383 2540 777 1538 1434 1370 6454 2936 3282 2990 2705 2952 3062 3227 2791 2714 
2196 419 1919 410 465 595 1299 2246 1960 1406 9999 271 798 780 982 990 1140 1671 432 201 37 5098 2311 2871 2416 2099 2296 2555 2522 2188 2204 
1992 332 2189 258 349 428 1565 2495 2209 1641 271 9999 612 623 774 817 948 1941 322 222 307 4837 2133 2720 2245 1931 2112 2393 2324 2017 2052 
2172 911 2611 388 347 204 2042 3025 2740 2200 798 612 9999 97 198 207 342 2373 888 832 832 4381 2381 3017 2508 2214 2346 2674 2506 2291 2368 
2262 938 2551 378 316 195 1994 2986 2702 2172 780 623 97 9999 269 212 373 2315 918 838 813 4447 2467 3100 2593 2297 2432 2758 2596 2375 2448 
2130 1046 2809 574 542 397 2238 3218 2933 2388 982 774 198 269 9999 166 188 2571 1020 996 1018 4184 2358 3004 2487 2205 2318 2658 2459 2278 2368 
2292 1117 2750 584 527 397 2201 3197 2913 2383 990 817 207 212 166 9999 168 2516 1094 1036 1023 4259 2517 3161 2646 2361 2478 2816 2623 2435 2521 
2268 1230 2918 730 683 545 2366 3359 3075 2540 1140 948 342 373 188 168 9999 2683 1205 1170 1174 4093 2507 3157 2638 2362 2464 2810 2593 2433 2529 
3597 1930 249 2026 2033 2180 417 885 694 777 1671 1941 2373 2315 2571 2516 2683 9999 1962 1785 1634 6748 3606 4005 3675 3375 3615 3763 3882 3463 3407 
1771 35 2211 575 669 728 1560 2410 2128 1538 432 322 888 918 1020 1094 1205 1962 9999 233 449 4917 1879 2441 1984 1667 1865 2124 2094 1756 1774 
2002 218 2034 462 543 642 1394 2295 2010 1434 201 222 832 838 996 1036 1170 1785 233 9999 217 5028 2112 2669 2216 1899 2098 2354 2326 1988 2003 
2217 434 1882 445 497 629 1262 2209 1923 1370 37 307 832 813 1018 1023 1174 1634 449 217 9999 5135 2329 2883 2433 2115 2315 2570 2543 2204 2218 
4193 4952 6990 4723 4716 4570 6395 7321 7037 6454 5098 4837 4381 4447 4184 4259 4093 6748 4917 5028 5135 9999 4468 4862 4551 4569 4406 4671 4226 4549 4728 
312 1895 3837 2306 2392 2356 3193 3713 3484 2936 2311 2133 2381 2467 2358 2517 2507 3606 1879 2112 2329 4468 9999 656 134 232 65 312 312 146 282 
941 2452 4221 2912 3002 2978 3603 3982 3783 3282 2871 2720 3017 3100 3004 3161 3157 4005 2441 2669 2883 4862 656 9999 522 803 707 347 706 726 668 
437 1999 3902 2424 2511 2478 3263 3752 3529 2990 2416 2245 2508 2593 2487 2646 2638 3675 1984 2216 2433 4551 134 522 9999 318 191 178 339 229 282 
379 1681 3605 2114 2203 2175 2961 3487 3256 2705 2099 1931 2214 2297 2205 2361 2362 3375 1667 1899 2115 4569 232 803 318 9999 250 465 529 90 190 
249 1882 3847 2280 2365 2325 3201 3737 3505 2952 2296 2112 2346 2432 2318 2478 2464 3615 1865 2098 2315 4406 65 707 191 250 9999 367 279 176 335 
611 2136 3986 2579 2668 2639 3355 3802 3588 3062 2555 2393 2674 2758 2658 2816 2810 3763 2124 2354 2570 4671 312 347 178 465 367 9999 446 383 361 
336 2114 4116 2475 2556 2504 3467 4015 3782 3227 2522 2324 2506 2596 2459 2623 2593 3882 2094 2326 2543 4226 312 706 339 529 279 446 9999 453 590 
357 1770 3693 2198 2287 2256 3050 3568 3339 2791 2188 2017 2291 2375 2278 2435 2433 3463 1756 1988 2204 4549 146 726 229 90 176 383 453 9999 179 
537 1785 3632 2248 2338 2319 2997 3471 3249 2714 2204 2052 2368 2448 2368 2521 2529 3407 1774 2003 2218 4728 282 668 282 190 335 361 590 179 9999 
