NAME: ds_718_courier_4474
TYPE: TSP
COMMENT: nil
DIMENSION: 25
EDGE_WEIGHT_TYPE: EXPLICIT
EDGE_WEIGHT_FORMAT: FULL_MATRIX
EDGE_WEIGHT_SECTION
9999 1642 1464 1312 1545 1731 2025 1252 1475 900 637 1434 1548 1262 1260 1624 1339 798 2052 2006 1921 1563 1623 1240 1319 
1642 9999 2104 495 1594 363 668 2014 2106 1023 1007 557 159 383 384 559 461 1581 577 368 383 315 22 2003 454 
1464 2104 9999 2121 660 1914 2000 218 12 2055 1517 1572 1946 1876 1825 1673 2125 2219 2129 2341 2129 1827 2084 228 2095 
1312 495 2121 9999 1736 806 1140 1987 2126 549 728 807 527 292 356 911 35 1105 1068 830 876 676 487 1974 46 
1545 1594 660 1736 9999 1341 1372 716 655 1836 1314 1037 1435 1455 1395 1092 1730 2157 1513 1771 1542 1289 1575 713 1701 
1731 363 1914 806 1341 9999 341 1857 1914 1276 1107 359 279 585 545 249 776 1822 322 431 221 171 357 1847 761 
2025 668 2000 1140 1372 341 9999 1979 1998 1616 1417 594 616 925 884 408 1109 2160 165 544 320 502 668 1971 1096 
1252 2014 218 1987 716 1857 1979 9999 229 1879 1348 1504 1859 1757 1710 1626 1994 2016 2097 2276 2076 1754 1993 13 1964 
1475 2106 12 2126 655 1914 1998 229 9999 2062 1524 1573 1948 1880 1829 1673 2130 2228 2128 2341 2129 1828 2086 240 2100 
900 1023 2055 549 1836 1276 1616 1879 2062 9999 541 1147 1009 691 734 1304 584 559 1572 1375 1391 1117 1011 1866 580 
637 1007 1517 728 1314 1107 1417 1348 1524 541 9999 844 912 629 624 1032 749 875 1430 1369 1289 937 988 1334 724 
1434 557 1572 807 1037 359 594 1504 1573 1147 844 9999 400 519 457 190 789 1652 650 772 581 256 539 1494 763 
1548 159 1946 527 1435 279 616 1859 1948 1009 912 400 9999 324 299 423 498 1562 563 466 391 171 140 1848 482 
1262 383 1876 292 1455 585 925 1757 1880 691 629 519 324 9999 64 640 279 1240 886 750 714 429 365 1745 251 
1260 384 1825 356 1395 545 884 1710 1829 734 624 457 299 64 9999 584 343 1277 854 746 689 383 364 1698 315 
1624 559 1673 911 1092 249 408 1626 1673 1304 1032 190 423 640 584 9999 887 1824 482 679 456 251 545 1616 866 
1339 461 2125 35 1730 776 1109 1994 2130 584 749 789 498 279 343 887 9999 1140 1035 795 843 650 454 1981 30 
798 1581 2219 1105 2157 1822 2160 2016 2228 559 875 1652 1562 1240 1277 1824 1140 9999 2125 1933 1948 1658 1570 2003 1137 
2052 577 2129 1068 1513 322 165 2097 2128 1572 1430 650 563 886 854 482 1035 2125 9999 389 197 492 582 2088 1025 
2006 368 2341 830 1771 431 544 2276 2341 1375 1369 772 466 750 746 679 795 1933 389 9999 244 525 385 2265 796 
1921 383 2129 876 1542 221 320 2076 2129 1391 1289 581 391 714 689 456 843 1948 197 244 9999 366 389 2066 835 
1563 315 1827 676 1289 171 502 1754 1828 1117 937 256 171 429 383 251 650 1658 492 525 366 9999 300 1743 631 
1623 22 2084 487 1575 357 668 1993 2086 1011 988 539 140 365 364 545 454 1570 582 385 389 300 9999 1982 446 
1240 2003 228 1974 713 1847 1971 13 240 1866 1334 1494 1848 1745 1698 1616 1981 2003 2088 2265 2066 1743 1982 9999 1951 
1319 454 2095 46 1701 761 1096 1964 2100 580 724 763 482 251 315 866 30 1137 1025 796 835 631 446 1951 9999 
