NAME: ds_905_courier_4474
TYPE: TSP
COMMENT: nil
DIMENSION: 20
EDGE_WEIGHT_TYPE: EXPLICIT
EDGE_WEIGHT_FORMAT: FULL_MATRIX
EDGE_WEIGHT_SECTION
9999 683 769 640 1452 1429 779 1140 1132 1580 2003 1470 1892 1816 1673 1535 1518 1765 772 1812 
683 9999 289 232 990 1124 427 732 450 899 1323 1033 1232 1232 1085 890 909 1125 1058 1138 
769 289 9999 517 734 837 151 452 514 940 1357 769 1326 1410 1264 1023 1081 1252 1300 1200 
640 232 517 9999 1219 1353 644 963 569 985 1397 1264 1261 1180 1036 900 878 1128 849 1197 
1452 990 734 1219 9999 350 676 314 873 1028 1310 69 1431 1703 1582 1285 1413 1450 2033 1257 
1429 1124 837 1353 350 9999 723 402 1132 1356 1658 288 1765 2011 1882 1591 1706 1772 2100 1595 
779 427 151 644 676 723 9999 369 648 1055 1464 700 1452 1554 1409 1162 1226 1387 1383 1318 
1140 732 452 963 314 402 369 9999 745 1032 1388 331 1448 1647 1513 1230 1333 1428 1746 1288 
1132 450 514 569 873 1132 648 745 9999 451 877 936 814 918 777 514 594 739 1399 700 
1580 899 940 985 1028 1356 1055 1032 451 9999 426 1097 416 695 598 315 472 424 1760 264 
2003 1323 1357 1397 1310 1658 1464 1388 877 426 9999 1376 284 714 703 560 685 451 2131 212 
1470 1033 769 1264 69 288 700 331 936 1097 1376 9999 1499 1771 1649 1353 1480 1519 2068 1325 
1892 1232 1326 1261 1431 1765 1452 1448 814 416 284 1499 9999 430 426 363 446 179 1928 178 
1816 1232 1410 1180 1703 2011 1554 1647 918 695 714 1771 430 9999 148 420 329 289 1684 569 
1673 1085 1264 1036 1582 1882 1409 1513 777 598 703 1649 426 148 9999 297 184 252 1574 526 
1535 890 1023 900 1285 1591 1162 1230 514 315 560 1353 363 420 297 9999 158 235 1576 349 
1518 909 1081 878 1413 1706 1226 1333 594 472 685 1480 446 329 184 158 9999 276 1485 481 
1765 1125 1252 1128 1450 1772 1387 1428 739 424 451 1519 179 289 252 235 276 9999 1761 282 
772 1058 1300 849 2033 2100 1383 1746 1399 1760 2131 2068 1928 1684 1574 1576 1485 1761 9999 1919 
1812 1138 1200 1197 1257 1595 1318 1288 700 264 212 1325 178 569 526 349 481 282 1919 9999 
