NAME: ds_926_courier_290
TYPE: TSP
COMMENT: nil
DIMENSION: 11
EDGE_WEIGHT_TYPE: EXPLICIT
EDGE_WEIGHT_FORMAT: FULL_MATRIX
EDGE_WEIGHT_SECTION
9999 3664 2469 2789 3188 56 2822 2991 3343 3747 3282 
3664 9999 1817 1502 642 3661 858 675 342 265 883 
2469 1817 9999 376 1175 2442 1124 1310 1496 1740 1041 
2789 1502 376 9999 864 2765 928 1084 1202 1397 678 
3188 642 1175 864 9999 3178 428 401 341 593 348 
56 3661 2442 2765 3178 9999 2816 2987 3338 3740 3266 
2822 858 1124 928 428 2816 9999 203 524 926 709 
2991 675 1310 1084 401 2987 203 9999 357 778 738 
3343 342 1496 1202 341 3338 524 357 9999 423 654 
3747 265 1740 1397 593 3740 926 778 423 9999 733 
3282 883 1041 678 348 3266 709 738 654 733 9999 
