NAME: ds_822_courier_949
TYPE: TSP
COMMENT: nil
DIMENSION: 27
EDGE_WEIGHT_TYPE: EXPLICIT
EDGE_WEIGHT_FORMAT: FULL_MATRIX
EDGE_WEIGHT_SECTION
9999 3730 3920 3748 3700 3588 3260 2620 1916 1930 3088 3911 4024 3976 3927 3995 4168 2942 3595 3052 2989 2989 3468 3569 3743 3842 4109 
3730 9999 314 337 503 496 759 1769 2177 2257 676 651 702 505 425 365 515 825 488 742 743 753 368 276 342 448 382 
3920 314 9999 196 345 411 760 1774 2266 2334 832 897 918 712 643 522 598 978 401 1019 970 936 452 590 626 703 285 
3748 337 196 9999 175 217 565 1578 2073 2140 667 983 1024 821 744 648 756 808 207 922 835 779 287 582 679 781 472 
3700 503 345 175 9999 113 458 1444 1974 2035 660 1153 1197 994 917 823 928 785 107 993 867 781 324 726 843 950 629 
3588 496 411 217 113 9999 357 1363 1873 1937 549 1144 1198 1000 921 842 963 672 10 901 763 671 237 685 825 942 690 
3260 759 760 565 458 357 9999 1021 1517 1580 387 1358 1432 1251 1171 1124 1267 439 367 845 638 496 393 850 1034 1164 1029 
2620 1769 1774 1578 1444 1363 1021 9999 704 707 1178 2311 2400 2238 2160 2132 2283 1073 1373 1552 1324 1187 1401 1801 2002 2135 2048 
1916 2177 2266 2073 1974 1873 1517 704 9999 115 1507 2598 2702 2577 2506 2517 2684 1363 1883 1724 1544 1458 1835 2124 2327 2454 2514 
1930 2257 2334 2140 2035 1937 1580 707 115 9999 1592 2693 2796 2667 2595 2602 2767 1450 1946 1825 1640 1548 1910 2214 2418 2546 2587 
3088 676 832 667 660 549 387 1178 1507 1592 9999 1136 1229 1081 1007 1010 1177 150 554 464 251 123 382 632 837 968 1036 
3911 651 897 983 1153 1144 1358 2311 2598 2693 1136 9999 114 205 257 400 461 1259 1136 897 1054 1152 974 513 324 203 733 
4024 702 918 1024 1197 1198 1432 2400 2702 2796 1229 114 9999 206 280 400 416 1356 1190 1008 1159 1251 1043 599 400 268 724 
3976 505 712 821 994 1000 1251 2238 2577 2667 1081 205 206 9999 80 198 266 1217 992 928 1045 1119 858 453 250 134 530 
3927 425 643 744 917 921 1171 2160 2506 2595 1007 257 280 80 9999 149 268 1145 912 876 981 1048 778 383 186 106 481 
3995 365 522 648 823 842 1124 2132 2517 2602 1010 400 400 198 149 9999 174 1155 833 946 1021 1067 733 425 272 248 334 
4168 515 598 756 928 963 1267 2283 2684 2767 1177 461 416 266 268 174 9999 1323 954 1118 1194 1238 882 599 434 374 343 
2942 825 978 808 785 672 439 1073 1363 1450 150 1259 1356 1217 1145 1155 1323 9999 677 499 264 115 526 765 970 1099 1186 
3595 488 401 207 107 10 367 1373 1883 1946 554 1136 1190 992 912 833 954 677 9999 901 765 675 236 679 818 934 680 
3052 742 1019 922 993 901 845 1552 1724 1825 464 897 1008 928 876 946 1118 499 901 9999 235 389 669 525 691 794 1117 
2989 743 970 835 867 763 638 1324 1544 1640 251 1054 1159 1045 981 1021 1194 264 765 235 9999 156 553 600 797 918 1124 
2989 753 936 779 781 671 496 1187 1458 1548 123 1152 1251 1119 1048 1067 1238 115 675 389 156 9999 492 666 870 998 1124 
3468 368 452 287 324 237 393 1401 1835 1910 382 974 1043 858 778 733 882 526 236 669 553 492 9999 480 649 776 679 
3569 276 590 582 726 685 850 1801 2124 2214 632 513 599 453 383 425 599 765 679 525 600 666 480 9999 205 336 609 
3743 342 626 679 843 825 1034 2002 2327 2418 837 324 400 250 186 272 434 970 818 691 797 870 649 205 9999 133 548 
3842 448 703 781 950 942 1164 2135 2454 2546 968 203 268 134 106 248 374 1099 934 794 918 998 776 336 133 9999 571 
4109 382 285 472 629 690 1029 2048 2514 2587 1036 733 724 530 481 334 343 1186 680 1117 1124 1124 679 609 548 571 9999 
