NAME: ds_726_courier_487
TYPE: TSP
COMMENT: nil
DIMENSION: 11
EDGE_WEIGHT_TYPE: EXPLICIT
EDGE_WEIGHT_FORMAT: FULL_MATRIX
EDGE_WEIGHT_SECTION
9999 3022 4399 2904 2674 3621 2988 2933 2906 3618 2416 
3022 9999 5814 141 2605 4909 1633 2493 2507 664 1432 
4399 5814 9999 5793 3259 907 4393 3478 3450 6002 4387 
2904 141 5793 9999 2605 4886 1676 2512 2524 805 1425 
2674 2605 3259 2605 9999 2369 1146 341 303 2744 1182 
3621 4909 907 4886 2369 9999 3511 2607 2577 5109 3483 
2988 1633 4393 1676 1146 3511 9999 925 949 1631 599 
2933 2493 3478 2512 341 2607 925 9999 38 2555 1127 
2906 2507 3450 2524 303 2577 949 38 9999 2577 1132 
3618 664 6002 805 2744 5109 1631 2555 2577 9999 1674 
2416 1432 4387 1425 1182 3483 599 1127 1132 1674 9999 
