NAME: ds_613_courier_638
TYPE: TSP
COMMENT: nil
DIMENSION: 20
EDGE_WEIGHT_TYPE: EXPLICIT
EDGE_WEIGHT_FORMAT: FULL_MATRIX
EDGE_WEIGHT_SECTION
9999 1254 1498 1460 1409 1503 1998 1555 1478 1421 1001 1590 1505 1371 1372 9022 1646 1382 1254 1178 
1254 9999 343 1353 1335 1407 783 363 333 538 822 449 426 511 756 8076 496 878 47 573 
1498 343 9999 1229 1224 1279 501 75 20 313 816 106 111 319 583 7735 158 714 310 504 
1460 1353 1229 9999 54 55 1548 1298 1215 918 600 1225 1132 911 647 7674 1251 517 1310 781 
1409 1335 1224 54 9999 96 1558 1295 1210 915 566 1225 1130 905 645 7727 1253 517 1292 764 
1503 1407 1279 55 96 9999 1590 1348 1265 967 655 1273 1181 961 696 7651 1298 565 1364 835 
1998 783 501 1548 1558 1590 9999 443 521 695 1264 420 520 730 933 7349 367 1048 767 951 
1555 363 75 1298 1295 1348 443 9999 94 381 891 109 169 390 652 7715 141 782 337 579 
1478 333 20 1215 1210 1265 521 94 9999 302 797 121 107 304 570 7748 175 701 298 486 
1421 538 313 918 915 967 695 381 302 9999 571 312 214 50 271 7668 347 402 492 267 
1001 822 816 600 566 655 1264 891 797 571 9999 859 755 534 403 8021 905 384 784 316 
1590 449 106 1225 1225 1273 420 109 121 312 859 9999 105 333 580 7629 56 708 416 544 
1505 426 111 1132 1130 1181 520 169 107 214 755 105 9999 231 485 7671 153 615 386 439 
1371 511 319 911 905 961 730 390 304 50 534 333 231 9999 268 7717 374 399 464 224 
1372 756 583 647 645 696 933 652 570 271 403 580 485 268 9999 7656 610 131 709 236 
9022 8076 7735 7674 7727 7651 7349 7715 7748 7668 8021 7629 7671 7717 7656 9999 7580 7639 8045 7870 
1646 496 158 1251 1253 1298 367 141 175 347 905 56 153 374 610 7580 9999 736 466 590 
1382 878 714 517 517 565 1048 782 701 402 384 708 615 399 131 7639 736 9999 832 327 
1254 47 310 1310 1292 1364 767 337 298 492 784 416 386 464 709 8045 466 832 9999 529 
1178 573 504 781 764 835 951 579 486 267 316 544 439 224 236 7870 590 327 529 9999 
