NAME: ds_627_courier_2688
TYPE: TSP
COMMENT: nil
DIMENSION: 45
EDGE_WEIGHT_TYPE: EXPLICIT
EDGE_WEIGHT_FORMAT: FULL_MATRIX
EDGE_WEIGHT_SECTION
9999 3986 4251 3316 3230 2823 2938 2874 3033 2986 3640 3110 3118 3286 3144 3532 2776 3049 3441 3572 3599 2874 2493 2455 4933 4937 5066 5154 5195 5255 5194 5124 4883 4731 4588 4574 5297 6089 4515 5373 3250 3130 3886 3875 5131 
3986 9999 521 698 788 1164 1050 1118 966 1011 413 879 869 808 903 492 1224 938 586 428 401 1175 1504 1547 1016 1005 1134 1186 1243 1289 1292 1139 907 761 640 688 1344 2259 1107 1528 741 1154 947 1078 1424 
4251 521 9999 1116 1202 1491 1389 1466 1338 1377 642 1190 1204 966 1109 755 1486 1270 833 867 844 1377 1840 1888 692 704 827 950 966 1043 944 980 728 582 423 342 1067 1862 590 1130 1053 1191 645 766 953 
3316 698 1116 9999 90 507 393 445 283 331 507 304 256 542 499 415 633 309 396 270 297 674 823 862 1709 1700 1830 1883 1941 1986 1984 1829 1603 1459 1335 1367 2042 2945 1621 2210 255 895 1193 1293 2068 
3230 788 1202 90 9999 433 322 366 204 251 584 277 220 567 499 485 576 257 453 360 387 639 738 776 1799 1790 1920 1973 2032 2076 2074 1918 1693 1549 1425 1456 2132 3035 1698 2300 273 899 1252 1347 2155 
2823 1164 1491 507 433 9999 116 79 230 184 850 301 297 599 450 738 201 228 658 751 777 363 350 397 2141 2139 2269 2342 2391 2444 2411 2303 2067 1917 1780 1786 2493 3352 1901 2618 440 757 1354 1416 2432 
2938 1050 1389 393 322 116 9999 80 124 87 746 202 186 532 395 634 268 119 559 635 662 385 457 503 2032 2029 2160 2230 2280 2332 2304 2189 1954 1805 1669 1679 2382 3248 1817 2514 336 746 1287 1357 2334 
2874 1118 1466 445 366 79 80 9999 162 114 824 281 262 609 468 712 275 197 638 698 725 423 386 430 2106 2103 2233 2301 2352 2403 2378 2257 2024 1875 1742 1754 2454 3325 1896 2590 414 803 1364 1433 2413 
3033 966 1338 283 204 230 124 162 9999 48 699 205 156 554 438 589 391 126 527 542 569 491 541 582 1963 1958 2088 2151 2205 2254 2237 2103 1873 1725 1595 1614 2307 3190 1796 2454 302 820 1296 1376 2290 
2986 1011 1377 331 251 184 87 114 48 9999 736 220 181 569 444 625 355 134 559 588 615 468 495 536 2006 2002 2132 2196 2249 2298 2280 2149 1918 1770 1639 1656 2351 3230 1826 2495 333 814 1317 1393 2327 
3640 413 642 507 584 850 746 824 699 736 9999 549 562 397 508 112 863 627 198 325 317 784 1199 1247 1297 1298 1428 1515 1555 1616 1565 1497 1250 1096 948 940 1658 2502 1115 1768 411 743 722 838 1591 
3110 879 1190 304 277 301 202 281 205 220 549 9999 60 350 239 437 353 88 358 487 511 370 650 698 1842 1841 1971 2047 2094 2149 2112 2014 1775 1623 1484 1486 2196 3051 1616 2317 141 633 1097 1174 2134 
3118 869 1204 256 220 297 186 262 156 181 562 60 9999 401 298 450 383 69 380 463 489 421 643 689 1846 1843 1974 2045 2094 2148 2118 2007 1770 1620 1484 1492 2197 3062 1646 2328 153 693 1140 1220 2152 
3286 808 966 542 567 599 532 609 554 569 397 350 401 9999 154 322 536 435 237 560 571 411 928 978 1651 1658 1785 1887 1919 1986 1909 1881 1631 1476 1323 1293 2021 2815 1311 2091 294 381 756 826 1872 
3144 903 1109 499 499 450 395 468 438 444 508 239 298 154 9999 412 383 313 318 590 608 277 774 824 1789 1794 1922 2018 2053 2118 2050 2004 1756 1602 1452 1430 2156 2963 1465 2237 248 400 903 966 2024 
3532 492 755 415 485 738 634 712 589 625 112 437 450 322 412 9999 756 515 94 285 287 686 1087 1134 1408 1408 1538 1622 1664 1723 1676 1599 1354 1201 1056 1051 1767 2614 1216 1881 298 691 785 893 1703 
2776 1224 1486 633 576 201 268 275 391 355 863 353 383 536 383 756 9999 324 665 840 864 186 412 461 2159 2161 2290 2378 2418 2479 2424 2353 2109 1956 1811 1801 2521 3344 1844 2616 484 597 1262 1309 2407 
3049 938 1270 309 257 228 119 197 126 134 627 88 69 435 313 515 324 9999 441 530 556 386 575 621 1914 1912 2042 2114 2163 2216 2185 2076 1839 1689 1553 1560 2265 3129 1703 2395 217 694 1184 1260 2216 
3441 586 833 396 453 658 559 638 527 559 198 358 380 237 318 94 665 441 9999 333 341 592 1007 1055 1495 1497 1626 1713 1753 1814 1762 1693 1447 1293 1147 1137 1856 2695 1268 1962 227 614 799 897 1775 
3572 428 867 270 360 751 635 698 542 588 325 487 463 560 590 285 840 530 333 9999 27 832 1083 1124 1440 1431 1561 1614 1672 1717 1715 1562 1334 1189 1066 1101 1773 2679 1401 1944 367 940 1047 1162 1813 
3599 401 844 297 387 777 662 725 569 615 317 511 489 571 608 287 864 556 341 27 9999 853 1110 1151 1413 1404 1534 1587 1645 1690 1689 1535 1307 1162 1039 1075 1746 2653 1382 1919 389 952 1038 1155 1789 
2874 1175 1377 674 639 363 385 423 491 468 784 370 421 411 277 686 186 386 592 832 853 9999 592 641 2061 2067 2195 2294 2328 2393 2320 2281 2032 1878 1728 1703 2430 3223 1694 2501 466 411 1098 1136 2275 
2493 1504 1840 823 738 350 457 386 541 495 1199 650 643 928 774 1087 412 575 1007 1083 1110 592 9999 50 2489 2487 2617 2686 2737 2789 2760 2643 2410 2261 2127 2135 2839 3701 2238 2968 790 1000 1670 1720 2779 
2455 1547 1888 862 776 397 503 430 582 536 1247 698 689 978 824 1134 461 621 1055 1124 1151 641 50 9999 2535 2532 2662 2730 2782 2833 2807 2685 2453 2305 2171 2181 2884 3749 2288 3015 836 1048 1720 1770 2828 
4933 1016 692 1709 1799 2141 2032 2106 1963 2006 1297 1842 1846 1651 1789 1408 2159 1914 1495 1440 1413 2061 2489 2535 9999 48 136 291 279 366 276 400 266 306 378 359 377 1246 807 524 1701 1880 1251 1346 561 
4937 1005 704 1700 1790 2139 2029 2103 1958 2002 1298 1841 1843 1658 1794 1408 2161 1912 1497 1431 1404 2067 2487 2532 48 9999 130 258 262 341 292 356 221 276 365 366 364 1263 848 550 1700 1895 1278 1375 605 
5066 1134 827 1830 1920 2269 2160 2233 2088 2132 1428 1971 1974 1785 1922 1538 2290 2042 1626 1561 1534 2195 2617 2662 136 130 9999 185 146 239 175 333 299 392 495 492 242 1139 912 442 1830 2016 1382 1473 564 
5154 1186 950 1883 1973 2342 2230 2301 2151 2196 1515 2047 2045 1887 2018 1622 2378 2114 1713 1614 1587 2294 2686 2730 291 258 185 9999 104 103 287 170 282 426 567 608 174 1158 1092 535 1907 2140 1536 1633 729 
5195 1243 966 1941 2032 2391 2280 2352 2205 2249 1555 2094 2094 1919 2053 1664 2418 2163 1753 1672 1645 2328 2737 2782 279 262 146 104 9999 99 189 273 356 485 611 627 103 1067 1050 430 1953 2157 1527 1619 639 
5255 1289 1043 1986 2076 2444 2332 2403 2254 2298 1616 2149 2148 1986 2118 1723 2479 2216 1814 1717 1690 2393 2789 2833 366 341 239 103 99 9999 275 229 384 528 667 701 91 1070 1148 488 2009 2234 1617 1710 728 
5194 1292 944 1984 2074 2411 2304 2378 2237 2280 1565 2112 2118 1909 2050 1676 2424 2185 1762 1715 1689 2320 2760 2807 276 292 175 287 189 275 9999 457 473 564 653 625 216 971 922 268 1971 2119 1450 1530 452 
5124 1139 980 1829 1918 2303 2189 2257 2103 2149 1497 2014 2007 1881 2004 1599 2353 2076 1693 1562 1535 2281 2643 2685 400 356 333 170 273 229 457 9999 254 408 566 647 319 1294 1204 703 1874 2157 1597 1703 893 
4883 907 728 1603 1693 2067 1954 2024 1873 1918 1250 1775 1770 1631 1756 1354 2109 1839 1447 1334 1307 2032 2410 2453 266 221 299 282 356 384 473 254 9999 155 312 400 450 1420 1006 741 1634 1903 1352 1461 826 
4731 761 582 1459 1549 1917 1805 1875 1725 1770 1096 1623 1620 1476 1602 1201 1956 1689 1293 1189 1162 1878 2261 2305 306 276 392 426 485 528 564 408 155 9999 160 273 584 1532 921 825 1483 1750 1216 1330 848 
4588 640 423 1335 1425 1780 1669 1742 1595 1639 948 1484 1484 1323 1452 1056 1811 1553 1147 1066 1039 1728 2127 2171 378 365 495 567 611 667 653 566 312 160 9999 150 713 1623 816 898 1343 1591 1062 1177 857 
4574 688 342 1367 1456 1786 1679 1754 1614 1656 940 1486 1492 1293 1430 1051 1801 1560 1137 1101 1075 1703 2135 2181 359 366 492 608 627 701 625 647 400 273 150 9999 729 1578 666 844 1346 1533 952 1062 751 
5297 1344 1067 2042 2132 2493 2382 2454 2307 2351 1658 2196 2197 2021 2156 1767 2521 2265 1856 1773 1746 2430 2839 2884 377 364 242 174 103 91 216 319 450 584 713 729 9999 985 1124 402 2055 2257 1620 1708 662 
6089 2259 1862 2945 3035 3352 3248 3325 3190 3230 2502 3051 3062 2815 2963 2614 3344 3129 2695 2679 2653 3223 3701 3749 1246 1263 1139 1158 1067 1070 971 1294 1420 1532 1623 1578 985 9999 1607 735 2913 2968 2231 2273 964 
4515 1107 590 1621 1698 1901 1817 1896 1796 1826 1115 1616 1646 1311 1465 1216 1844 1703 1268 1401 1382 1694 2238 2288 807 848 912 1092 1050 1148 922 1204 1006 921 816 666 1124 1607 9999 968 1494 1385 631 666 649 
5373 1528 1130 2210 2300 2618 2514 2590 2454 2495 1768 2317 2328 2091 2237 1881 2616 2395 1962 1944 1919 2501 2968 3015 524 550 442 535 430 488 268 703 741 825 898 844 402 735 968 9999 2179 2267 1557 1620 353 
3250 741 1053 255 273 440 336 414 302 333 411 141 153 294 248 298 484 217 227 367 389 466 790 836 1701 1700 1830 1907 1953 2009 1971 1874 1634 1483 1343 1346 2055 2913 1494 2179 9999 641 1001 1088 1999 
3130 1154 1191 895 899 757 746 803 820 814 743 633 693 381 400 691 597 694 614 940 952 411 1000 1048 1880 1895 2016 2140 2157 2234 2119 2157 1903 1750 1591 1533 2257 2968 1385 2267 641 9999 759 768 2005 
3886 947 645 1193 1252 1354 1287 1364 1296 1317 722 1097 1140 756 903 785 1262 1184 799 1047 1038 1098 1670 1720 1251 1278 1382 1536 1527 1617 1450 1597 1352 1216 1062 952 1620 2231 631 1557 1001 759 9999 132 1267 
3875 1078 766 1293 1347 1416 1357 1433 1376 1393 838 1174 1220 826 966 893 1309 1260 897 1162 1155 1136 1720 1770 1346 1375 1473 1633 1619 1710 1530 1703 1461 1330 1177 1062 1708 2273 666 1620 1088 768 132 9999 1314 
5131 1424 953 2068 2155 2432 2334 2413 2290 2327 1591 2134 2152 1872 2024 1703 2407 2216 1775 1813 1789 2275 2779 2828 561 605 564 729 639 728 452 893 826 848 857 751 662 964 649 353 1999 2005 1267 1314 9999 
