NAME: ds_730_courier_2688
TYPE: TSP
COMMENT: nil
DIMENSION: 40
EDGE_WEIGHT_TYPE: EXPLICIT
EDGE_WEIGHT_FORMAT: FULL_MATRIX
EDGE_WEIGHT_SECTION
9999 5039 4511 5208 4595 4833 4606 5074 5216 5235 5188 4516 5105 5182 4146 4267 4256 6023 3120 5108 4353 3687 3701 3725 3956 3044 2888 2899 2998 3323 3737 2754 3030 3706 2945 2815 2372 3081 3567 3935 
5039 9999 587 406 450 230 534 136 209 263 151 528 160 208 1030 776 844 1113 1968 436 922 1461 1445 1426 1246 2090 2270 2210 2138 1858 1302 2307 2069 1333 2095 2265 2742 2030 1539 1109 
4511 587 9999 702 194 357 107 578 722 730 732 176 606 681 444 293 263 1697 1521 893 834 1109 1093 1082 981 1519 1697 1645 1567 1276 812 1761 1506 831 1581 1710 2182 1463 967 660 
5208 406 702 9999 672 456 603 273 263 200 396 746 247 222 1078 976 952 1238 2213 816 1291 1756 1739 1724 1573 2191 2364 2325 2239 1931 1510 2454 2188 1532 2283 2398 2863 2142 1647 1343 
4595 450 194 672 9999 238 227 481 622 646 601 79 514 591 617 329 412 1540 1550 706 699 1084 1067 1053 914 1642 1822 1760 1690 1415 863 1858 1620 891 1652 1815 2292 1581 1091 680 
4833 230 357 456 238 9999 309 243 384 408 376 318 276 353 800 566 616 1342 1786 592 845 1306 1290 1274 1117 1866 2045 1988 1914 1630 1101 2091 1848 1129 1890 2047 2522 1808 1314 917 
4606 534 107 603 227 309 9999 504 646 647 673 246 530 601 504 400 350 1647 1627 883 912 1215 1199 1188 1081 1601 1778 1731 1649 1352 917 1853 1592 935 1680 1800 2268 1548 1052 767 
5074 136 578 273 481 243 504 9999 144 167 192 560 35 110 1008 808 841 1159 2027 565 1032 1539 1522 1505 1337 2096 2274 2221 2144 1853 1344 2330 2082 1371 2132 2283 2757 2040 1544 1159 
5216 209 722 263 622 384 646 144 9999 68 136 701 116 54 1150 950 985 1037 2163 561 1130 1665 1648 1630 1454 2240 2418 2365 2288 1996 1484 2474 2226 1512 2274 2427 2901 2184 1688 1297 
5235 263 730 200 646 408 647 167 68 9999 204 725 133 58 1148 972 992 1069 2194 629 1184 1705 1688 1671 1500 2247 2424 2374 2295 1998 1508 2488 2235 1535 2295 2439 2911 2192 1696 1325 
5188 151 732 396 601 376 673 192 136 204 9999 678 187 174 1173 927 992 976 2112 425 1032 1597 1581 1561 1374 2240 2420 2360 2288 2006 1451 2457 2220 1483 2244 2416 2893 2181 1688 1256 
4516 528 176 746 79 318 246 560 701 725 678 9999 593 670 561 249 350 1611 1472 761 667 1014 997 983 854 1567 1747 1683 1614 1343 783 1779 1543 811 1573 1738 2215 1505 1017 602 
5105 160 606 247 514 276 530 35 116 133 187 593 9999 77 1033 840 869 1144 2061 580 1065 1573 1557 1540 1372 2125 2303 2250 2173 1880 1377 2361 2111 1404 2164 2313 2787 2069 1573 1193 
5182 208 681 222 591 353 601 110 54 58 174 670 77 9999 1104 917 944 1090 2137 594 1128 1647 1630 1613 1442 2199 2377 2325 2247 1953 1453 2437 2186 1481 2241 2389 2862 2144 1648 1269 
4146 1030 444 1078 617 800 504 1008 1150 1148 1173 561 1033 1104 9999 419 216 2142 1301 1322 1053 1045 1032 1032 1029 1115 1287 1252 1162 854 620 1395 1117 613 1268 1331 1789 1069 579 584 
4267 776 293 976 329 566 400 808 950 972 927 249 840 917 419 9999 219 1844 1237 966 643 817 801 791 707 1326 1508 1439 1373 1114 537 1530 1299 563 1324 1491 1968 1263 781 369 
4256 844 263 952 412 616 350 841 985 992 992 350 869 944 216 219 9999 1949 1308 1111 862 963 948 943 896 1256 1434 1383 1304 1014 597 1503 1244 607 1336 1450 1920 1201 704 490 
6023 1113 1697 1238 1540 1342 1647 1159 1037 1069 976 1611 1144 1090 2142 1844 1949 9999 2904 917 1681 2342 2327 2303 2078 3170 3352 3278 3217 2954 2324 3349 3139 2363 3102 3321 3799 3105 2625 2117 
3120 1968 1521 2213 1550 1786 1627 2027 2163 2194 2112 1472 2061 2137 1301 1237 1308 2904 9999 1990 1235 570 583 608 841 833 931 795 845 936 713 678 735 702 367 730 1094 764 848 871 
5108 436 893 816 706 592 883 565 561 629 425 761 580 594 1322 966 1111 917 1990 9999 786 1434 1418 1396 1177 2277 2458 2377 2323 2078 1414 2438 2239 1454 2186 2414 2891 2208 1742 1206 
4353 922 834 1291 699 845 912 1032 1130 1184 1032 667 1065 1128 1053 643 862 1681 1235 786 9999 666 652 627 398 1681 1854 1750 1721 1549 796 1764 1621 843 1479 1760 2223 1604 1219 614 
3687 1461 1109 1756 1084 1306 1215 1539 1665 1705 1597 1014 1573 1647 1045 817 963 2342 570 1434 666 9999 17 38 271 1157 1309 1187 1188 1116 457 1153 1076 488 847 1169 1605 1076 856 473 
3701 1445 1093 1739 1067 1290 1199 1522 1648 1688 1581 997 1557 1630 1032 801 948 2327 583 1418 652 17 9999 25 259 1160 1313 1192 1192 1115 447 1160 1080 479 856 1176 1614 1079 851 459 
3725 1426 1082 1724 1053 1274 1188 1505 1630 1671 1561 983 1540 1613 1032 791 943 2303 608 1396 627 38 25 9999 234 1182 1336 1215 1214 1133 455 1185 1103 489 882 1200 1639 1101 865 455 
3956 1246 981 1573 914 1117 1081 1337 1454 1500 1374 854 1372 1442 1029 707 896 2078 841 1177 398 271 259 234 9999 1375 1538 1422 1411 1292 552 1408 1302 596 1109 1416 1864 1295 993 456 
3044 2090 1519 2191 1642 1866 1601 2096 2240 2247 2240 1567 2125 2199 1115 1326 1256 3170 833 2277 1681 1157 1160 1182 1375 9999 181 153 48 283 890 363 99 844 500 266 676 80 552 1091 
2888 2270 1697 2364 1822 2045 1778 2274 2418 2424 2420 1747 2303 2377 1287 1508 1434 3352 931 2458 1854 1309 1313 1336 1538 181 9999 136 135 438 1067 329 235 1021 571 232 517 252 732 1269 
2899 2210 1645 2325 1760 1988 1731 2221 2365 2374 2360 1683 2250 2325 1252 1439 1383 3278 795 2377 1750 1187 1192 1215 1422 153 136 9999 115 434 972 222 140 929 435 121 538 183 679 1178 
2998 2138 1567 2239 1690 1914 1649 2144 2288 2295 2288 1614 2173 2247 1162 1373 1304 3217 845 2323 1721 1188 1192 1214 1411 48 135 115 9999 327 932 334 114 887 502 234 629 118 600 1134 
3323 1858 1276 1931 1415 1630 1352 1853 1996 1998 2006 1343 1880 1953 854 1114 1014 2954 936 2078 1549 1116 1115 1133 1292 283 438 434 327 9999 757 630 328 710 674 541 952 271 339 937 
3737 1302 812 1510 863 1101 917 1344 1484 1508 1451 783 1377 1453 620 537 597 2324 713 1414 796 457 447 455 552 890 1067 972 932 757 9999 1025 837 47 793 1001 1478 815 442 208 
2754 2307 1761 2454 1858 2091 1853 2330 2474 2488 2457 1779 2361 2437 1395 1530 1503 3349 678 2438 1764 1153 1160 1185 1408 363 329 222 334 630 1025 9999 303 986 316 102 459 360 816 1232 
3030 2069 1506 2188 1620 1848 1592 2082 2226 2235 2220 1543 2111 2186 1117 1299 1244 3139 735 2239 1621 1076 1080 1103 1302 99 235 140 114 328 837 303 9999 793 403 220 676 57 542 1042 
3706 1333 831 1532 891 1129 935 1371 1512 1535 1483 811 1404 1481 613 563 607 2363 702 1454 843 488 479 489 596 844 1021 929 887 710 47 986 793 9999 762 960 1437 769 397 250 
2945 2095 1581 2283 1652 1890 1680 2132 2274 2295 2244 1573 2164 2241 1268 1324 1336 3102 367 2186 1479 847 856 882 1109 500 571 435 502 674 793 316 403 762 9999 364 758 445 718 992 
2815 2265 1710 2398 1815 2047 1800 2283 2427 2439 2416 1738 2313 2389 1331 1491 1450 3321 730 2414 1760 1169 1176 1200 1416 266 232 121 234 541 1001 102 220 960 364 9999 479 275 753 1209 
2372 2742 2182 2863 2292 2522 2268 2757 2901 2911 2893 2215 2787 2862 1789 1968 1920 3799 1094 2891 2223 1605 1614 1639 1864 676 517 538 629 952 1478 459 676 1437 758 479 9999 721 1217 1685 
3081 2030 1463 2142 1581 1808 1548 2040 2184 2192 2181 1505 2069 2144 1069 1263 1201 3105 764 2208 1604 1076 1079 1101 1295 80 252 183 118 271 815 360 57 769 445 275 721 9999 497 1017 
3567 1539 967 1647 1091 1314 1052 1544 1688 1696 1688 1017 1573 1648 579 781 704 2625 848 1742 1219 856 851 865 993 552 732 679 600 339 442 816 542 397 718 753 1217 497 9999 605 
3935 1109 660 1343 680 917 767 1159 1297 1325 1256 602 1193 1269 584 369 490 2117 871 1206 614 473 459 455 456 1091 1269 1178 1134 937 208 1232 1042 250 992 1209 1685 1017 605 9999 
