NAME: ds_920_courier_75
TYPE: TSP
COMMENT: nil
DIMENSION: 21
EDGE_WEIGHT_TYPE: EXPLICIT
EDGE_WEIGHT_FORMAT: FULL_MATRIX
EDGE_WEIGHT_SECTION
9999 2045 1748 1807 2460 2459 2500 207 809 1071 1025 931 1092 975 1230 1077 1521 3952 364 623 2033 
2045 9999 484 522 1101 1809 1812 1842 1314 980 1113 1115 1027 1100 979 1178 842 2256 1829 1667 326 
1748 484 9999 92 887 1424 1436 1558 955 701 737 861 908 917 944 1112 956 2740 1477 1278 296 
1807 522 92 9999 796 1344 1354 1621 1006 774 787 935 995 999 1035 1201 1047 2772 1525 1316 275 
2460 1101 887 796 9999 852 835 2298 1658 1524 1454 1683 1785 1773 1831 1994 1826 3061 2129 1882 791 
2459 1809 1424 1344 852 9999 48 2353 1770 1815 1634 1945 2151 2084 2255 2367 2350 3904 2095 1836 1484 
2500 1812 1436 1354 835 48 9999 2391 1805 1843 1666 1974 2176 2112 2278 2392 2368 3892 2136 1877 1487 
207 1842 1558 1621 2298 2353 2391 9999 640 872 849 728 885 767 1026 879 1318 3751 317 535 1839 
809 1314 955 1006 1658 1770 1805 640 9999 368 219 333 626 490 796 778 1059 3421 523 363 1247 
1071 980 701 774 1524 1815 1843 872 368 9999 254 161 350 269 496 558 720 3054 855 730 971 
1025 1113 737 787 1454 1634 1666 849 219 254 9999 324 592 483 746 785 972 3265 741 555 1030 
931 1115 861 935 1683 1945 1974 728 333 161 324 9999 294 165 463 466 731 3124 750 669 1126 
1092 1027 908 995 1785 2151 2176 885 626 350 592 294 9999 142 171 217 456 2883 988 948 1124 
975 1100 917 999 1773 2084 2112 767 490 269 483 165 142 9999 313 302 597 3018 850 806 1159 
1230 979 944 1035 1831 2255 2278 1026 796 496 746 463 171 313 9999 200 294 2729 1151 1119 1124 
1077 1178 1112 1201 1994 2367 2392 879 778 558 785 466 217 302 200 9999 455 2875 1047 1059 1310 
1521 842 956 1047 1826 2350 2368 1318 1059 720 972 731 456 597 294 455 9999 2435 1443 1398 1061 
3952 2256 2740 2772 3061 3904 3892 3751 3421 3054 3265 3124 2883 3018 2729 2875 2435 9999 3867 3782 2525 
364 1829 1477 1525 2129 2095 2136 317 523 855 741 750 988 850 1151 1047 1443 3867 9999 261 1770 
623 1667 1278 1316 1882 1836 1877 535 363 730 555 669 948 806 1119 1059 1398 3782 261 9999 1573 
2033 326 296 275 791 1484 1487 1839 1247 971 1030 1126 1124 1159 1124 1310 1061 2525 1770 1573 9999 
