NAME: ds_824_courier_4474
TYPE: TSP
COMMENT: nil
DIMENSION: 21
EDGE_WEIGHT_TYPE: EXPLICIT
EDGE_WEIGHT_FORMAT: FULL_MATRIX
EDGE_WEIGHT_SECTION
9999 1079 1235 1186 1023 847 1451 824 781 1220 1727 1581 1604 1729 2023 2098 1964 1465 1668 1908 784 
1079 9999 225 413 592 630 2108 473 1239 1651 1503 1080 1159 1432 1331 1209 1157 841 788 1325 761 
1235 225 9999 262 522 623 2119 500 1263 1635 1361 906 991 1278 1116 984 934 657 563 1125 986 
1186 413 262 9999 286 432 1900 368 1064 1402 1103 667 747 1025 951 922 818 430 485 922 1113 
1023 592 522 286 9999 183 1614 239 783 1118 939 604 657 885 1007 1093 944 444 685 916 1145 
847 630 623 432 183 9999 1496 167 641 1023 1012 749 787 977 1177 1276 1126 618 865 1071 1055 
1451 2108 2119 1900 1614 1496 9999 1639 869 524 1424 1721 1662 1520 2161 2487 2280 1823 2200 1955 2194 
824 473 500 368 239 167 1639 9999 773 1179 1156 842 894 1111 1233 1275 1147 670 845 1152 913 
781 1239 1263 1064 783 641 869 773 9999 469 1047 1090 1070 1085 1569 1795 1608 1097 1436 1397 1399 
1220 1651 1635 1402 1118 1023 524 1179 469 9999 947 1199 1144 1030 1649 1964 1758 1299 1678 1447 1868 
1727 1503 1361 1103 939 1012 1424 1156 1047 947 9999 500 405 118 789 1192 980 737 1081 576 2066 
1581 1080 906 667 604 749 1721 842 1090 1199 500 9999 95 395 479 769 559 251 583 327 1737 
1604 1159 991 747 657 787 1662 894 1070 1144 405 95 9999 301 509 839 626 342 676 327 1798 
1729 1432 1278 1025 885 977 1520 1111 1085 1030 118 395 301 9999 673 1074 861 640 971 460 2024 
2023 1331 1116 951 1007 1177 2161 1233 1569 1649 789 479 509 673 9999 439 262 563 584 213 2063 
2098 1209 984 922 1093 1276 2487 1275 1795 1964 1192 769 839 1074 439 9999 214 698 438 631 1970 
1964 1157 934 818 944 1126 2280 1147 1608 1758 980 559 626 861 262 214 9999 520 373 428 1910 
1465 841 657 430 444 618 1823 670 1097 1299 737 251 342 640 563 698 520 9999 386 497 1529 
1668 788 563 485 685 865 2200 845 1436 1678 1081 583 676 971 584 438 373 386 9999 657 1545 
1908 1325 1125 922 916 1071 1955 1152 1397 1447 576 327 327 460 213 631 428 497 657 9999 2025 
784 761 986 1113 1145 1055 2194 913 1399 1868 2066 1737 1798 2024 2063 1970 1910 1529 1545 2025 9999 
