NAME: ds_814_courier_75
TYPE: TSP
COMMENT: nil
DIMENSION: 37
EDGE_WEIGHT_TYPE: EXPLICIT
EDGE_WEIGHT_FORMAT: FULL_MATRIX
EDGE_WEIGHT_SECTION
9999 2314 2306 1952 2063 2396 2326 2435 2336 1866 2111 2328 2444 1624 1616 1985 1731 1998 1468 1483 1635 1590 1512 1451 1286 1368 1668 1643 1232 1296 1486 1088 1147 1272 187 796 3950 
2314 9999 742 774 870 1197 903 439 557 548 292 57 129 918 714 455 662 563 1047 1034 868 734 896 928 2043 2042 1959 1913 1704 1583 1491 1309 1630 1760 2138 1824 3463 
2306 742 9999 353 277 456 161 1181 1289 565 539 799 776 682 837 495 663 382 1456 1447 1332 1025 820 890 2438 2460 2462 2413 2092 1989 1961 1548 1983 2162 2119 2059 4181 
1952 774 353 9999 164 604 401 1184 1247 338 489 826 859 329 552 349 377 215 1199 1193 1106 767 480 552 2144 2174 2207 2158 1803 1709 1706 1234 1687 1876 1765 1732 4063 
2063 870 277 164 9999 440 264 1297 1374 495 603 925 938 457 715 485 541 344 1363 1357 1269 931 628 700 2304 2334 2371 2322 1964 1871 1869 1389 1846 2037 1876 1881 4214 
2396 1197 456 604 440 9999 294 1636 1740 926 977 1254 1230 867 1155 895 981 758 1803 1797 1706 1370 1051 1123 2738 2770 2811 2762 2399 2309 2309 1818 2280 2473 2213 2295 4621 
2326 903 161 401 264 294 9999 1342 1448 679 690 960 937 719 935 627 758 499 1571 1563 1457 1137 880 952 2537 2563 2580 2531 2193 2095 2078 1632 2080 2265 2139 2133 4336 
2435 439 1181 1184 1297 1636 1342 9999 177 902 696 382 433 1262 962 841 982 969 1011 996 825 875 1187 1196 1915 1898 1750 1708 1603 1478 1341 1359 1561 1645 2273 1825 3046 
2336 557 1289 1247 1374 1740 1448 177 9999 938 773 503 581 1280 945 898 997 1035 886 871 706 820 1180 1178 1753 1733 1576 1536 1449 1324 1179 1251 1415 1488 2181 1694 2906 
1866 548 565 338 495 926 679 902 938 9999 270 589 663 371 282 119 135 183 893 885 781 460 369 418 1874 1895 1902 1853 1527 1425 1400 997 1421 1597 1682 1518 3725 
2111 292 539 489 603 977 690 696 773 270 9999 341 397 632 496 165 398 275 990 979 838 595 635 678 1996 2007 1971 1923 1649 1536 1479 1175 1557 1713 1929 1700 3645 
2328 57 799 826 925 1254 960 382 503 589 341 9999 128 960 738 501 698 614 1035 1021 853 742 929 957 2023 2021 1929 1884 1687 1565 1467 1310 1617 1742 2153 1821 3409 
2444 129 776 859 938 1230 937 433 581 663 397 128 9999 1029 842 561 782 654 1163 1149 981 862 1018 1053 2151 2148 2051 2006 1815 1693 1593 1435 1745 1870 2267 1948 3478 
1624 918 682 329 457 867 719 1262 1280 371 632 960 1029 9999 382 469 283 413 998 995 950 601 192 260 1878 1915 1983 1935 1545 1463 1489 954 1422 1620 1437 1429 3962 
1616 714 837 552 715 1155 935 962 945 282 496 738 842 382 9999 390 177 458 649 643 575 224 237 235 1603 1628 1656 1607 1258 1160 1154 716 1147 1329 1435 1236 3581 
1985 455 495 349 485 895 627 841 898 119 165 501 561 469 390 9999 254 141 966 957 837 542 487 538 1960 1978 1968 1920 1612 1506 1469 1100 1511 1680 1801 1623 3732 
1731 662 663 377 541 981 758 982 997 135 398 698 782 283 177 254 9999 290 822 816 733 390 238 284 1779 1805 1830 1781 1435 1337 1329 885 1323 1506 1547 1400 3720 
1998 563 382 215 344 758 499 969 1035 183 275 614 654 413 458 141 290 9999 1076 1067 959 643 487 550 2056 2078 2083 2034 1710 1607 1582 1173 1602 1780 1813 1690 3872 
1468 1047 1456 1199 1363 1803 1571 1011 886 893 990 1035 1163 998 649 966 822 1076 9999 15 189 434 810 754 1007 1018 1010 961 662 547 508 385 582 724 1326 814 3008 
1483 1034 1447 1193 1357 1797 1563 996 871 885 979 1021 1149 995 643 957 816 1067 15 9999 174 427 808 753 1019 1029 1017 968 674 558 515 399 596 736 1340 829 3006 
1635 868 1332 1106 1269 1706 1457 825 706 781 838 853 981 950 575 837 733 959 189 174 9999 351 775 733 1175 1179 1135 1086 835 715 641 547 765 893 1485 1001 3015 
1590 734 1025 767 931 1370 1137 875 820 460 595 742 862 601 224 542 390 643 434 427 351 9999 433 402 1418 1437 1444 1395 1071 965 942 584 970 1139 1419 1108 3361 
1512 896 820 480 628 1051 880 1187 1180 369 635 929 1018 192 237 487 238 487 810 808 775 433 9999 73 1689 1724 1791 1742 1354 1271 1297 766 1232 1429 1326 1254 3790 
1451 928 890 552 700 1123 952 1196 1178 418 678 957 1053 260 235 538 284 550 754 753 733 402 73 9999 1618 1655 1727 1678 1285 1204 1235 695 1162 1360 1266 1181 3746 
1286 2043 2438 2144 2304 2738 2537 1915 1753 1874 1996 2023 2151 1878 1603 1960 1779 2056 1007 1019 1175 1418 1689 1618 9999 82 406 397 347 461 575 925 458 283 1268 582 2664 
1368 2042 2460 2174 2334 2770 2563 1898 1733 1895 2007 2021 2148 1915 1628 1978 1805 2078 1018 1029 1179 1437 1724 1655 82 9999 328 323 371 472 559 966 493 299 1348 653 2582 
1668 1959 2462 2207 2371 2811 2580 1750 1576 1902 1971 1929 2051 1983 1656 1968 1830 2083 1010 1017 1135 1444 1791 1727 406 328 9999 49 506 538 502 1080 638 438 1630 907 2291 
1643 1913 2413 2158 2322 2762 2531 1708 1536 1853 1923 1884 2006 1935 1607 1920 1781 2034 961 968 1086 1395 1742 1678 397 323 49 9999 466 492 453 1034 596 400 1600 875 2322 
1232 1704 2092 1803 1964 2399 2193 1603 1449 1527 1649 1687 1815 1545 1258 1612 1435 1710 662 674 835 1071 1354 1285 347 371 506 466 9999 125 300 602 134 76 1164 438 2776 
1296 1583 1989 1709 1871 2309 2095 1478 1324 1425 1536 1565 1693 1463 1160 1506 1337 1607 547 558 715 965 1271 1204 461 472 538 492 125 9999 196 542 148 178 1212 502 2765 
1486 1491 1961 1706 1869 2309 2078 1341 1179 1400 1479 1467 1593 1489 1154 1469 1329 1582 508 515 641 942 1297 1235 575 559 502 453 300 196 9999 635 341 318 1396 696 2626 
1088 1309 1548 1234 1389 1818 1632 1359 1251 997 1175 1310 1435 954 716 1100 885 1173 385 399 547 584 766 695 925 966 1080 1034 602 542 635 9999 473 678 942 525 3257 
1147 1630 1983 1687 1846 2280 2080 1561 1415 1421 1557 1617 1745 1422 1147 1511 1323 1602 582 596 765 970 1232 1162 458 493 638 596 134 148 341 473 9999 209 1065 355 2897 
1272 1760 2162 1876 2037 2473 2265 1645 1488 1597 1713 1742 1870 1620 1329 1680 1506 1780 724 736 893 1139 1429 1360 283 299 438 400 76 178 318 678 209 9999 1213 484 2718 
187 2138 2119 1765 1876 2213 2139 2273 2181 1682 1929 2153 2267 1437 1435 1801 1547 1813 1326 1340 1485 1419 1326 1266 1268 1348 1630 1600 1164 1212 1396 942 1065 1213 9999 729 3920 
796 1824 2059 1732 1881 2295 2133 1825 1694 1518 1700 1821 1948 1429 1236 1623 1400 1690 814 829 1001 1108 1254 1181 582 653 907 875 438 502 696 525 355 484 729 9999 3197 
3950 3463 4181 4063 4214 4621 4336 3046 2906 3725 3645 3409 3478 3962 3581 3732 3720 3872 3008 3006 3015 3361 3790 3746 2664 2582 2291 2322 2776 2765 2626 3257 2897 2718 3920 3197 9999 
