NAME: ds_816_courier_435
TYPE: TSP
COMMENT: nil
DIMENSION: 20
EDGE_WEIGHT_TYPE: EXPLICIT
EDGE_WEIGHT_FORMAT: FULL_MATRIX
EDGE_WEIGHT_SECTION
9999 3010 1147 1279 1673 1074 1078 1119 990 832 1092 505 496 832 424 1482 1026 1241 956 1675 
3010 9999 3339 1778 2705 3335 1933 1908 2114 2204 3558 2951 2705 2766 2629 3417 1994 1782 2254 2698 
1147 3339 9999 1636 950 80 1639 1583 1316 1347 298 684 896 613 1096 345 1542 1689 1136 957 
1279 1778 1636 9999 1329 1616 290 180 339 447 1816 1175 928 1029 869 1798 277 122 501 1325 
1673 2705 950 1329 9999 1002 1500 1387 1155 1318 1248 1193 1201 842 1371 824 1408 1436 992 8 
1074 3335 80 1616 1002 9999 1606 1555 1291 1310 253 621 844 588 1041 424 1509 1664 1115 1008 
1078 1933 1639 290 1500 1606 9999 126 356 303 1777 1083 821 1028 705 1850 100 191 543 1496 
1119 1908 1583 180 1387 1555 126 9999 271 296 1738 1065 808 969 721 1776 98 126 459 1384 
990 2114 1316 339 1155 1291 356 271 9999 207 1483 837 596 703 567 1505 259 373 189 1152 
832 2204 1347 447 1318 1310 303 296 207 9999 1475 781 520 741 426 1574 217 422 326 1316 
1092 3558 298 1816 1248 253 1777 1738 1483 1475 9999 722 975 793 1154 568 1684 1853 1317 1255 
505 2951 684 1175 1193 621 1083 1065 837 781 722 9999 262 360 432 999 997 1187 713 1196 
496 2705 896 928 1201 844 821 808 596 520 975 262 9999 386 206 1180 737 932 501 1202 
832 2766 613 1029 842 588 1028 969 703 741 793 360 386 9999 584 838 930 1077 528 844 
424 2629 1096 869 1371 1041 705 721 567 426 1154 432 206 584 9999 1386 635 847 540 1372 
1482 3417 345 1798 824 424 1850 1776 1505 1574 568 999 1180 838 1386 9999 1750 1870 1317 832 
1026 1994 1542 277 1408 1509 100 98 259 217 1684 997 737 930 635 1750 9999 216 444 1405 
1241 1782 1689 122 1436 1664 191 126 373 422 1853 1187 932 1077 847 1870 216 9999 555 1432 
956 2254 1136 501 992 1115 543 459 189 326 1317 713 501 528 540 1317 444 555 9999 990 
1675 2698 957 1325 8 1008 1496 1384 1152 1316 1255 1196 1202 844 1372 832 1405 1432 990 9999 
