NAME: ds_822_courier_4474
TYPE: TSP
COMMENT: nil
DIMENSION: 36
EDGE_WEIGHT_TYPE: EXPLICIT
EDGE_WEIGHT_FORMAT: FULL_MATRIX
EDGE_WEIGHT_SECTION
9999 1190 1824 904 1729 1411 2032 1649 1356 1749 2041 2121 728 876 1453 1959 1991 1394 1134 1120 1123 1501 1190 1247 1473 1043 1055 801 756 1273 1215 1001 918 1226 32 1243 
1190 9999 1810 1291 1771 1633 2068 1980 1766 1369 2065 2288 646 663 561 1786 1860 1351 527 402 395 567 465 65 677 1642 1681 1442 1906 1723 1634 1113 1731 1898 1207 55 
1824 1810 9999 925 109 457 257 530 666 592 256 507 1375 1242 1389 254 217 481 1284 1409 1415 1431 1351 1859 1262 971 998 1109 1922 737 727 855 1258 1044 1804 1842 
904 1291 925 9999 827 509 1128 788 515 987 1137 1231 667 631 1161 1085 1105 546 866 954 961 1219 956 1354 1096 360 403 257 1087 452 369 258 547 615 882 1340 
1729 1771 109 827 9999 349 316 443 558 625 321 520 1307 1181 1375 351 324 423 1245 1369 1376 1420 1316 1822 1252 861 889 1003 1814 628 618 775 1148 937 1708 1805 
1411 1633 457 509 349 9999 626 349 255 782 636 726 1085 990 1335 673 665 362 1128 1244 1251 1387 1211 1690 1229 516 546 658 1465 302 273 539 804 625 1387 1674 
2032 2068 257 1128 316 626 9999 544 771 816 19 285 1622 1494 1640 390 306 733 1541 1666 1673 1680 1608 2116 1512 1107 1126 1281 2058 855 870 1092 1383 1124 2010 2099 
1649 1980 530 788 443 349 544 9999 293 1041 561 496 1416 1331 1678 783 736 689 1477 1593 1600 1729 1560 2038 1568 630 636 851 1551 379 435 876 878 590 1622 2022 
1356 1766 666 515 558 255 771 293 9999 1036 786 781 1170 1105 1530 903 882 600 1288 1396 1403 1584 1376 1827 1434 343 357 558 1287 87 148 654 612 380 1329 1812 
1749 1369 592 987 625 782 816 1041 1036 9999 806 1092 1118 956 867 452 537 466 871 989 994 898 910 1407 735 1218 1258 1238 2075 1069 1012 776 1489 1390 1738 1389 
2041 2065 256 1137 321 636 19 561 786 806 9999 300 1625 1495 1634 376 292 734 1539 1664 1671 1674 1605 2114 1506 1120 1140 1292 2072 869 882 1096 1397 1140 2019 2097 
2121 2288 507 1231 520 726 285 496 781 1092 300 9999 1795 1682 1892 675 592 937 1763 1887 1894 1935 1836 2340 1767 1123 1132 1334 2044 869 911 1250 1373 1075 2096 2323 
728 646 1375 667 1307 1085 1622 1416 1170 1118 1625 1795 9999 165 734 1432 1486 894 407 413 417 785 470 710 745 1005 1042 797 1334 1115 1028 548 1086 1259 731 698 
876 663 1242 631 1181 990 1494 1331 1105 956 1495 1682 165 9999 620 1283 1341 761 287 338 344 675 367 726 610 987 1028 808 1434 1060 971 456 1110 1243 875 711 
1453 561 1389 1161 1375 1335 1640 1678 1530 867 1634 1892 734 620 9999 1311 1393 993 333 336 335 58 264 579 132 1516 1560 1384 2054 1512 1426 916 1691 1763 1459 564 
1959 1786 254 1085 351 673 390 783 903 452 376 675 1432 1283 1311 9999 87 565 1268 1391 1398 1345 1322 1829 1180 1187 1218 1296 2128 968 946 961 1476 1283 1941 1812 
1991 1860 217 1105 324 665 306 736 882 537 292 592 1486 1341 1393 87 9999 605 1339 1463 1469 1428 1395 1904 1262 1181 1209 1305 2129 952 937 999 1469 1260 1972 1887 
1394 1351 481 546 423 362 733 689 600 466 734 937 894 761 993 565 605 9999 828 951 958 1042 903 1404 880 751 792 786 1627 618 552 395 1024 932 1378 1387 
1134 527 1284 866 1245 1128 1541 1477 1288 871 1539 1763 407 287 333 1268 1339 828 9999 125 132 388 90 577 339 1226 1269 1072 1721 1258 1169 642 1378 1479 1138 560 
1120 402 1409 954 1369 1244 1666 1593 1396 989 1664 1887 413 338 336 1391 1463 951 125 9999 7 381 89 453 387 1314 1356 1144 1747 1361 1272 744 1448 1569 1127 436 
1123 395 1415 961 1376 1251 1673 1600 1403 994 1671 1894 417 344 335 1398 1469 958 132 7 9999 379 92 446 388 1320 1362 1150 1751 1368 1279 751 1454 1576 1129 429 
1501 567 1431 1219 1420 1387 1680 1729 1584 898 1674 1935 785 675 58 1345 1428 1042 388 381 379 9999 315 579 168 1573 1618 1442 2108 1568 1482 974 1749 1820 1507 564 
1190 465 1351 956 1316 1211 1608 1560 1376 910 1605 1836 470 367 264 1322 1395 903 90 89 92 315 9999 510 300 1316 1359 1160 1796 1347 1258 732 1466 1569 1195 492 
1247 65 1859 1354 1822 1690 2116 2038 1827 1407 2114 2340 710 726 579 1829 1904 1404 577 453 446 579 510 9999 701 1706 1745 1506 1966 1785 1696 1173 1795 1962 1264 17 
1473 677 1262 1096 1252 1229 1512 1568 1434 735 1506 1767 745 610 132 1180 1262 880 339 387 388 168 300 701 9999 1444 1488 1330 2036 1422 1337 843 1635 1685 1475 684 
1043 1642 971 360 861 516 1107 630 343 1218 1120 1123 1005 987 1516 1187 1181 751 1226 1314 1320 1573 1316 1706 1444 9999 45 250 954 256 244 601 289 257 1014 1692 
1055 1681 998 403 889 546 1126 636 357 1258 1140 1132 1042 1028 1560 1218 1209 792 1269 1356 1362 1618 1359 1745 1488 45 9999 272 932 272 272 645 260 218 1025 1731 
801 1442 1109 257 1003 658 1281 851 558 1238 1292 1334 797 808 1384 1296 1305 786 1072 1144 1150 1442 1160 1506 1330 250 272 9999 842 473 423 509 307 480 773 1494 
756 1906 1922 1087 1814 1465 2058 1551 1287 2075 2072 2044 1334 1434 2054 2128 2129 1627 1721 1747 1751 2108 1796 1966 2036 954 932 842 9999 1204 1197 1314 676 974 730 1960 
1273 1723 737 452 628 302 855 379 87 1069 869 869 1115 1060 1512 968 952 618 1258 1361 1368 1568 1347 1785 1422 256 272 473 1204 9999 89 617 529 324 1245 1770 
1215 1634 727 369 618 273 870 435 148 1012 882 911 1028 971 1426 946 937 552 1169 1272 1279 1482 1258 1696 1337 244 272 423 1197 89 9999 528 531 380 1189 1681 
1001 1113 855 258 775 539 1092 876 654 776 1096 1250 548 456 916 961 999 395 642 744 751 974 732 1173 843 601 645 509 1314 617 528 9999 805 846 986 1158 
918 1731 1258 547 1148 804 1383 878 612 1489 1397 1373 1086 1110 1691 1476 1469 1024 1378 1448 1454 1749 1466 1795 1635 289 260 307 676 529 531 805 9999 329 886 1784 
1226 1898 1044 615 937 625 1124 590 380 1390 1140 1075 1259 1243 1763 1283 1260 932 1479 1569 1576 1820 1569 1962 1685 257 218 480 974 324 380 846 329 9999 1196 1949 
32 1207 1804 882 1708 1387 2010 1622 1329 1738 2019 2096 731 875 1459 1941 1972 1378 1138 1127 1129 1507 1195 1264 1475 1014 1025 773 730 1245 1189 986 886 1196 9999 1260 
1243 55 1842 1340 1805 1674 2099 2022 1812 1389 2097 2323 698 711 564 1812 1887 1387 560 436 429 564 492 17 684 1692 1731 1494 1960 1770 1681 1158 1784 1949 1260 9999 
