NAME: ds_903_courier_1558
TYPE: TSP
COMMENT: nil
DIMENSION: 8
EDGE_WEIGHT_TYPE: EXPLICIT
EDGE_WEIGHT_FORMAT: FULL_MATRIX
EDGE_WEIGHT_SECTION
9999 1827 42 1485 1815 1497 2208 2129 
1827 9999 1848 344 249 2776 3632 3683 
42 1848 9999 1505 1831 1523 2224 2139 
1485 344 1505 9999 381 2501 3351 3384 
1815 249 1831 381 9999 2883 3732 3762 
1497 2776 1523 2501 2883 9999 859 980 
2208 3632 2224 3351 3732 859 9999 347 
2129 3683 2139 3384 3762 980 347 9999 
