,0,1,2,3,4,5
0,0.0,3254.483597108541,3458.377223795991,3370.1824829730103,3344.129118795643,46.33677802446336
1,3254.483597108541,0.0,1924.9984484191918,157.43943333963858,477.3822333127628,3250.0561884794893
2,3458.377223795991,1924.9984484191918,0.0,1844.2595216041295,1476.606376068466,3479.84623462088
3,3370.1824829730103,157.43943333963858,1844.2595216041295,0.0,370.04565663833563,3367.23378901043
4,3344.129118795643,477.3822333127628,1476.606376068466,370.04565663833563,0.0,3346.2777701850086
5,46.33677802446336,3250.0561884794893,3479.84623462088,3367.23378901043,3346.2777701850086,0.0
