NAME: ds_921_courier_1103
TYPE: TSP
COMMENT: nil
DIMENSION: 36
EDGE_WEIGHT_TYPE: EXPLICIT
EDGE_WEIGHT_FORMAT: FULL_MATRIX
EDGE_WEIGHT_SECTION
9999 3316 3121 3598 3589 2634 2999 2990 2277 2236 2225 2220 2231 2169 2010 2179 2052 2170 2193 1822 1939 602 704 742 574 521 1007 492 1106 418 546 520 574 177 959 4219 
3316 9999 268 282 403 809 2710 2716 1798 2135 2119 2051 2176 2185 1788 1637 1719 1468 1618 1786 1686 3616 3390 3412 3544 3831 4276 3598 4008 3106 3041 3030 2841 3204 3689 6535 
3121 268 9999 510 669 761 2771 2775 1782 2121 2103 2034 2162 2163 1727 1595 1660 1406 1577 1691 1602 3395 3160 3180 3323 3632 4065 3382 3774 2891 2821 2812 2628 3001 3453 6474 
3598 282 510 9999 319 1069 2876 2882 2026 2359 2344 2278 2399 2413 2039 1881 1970 1723 1861 2052 1948 3894 3664 3685 3822 4113 4556 3877 4280 3385 3319 3308 3121 3485 3960 6776 
3589 403 669 319 9999 974 2610 2617 1839 2161 2148 2084 2201 2221 1893 1723 1824 1590 1702 1941 1829 3928 3716 3740 3857 4108 4568 3901 4339 3410 3354 3340 3144 3489 4024 6589 
2634 809 761 1069 974 9999 2052 2055 1021 1361 1343 1273 1401 1402 980 838 911 659 818 983 879 3011 2824 2852 2942 3154 3626 2973 3451 2487 2444 2427 2223 2544 3146 5730 
2999 2710 2771 2876 2610 2052 9999 13 1144 910 930 981 890 940 1397 1385 1423 1590 1393 1621 1589 3586 3571 3610 3543 3406 3901 3487 4098 3148 3194 3160 2972 3035 3895 4224 
2990 2716 2775 2882 2617 2055 13 9999 1144 907 927 978 886 936 1394 1384 1422 1590 1393 1618 1587 3577 3563 3603 3534 3396 3891 3478 4089 3141 3187 3153 2965 3027 3887 4212 
2277 1798 1782 2026 1839 1021 1144 1144 9999 340 322 253 380 387 299 241 298 450 250 537 469 2798 2708 2744 2741 2766 3271 2723 3299 2298 2310 2280 2073 2254 3044 4753 
2236 2135 2121 2359 2161 1361 910 907 340 9999 22 90 40 78 503 549 545 762 565 714 697 2793 2739 2777 2742 2697 3203 2706 3302 2319 2349 2317 2118 2240 3071 4428 
2225 2119 2103 2344 2148 1343 930 927 322 22 9999 70 59 80 482 529 523 741 544 693 676 2780 2724 2762 2729 2688 3194 2694 3289 2304 2334 2302 2103 2227 3057 4442 
2220 2051 2034 2278 2084 1273 981 978 253 90 70 9999 129 137 421 460 458 672 475 640 615 2769 2705 2743 2716 2689 3196 2684 3276 2287 2312 2281 2080 2217 3039 4505 
2231 2176 2162 2399 2201 1401 890 886 380 40 59 129 9999 62 535 587 578 800 603 741 728 2792 2742 2780 2742 2688 3194 2704 3302 2321 2353 2321 2124 2239 3074 4389 
2169 2185 2163 2413 2221 1402 940 936 387 78 80 137 62 9999 506 577 555 786 594 701 697 2730 2681 2720 2680 2626 3132 2642 3240 2260 2293 2261 2064 2177 3013 4369 
2010 1788 1727 2039 1893 980 1397 1394 299 503 482 421 535 506 9999 184 69 322 203 239 194 2516 2416 2452 2458 2509 3012 2445 3013 2010 2017 1989 1780 1977 2753 4750 
2179 1637 1595 1881 1723 838 1385 1384 241 549 529 460 587 577 184 9999 128 214 20 366 266 2672 2560 2595 2612 2682 3183 2604 3164 2160 2161 2134 1924 2139 2897 4897 
2052 1719 1660 1970 1824 911 1423 1422 298 545 523 458 578 555 69 128 9999 254 144 250 171 2550 2443 2478 2490 2555 3056 2480 3043 2040 2043 2015 1806 2015 2780 4819 
2170 1468 1406 1723 1590 659 1590 1590 450 762 741 672 800 786 322 214 254 9999 201 367 247 2631 2497 2530 2568 2683 3177 2572 3111 2111 2099 2074 1863 2114 2833 5072 
2193 1618 1577 1861 1702 818 1393 1393 250 565 544 475 603 594 203 20 144 201 9999 378 274 2684 2571 2605 2624 2697 3197 2617 3175 2172 2171 2144 1934 2152 2907 4917 
1822 1786 1691 2052 1941 983 1621 1618 537 714 693 640 741 701 239 366 250 367 378 9999 121 2307 2194 2230 2246 2330 2828 2240 2798 1794 1795 1767 1558 1776 2532 4791 
1939 1686 1602 1948 1829 879 1589 1587 469 697 676 615 728 697 194 266 171 247 274 121 9999 2417 2299 2333 2356 2448 2945 2353 2905 1902 1899 1872 1662 1890 2635 4873 
602 3616 3395 3894 3928 3011 3586 3577 2798 2793 2780 2769 2792 2730 2516 2672 2550 2631 2684 2307 2417 9999 305 316 73 528 715 123 512 526 575 588 788 554 382 4588 
704 3390 3160 3664 3716 2824 3571 3563 2708 2739 2724 2705 2742 2681 2416 2560 2443 2497 2571 2194 2299 305 9999 40 247 809 1012 384 627 423 400 428 637 581 337 4843 
742 3412 3180 3685 3740 2852 3610 3603 2744 2777 2762 2743 2780 2720 2452 2595 2478 2530 2605 2230 2333 316 40 9999 264 830 1013 404 600 462 435 464 672 621 302 4871 
574 3544 3323 3822 3857 2942 3543 3534 2741 2742 2729 2716 2742 2680 2458 2612 2490 2568 2624 2246 2356 73 247 264 9999 567 785 142 560 459 503 517 720 508 388 4618 
521 3831 3632 4113 4108 3154 3406 3396 2766 2697 2688 2689 2688 2626 2509 2682 2555 2683 2697 2330 2448 528 809 830 567 9999 507 426 864 791 902 894 1028 632 883 4062 
1007 4276 4065 4556 4568 3626 3901 3891 3271 3203 3194 3196 3194 3132 3012 3183 3056 3177 3197 2828 2945 715 1012 1013 785 507 9999 693 700 1176 1259 1262 1437 1082 901 4169 
492 3598 3382 3877 3901 2973 3487 3478 2723 2706 2694 2684 2704 2642 2445 2604 2480 2572 2617 2240 2353 123 384 404 142 426 693 9999 614 492 566 571 757 469 505 4476 
1106 4008 3774 4280 4339 3451 4098 4089 3299 3302 3289 3276 3302 3240 3013 3164 3043 3111 3175 2798 2905 512 627 600 560 864 700 614 9999 1004 1015 1038 1249 1065 325 4847 
418 3106 2891 3385 3410 2487 3148 3141 2298 2319 2304 2287 2321 2260 2010 2160 2040 2111 2172 1794 1902 526 423 462 459 791 1176 492 1004 9999 128 107 266 243 753 4636 
546 3041 2821 3319 3354 2444 3194 3187 2310 2349 2334 2312 2353 2293 2017 2161 2043 2099 2171 1795 1899 575 400 435 503 902 1259 566 1015 128 9999 36 237 370 737 4763 
520 3030 2812 3308 3340 2427 3160 3153 2280 2317 2302 2281 2321 2261 1989 2134 2015 2074 2144 1767 1872 588 428 464 517 894 1262 571 1038 107 36 9999 211 343 764 4736 
574 2841 2628 3121 3144 2223 2972 2965 2073 2118 2103 2080 2124 2064 1780 1924 1806 1863 1934 1558 1662 788 637 672 720 1028 1437 757 1249 266 237 211 9999 409 974 4729 
177 3204 3001 3485 3489 2544 3035 3027 2254 2240 2227 2217 2239 2177 1977 2139 2015 2114 2152 1776 1890 554 581 621 508 632 1082 469 1065 243 370 343 409 9999 872 4393 
959 3689 3453 3960 4024 3146 3895 3887 3044 3071 3057 3039 3074 3013 2753 2897 2780 2833 2907 2532 2635 382 337 302 388 883 901 505 325 753 737 764 974 872 9999 4942 
4219 6535 6474 6776 6589 5730 4224 4212 4753 4428 4442 4505 4389 4369 4750 4897 4819 5072 4917 4791 4873 4588 4843 4871 4618 4062 4169 4476 4847 4636 4763 4736 4729 4393 4942 9999 
