NAME: ds_907_courier_487
TYPE: TSP
COMMENT: nil
DIMENSION: 6
EDGE_WEIGHT_TYPE: EXPLICIT
EDGE_WEIGHT_FORMAT: FULL_MATRIX
EDGE_WEIGHT_SECTION
9999 3456 2967 4308 3882 2621 
3456 9999 2634 5969 5453 2651 
2967 2634 9999 3421 2916 356 
4308 5969 3421 9999 516 3326 
3882 5453 2916 516 9999 2812 
2621 2651 356 3326 2812 9999 
