NAME: ds_517_courier_435
TYPE: TSP
COMMENT: nil
DIMENSION: 13
EDGE_WEIGHT_TYPE: EXPLICIT
EDGE_WEIGHT_FORMAT: FULL_MATRIX
EDGE_WEIGHT_SECTION
9999 1302 1866 248 1729 677 1003 1216 1231 3007 883 2973 961 
1302 9999 580 1223 538 705 443 1348 1555 3097 1279 3059 1220 
1866 580 9999 1760 274 1225 1001 1635 1866 3151 1673 3114 1586 
248 1223 1760 9999 1595 536 1002 967 987 2768 635 2734 713 
1729 538 274 1595 9999 1062 981 1374 1607 2884 1437 2846 1344 
677 705 1225 536 1062 9999 610 875 1017 2750 669 2713 658 
1003 443 1001 1002 981 610 9999 1452 1617 3300 1278 3263 1258 
1216 1348 1635 967 1374 875 1452 9999 236 1877 340 1841 256 
1231 1555 1866 987 1607 1017 1617 236 9999 1787 371 1752 359 
3007 3097 3151 2768 2884 2750 3300 1877 1787 9999 2155 38 2117 
883 1279 1673 635 1437 669 1278 340 371 2155 9999 2120 117 
2973 3059 3114 2734 2846 2713 3263 1841 1752 38 2120 9999 2081 
961 1220 1586 713 1344 658 1258 256 359 2117 117 2081 9999 
