,0,1,2,3,4,5,6,7
0,0.0,2981.0799583404737,3007.224696542884,2697.917054155212,2871.753940630403,3457.9059739154463,4265.536577171746,8610.676572139217
1,2981.0799583404737,0.0,195.49700523163122,559.3180435883745,973.576982681587,3108.19862171187,3671.7099022353473,5632.266222785792
2,3007.224696542884,195.49700523163122,0.0,735.9927495256115,1166.5747611824204,3297.4179036120745,3485.0334624566412,5605.599743471092
3,2697.917054155212,559.3180435883745,735.9927495256115,0.0,482.49460716612174,2570.0406813574587,4079.1028936082744,5994.078375203799
4,2871.753940630403,973.576982681587,1166.5747611824204,482.49460716612174,0.0,2139.920627861391,4561.4800566609,6018.117819983405
5,3457.9059739154463,3108.19862171187,3297.4179036120745,2570.0406813574587,2139.920627861391,0.0,6521.969960355852,7451.848964820858
6,4265.536577171746,3671.7099022353473,3485.0334624566412,4079.1028936082744,4561.4800566609,6521.969960355852,0.0,7138.220770748031
7,8610.676572139217,5632.266222785792,5605.599743471092,5994.078375203799,6018.117819983405,7451.848964820858,7138.220770748031,0.0
