NAME: ds_910_courier_1520
TYPE: TSP
COMMENT: nil
DIMENSION: 24
EDGE_WEIGHT_TYPE: EXPLICIT
EDGE_WEIGHT_FORMAT: FULL_MATRIX
EDGE_WEIGHT_SECTION
9999 80 1519 575 1140 66 417 487 771 56 1145 690 254 378 1687 784 837 121 680 643 1759 1547 1402 1488 
80 9999 1592 640 1212 59 340 543 731 136 1225 742 176 459 1765 845 805 200 757 637 1835 1626 1477 1561 
1519 1592 9999 1366 1233 1581 1930 1472 2211 1465 536 1526 1765 1200 388 1439 2240 1420 1127 1954 293 1016 1184 35 
575 640 1366 9999 586 585 895 138 915 538 862 190 769 345 1400 219 915 474 244 616 1532 1055 865 1331 
1140 1212 1233 586 9999 1160 1481 714 1433 1096 710 587 1352 812 1103 444 1404 1027 483 1114 1289 524 287 1201 
66 59 1581 585 1160 9999 364 485 706 116 1198 683 206 424 1742 787 775 168 711 591 1818 1582 1428 1550 
417 340 1930 895 1481 364 9999 771 551 474 1562 942 165 788 2104 1070 651 531 1059 620 2175 1929 1758 1899 
487 543 1472 138 714 485 771 9999 781 461 983 204 655 359 1526 304 786 405 370 489 1651 1192 997 1438 
771 731 2211 915 1433 706 551 781 9999 810 1753 847 629 1014 2301 990 108 828 1150 319 2415 1945 1719 2178 
56 136 1465 538 1096 116 474 461 810 9999 1089 665 311 324 1631 752 872 69 631 663 1704 1496 1355 1434 
1145 1225 536 862 710 1198 1562 983 1753 1089 9999 1008 1400 778 551 910 1767 1031 618 1472 670 646 722 502 
690 742 1526 190 587 683 942 204 847 665 1008 9999 841 527 1528 144 825 608 401 529 1674 1098 875 1491 
254 176 1765 769 1352 206 165 655 629 311 1400 841 9999 629 1941 959 717 371 914 614 2010 1785 1624 1735 
378 459 1200 345 812 424 788 359 1014 324 778 527 629 9999 1327 556 1049 258 330 779 1417 1177 1053 1167 
1687 1765 388 1400 1103 1742 2104 1526 2301 1631 551 1528 1941 1327 9999 1414 2312 1575 1157 2014 212 744 969 384 
784 845 1439 219 444 787 1070 304 990 752 910 144 959 556 1414 9999 966 690 340 672 1569 957 731 1404 
837 805 2240 915 1404 775 651 786 108 872 1767 825 717 1049 2312 966 9999 883 1156 300 2433 1922 1688 2206 
121 200 1420 474 1027 168 531 405 828 69 1031 608 371 258 1575 690 883 9999 562 656 1653 1427 1286 1389 
680 757 1127 244 483 711 1059 370 1150 631 618 401 914 330 1157 340 1156 562 9999 857 1288 871 725 1092 
643 637 1954 616 1114 591 620 489 319 663 1472 529 614 779 2014 672 300 656 857 9999 2140 1628 1400 1920 
1759 1835 293 1532 1289 1818 2175 1651 2415 1704 670 1674 2010 1417 212 1569 2433 1653 1288 2140 9999 954 1173 309 
1547 1626 1016 1055 524 1582 1929 1192 1945 1496 646 1098 1785 1177 744 957 1922 1427 871 1628 954 9999 271 991 
1402 1477 1184 865 287 1428 1758 997 1719 1355 722 875 1624 1053 969 731 1688 1286 725 1400 1173 271 9999 1155 
1488 1561 35 1331 1201 1550 1899 1438 2178 1434 502 1491 1735 1167 384 1404 2206 1389 1092 1920 309 991 1155 9999 
