NAME: ds_718_courier_1103
TYPE: TSP
COMMENT: nil
DIMENSION: 20
EDGE_WEIGHT_TYPE: EXPLICIT
EDGE_WEIGHT_FORMAT: FULL_MATRIX
EDGE_WEIGHT_SECTION
9999 2190 3591 3282 3239 3084 4305 2154 2141 2251 2179 2234 2157 2160 2258 1882 2221 2136 332 274 
2190 9999 1889 1630 1388 1282 4841 780 1081 1015 983 961 790 600 665 330 208 55 2240 2204 
3591 1889 9999 309 520 607 6722 2634 2941 2848 2834 2797 2643 2454 2485 2161 1706 1911 3482 3477 
3282 1630 309 9999 368 374 6471 2392 2699 2614 2595 2562 2402 2211 2250 1886 1438 1647 3175 3169 
3239 1388 520 368 9999 159 6209 2120 2427 2331 2318 2280 2129 1940 1968 1677 1217 1415 3168 3155 
3084 1282 607 374 159 9999 6117 2032 2339 2250 2233 2198 2041 1851 1886 1558 1101 1304 3010 2998 
4305 4841 6722 6471 6209 6117 9999 4089 3782 3884 3892 3933 4080 4269 4244 4605 5035 4825 4636 4579 
2154 780 2634 2392 2120 2032 4089 9999 307 239 203 186 10 182 172 663 987 779 2314 2263 
2141 1081 2941 2699 2427 2339 3782 307 9999 146 114 172 298 488 465 922 1286 1076 2340 2284 
2251 1015 2848 2614 2331 2250 3884 239 146 9999 73 54 229 415 364 899 1222 1016 2438 2383 
2179 983 2834 2595 2318 2233 3892 203 114 73 9999 65 193 385 353 848 1190 981 2365 2310 
2234 961 2797 2562 2280 2198 3933 186 172 54 65 9999 176 361 313 847 1169 963 2414 2360 
2157 790 2643 2402 2129 2041 4080 10 298 229 193 176 9999 192 179 673 997 790 2318 2267 
2160 600 2454 2211 1940 1851 4269 182 488 415 385 361 192 9999 110 518 808 602 2296 2248 
2258 665 2485 2250 1968 1886 4244 172 465 364 353 313 179 110 9999 620 873 675 2400 2351 
1882 330 2161 1886 1677 1558 4605 663 922 899 848 847 673 518 620 9999 461 284 1955 1916 
2221 208 1706 1438 1217 1101 5035 987 1286 1222 1190 1169 997 808 873 461 9999 211 2241 2210 
2136 55 1911 1647 1415 1304 4825 779 1076 1016 981 963 790 602 675 284 211 9999 2185 2149 
332 2240 3482 3175 3168 3010 4636 2314 2340 2438 2365 2414 2318 2296 2400 1955 2241 2185 9999 64 
274 2204 3477 3169 3155 2998 4579 2263 2284 2383 2310 2360 2267 2248 2351 1916 2210 2149 64 9999 
