NAME: ds_709_courier_1103
TYPE: TSP
COMMENT: nil
DIMENSION: 27
EDGE_WEIGHT_TYPE: EXPLICIT
EDGE_WEIGHT_FORMAT: FULL_MATRIX
EDGE_WEIGHT_SECTION
9999 1893 482 2220 2113 2250 2189 2535 2136 2278 2579 3624 3665 3478 3820 1870 328 981 507 267 280 383 1004 694 767 4295 447 
1893 9999 1788 458 349 894 407 647 326 606 1090 2086 2287 2418 2669 24 2212 2871 2398 1900 1976 1724 2709 2323 2530 4575 1748 
482 1788 9999 2032 1937 2326 2011 2432 2076 2272 2285 3298 3300 3063 3411 1764 720 1267 777 240 291 132 920 535 752 4740 58 
2220 458 2032 9999 117 1229 53 556 582 857 653 1628 1835 2007 2238 468 2546 3200 2713 2182 2258 1992 2938 2556 2784 5008 2001 
2113 349 1937 117 9999 1162 77 580 517 806 746 1740 1939 2089 2330 356 2439 3093 2608 2081 2157 1893 2847 2464 2689 4914 1904 
2250 894 2326 1229 1162 9999 1180 910 648 395 1874 2723 2998 3233 3446 907 2518 3144 2740 2356 2425 2225 3208 2837 2992 3847 2273 
2189 407 2011 53 77 1180 9999 536 533 812 705 1679 1888 2058 2290 417 2515 3170 2684 2157 2233 1968 2920 2537 2763 4955 1978 
2535 647 2432 556 580 910 536 9999 433 522 1072 1817 2108 2406 2585 671 2851 3509 3041 2547 2623 2370 3352 2966 3176 4756 2393 
2136 326 2076 582 517 648 533 433 9999 295 1230 2133 2381 2588 2810 348 2445 3102 2644 2169 2245 2002 2995 2610 2806 4450 2032 
2278 606 2272 857 806 395 812 522 295 9999 1490 2328 2603 2848 3055 626 2574 3222 2783 2341 2415 2186 3182 2800 2982 4241 2224 
2579 1090 2285 653 746 1874 705 1072 1230 1490 9999 1063 1206 1359 1585 1093 2904 3531 3035 2479 2550 2281 3126 2765 3015 5659 2268 
3624 2086 3298 1628 1740 2723 1679 1817 2133 2328 1063 9999 396 1000 960 2095 3946 4560 4063 3505 3574 3308 4086 3745 4001 6569 3287 
3665 2287 3300 1835 1939 2998 1888 2108 2381 2603 1206 396 9999 639 564 2292 3979 4568 4076 3521 3585 3327 4032 3712 3971 6831 3297 
3478 2418 3063 2007 2089 3233 2058 2406 2588 2848 1359 1000 639 9999 355 2417 3772 4313 3836 3297 3354 3113 3695 3410 3668 6990 3071 
3820 2669 3411 2238 2330 3446 2290 2585 2810 3055 1585 960 564 355 9999 2670 4117 4664 4185 3643 3701 3458 4050 3764 4022 7244 3417 
1870 24 1764 468 356 907 417 671 348 626 1093 2095 2292 2417 2670 9999 2189 2848 2375 1876 1952 1700 2684 2298 2505 4575 1723 
328 2212 720 2546 2439 2518 2515 2851 2445 2574 2904 3946 3979 3772 4117 2189 9999 659 232 480 436 659 877 682 636 4246 704 
981 2871 1267 3200 3093 3144 3170 3509 3102 3222 3531 4560 4568 4313 4664 2848 659 9999 497 1055 986 1252 836 939 711 4369 1273 
507 2398 777 2713 2608 2740 2684 3041 2644 2783 3035 4063 4076 3836 4185 2375 232 497 9999 558 491 755 676 565 446 4412 779 
267 1900 240 2182 2081 2356 2157 2547 2169 2341 2479 3505 3521 3297 3643 1876 480 1055 558 9999 76 197 852 492 641 4560 226 
280 1976 291 2258 2157 2425 2233 2623 2245 2415 2550 3574 3585 3354 3701 1952 436 986 491 76 9999 270 784 435 569 4571 288 
383 1724 132 1992 1893 2225 1968 2370 2002 2186 2281 3308 3327 3113 3458 1700 659 1252 755 197 270 9999 996 615 806 4612 77 
1004 2709 920 2938 2847 3208 2920 3352 2995 3182 3126 4086 4032 3695 4050 2684 877 836 676 852 784 996 9999 386 243 5082 962 
694 2323 535 2556 2464 2837 2537 2966 2610 2800 2765 3745 3712 3410 3764 2298 682 939 565 492 435 615 386 9999 259 4925 578 
767 2530 752 2784 2689 2992 2763 3176 2806 2982 3015 4001 3971 3668 4022 2505 636 711 446 641 569 806 243 259 9999 4858 786 
4295 4575 4740 5008 4914 3847 4955 4756 4450 4241 5659 6569 6831 6990 7244 4575 4246 4369 4412 4560 4571 4612 5082 4925 4858 9999 4689 
447 1748 58 2001 1904 2273 1978 2393 2032 2224 2268 3287 3297 3071 3417 1723 704 1273 779 226 288 77 962 578 786 4689 9999 
