,0,1,2,3,4,5,6,7,8,9,10,11,12,13,14,15,16,17,18,19,20,21,22,23
0,0.0,795.6071502489361,916.3311796579382,546.6599117363806,1500.0456396304894,956.3476612037562,1246.9739841207659,74.9093656059461,1487.9183888055834,1436.7352118327008,1268.3637397542686,1631.3785959564393,1588.5729529873593,2171.5258326332532,2151.1131188870445,1846.0837394376767,1929.3815643868904,1867.2947453318297,1365.520341982468,1478.0890655271996,1841.6133018410878,1951.9542880607553,2077.6249109310547,783.2799879312157
1,795.6071502489361,0.0,1009.2157037479888,1009.8351716738596,2261.7235371433458,721.2759200798713,2017.9632172675692,802.035736280705,2255.1117848153563,2136.0695388482627,1648.6919149937369,2233.264868730095,1810.763639753387,2106.268440777042,2079.302074735527,1922.5396239199436,1963.316383820068,2061.174445012198,1549.366540387403,1498.707028764084,2015.0209773409179,2171.8534978717853,1972.5953946396091,26.089637169651805
2,916.3311796579382,1009.2157037479888,0.0,472.1371928753471,1722.0942693918028,396.3266861489739,1545.9446112408652,846.5166423654249,1735.8269689255208,1458.3948993787726,687.6736291671576,1398.145979818421,802.3955608669794,1257.1415942101128,1236.0272958609899,965.0135234013603,1033.1955258488722,1060.0739681370856,542.0284619716423,567.8397110822366,1018.3818513011387,1167.0136892804,1161.3623708058742,983.1333920402333
3,546.6599117363806,1009.8351716738596,472.1371928753471,0.0,1347.6639452308114,719.3062681544166,1139.2157885910294,471.9182254401652,1352.9168413703442,1153.336977733045,730.6568705718404,1223.7319338931154,1043.0767374174745,1673.170362098141,1655.513436557423,1317.832898406076,1409.1275971112282,1321.9319003190144,828.4986982125688,981.7084855884366,1298.0308432217016,1405.3584607770822,1596.2302527391712,986.9605330513687
4,1500.0456396304894,2261.7235371433458,1722.0942693918028,1347.6639452308114,0.0,2055.919260674404,259.86076171364874,1472.420176989182,46.933464840129666,377.73049274126555,1307.4928558853321,782.6593413577225,1694.8591367746728,2519.7501394416086,2516.235270456355,2078.1706043843,2198.5976903967417,1878.400498601064,1684.3155075332536,1979.8408637953737,1903.2806008121893,1874.0414560347574,2518.34706129992,2244.143164313173
5,956.3476612037562,721.2759200798713,396.3266861489739,719.3062681544166,2055.919260674404,0.0,1856.6600603707163,904.6407486738208,2064.3937877767657,1822.3609856954615,1082.0708682000427,1790.259232607378,1139.5294313751165,1390.869851008849,1364.6583896473815,1206.6115623803744,1242.8620828897112,1368.7466910557725,880.6752129695291,782.5530638075857,1317.8785555641002,1484.3880394816872,1262.913543436751,696.3717860799829
6,1246.9739841207659,2017.9632172675692,1545.9446112408652,1139.2157885910294,259.86076171364874,1856.6600603707163,0.0,1222.7494478268663,241.57452163398636,439.77881391762907,1221.1568321592204,854.3169187363173,1629.8110729143293,2447.6534863584193,2441.183075741273,2010.7988534624565,2129.591578535878,1841.7718778298183,1580.467885475952,1862.7453585670949,1858.4737084027852,1854.1286057449793,2430.702446279833,2001.224781806383
7,74.9093656059461,802.035736280705,846.5166423654249,471.9182254401652,1472.420176989182,904.6407486738208,1222.7494478268663,0.0,1462.4508399235958,1392.3488834576044,1195.0279887848599,1573.4190880403708,1513.6669927528528,2100.2232434069874,2080.050720604184,1772.131564551459,1856.0715789720919,1792.3860735712003,1290.8890796643439,1406.3501691605672,1766.7321608986097,1877.1391043482593,2007.827816969712,787.5968945723712
8,1487.9183888055834,2255.1117848153563,1735.8269689255208,1352.9168413703442,46.933464840129666,2064.3937877767657,241.57452163398636,1462.4508399235958,0.0,417.9956604725233,1336.4783449212593,826.7128764615314,1727.4527119832662,2552.1330207430274,2548.218979910872,2110.86555494276,2231.1754541248642,1914.6747622394275,1711.360248677527,2005.119431335214,1938.6295755150804,1912.1355737963409,2548.5771128908336,2237.933531207636
9,1436.7352118327008,2136.0695388482627,1458.3948993787726,1153.336977733045,377.73049274126555,1822.3609856954615,439.77881391762907,1392.3488834576044,417.9956604725233,0.0,961.1570685512751,420.4243276912751,1331.2551476527635,2155.2864082042142,2153.0667535139246,1713.3476883723506,1833.9513847759679,1504.3311962258003,1343.980869951894,1646.21640375199,1531.2107197637044,1497.172761469094,2161.3402939269213,2115.598522661731
10,1268.3637397542686,1648.6919149937369,687.6736291671576,730.6568705718404,1307.4928558853321,1082.0708682000427,1221.1568321592204,1195.0279887848599,1336.4783449212593,961.1570685512751,0.0,764.6078974522156,418.3158321582601,1226.604262684573,1220.034004588272,792.0704699250753,909.678522477321,669.6994864448519,383.7332426510754,688.7177026748168,668.9761763510836,723.1382785913504,1213.1499885878645,1623.239786406598
11,1631.3785959564393,2233.264868730095,1398.145979818421,1223.7319338931154,782.6593413577225,1790.259232607378,854.3169187363173,1573.4190880403708,826.7128764615314,420.4243276912751,764.6078974522156,0.0,1047.392782370576,1848.3937840854876,1850.504608692711,1412.921653604271,1531.6209034573399,1167.108958785273,1132.2478089806652,1436.8413556466655,1204.422447159659,1138.6012288735528,1877.5805734012092,2210.123936746869
12,1588.5729529873593,1810.763639753387,802.3955608669794,1043.0767374174745,1694.8591367746728,1139.5294313751165,1629.8110729143293,1513.6669927528528,1727.4527119832662,1331.2551476527635,418.3158321582601,1047.392782370576,0.0,824.9146889901332,821.9441258090757,383.41960111328837,503.75042957860296,278.85966900878236,261.80988302432155,462.139040536031,260.503037366532,370.10114594551914,834.3661401309852,1784.6742025401923
13,2171.5258326332532,2106.268440777042,1257.1415942101128,1673.170362098141,2519.7501394416086,1390.869851008849,2447.6534863584193,2100.2232434069874,2552.1330207430274,2155.2864082042142,1226.604262684573,1848.3937840854876,824.9146889901332,0.0,29.842590484811808,441.94724214010347,321.3525066261958,693.0097945353119,892.0570131851897,694.5206679601972,647.2320210040793,760.3025792082138,156.13356153749334,2082.2718587797076
14,2151.1131188870445,2079.302074735527,1236.0272958609899,1655.513436557423,2516.235270456355,1364.6583896473815,2441.183075741273,2080.050720604184,2548.218979910872,2153.0667535139246,1220.034004588272,1850.504608692711,821.9441258090757,29.842590484811808,0.0,440.3621928073991,320.02423453854897,699.8013156415215,880.481756278205,675.3967057814319,652.1758170080287,770.9509896486215,126.42086871763289,2055.3691792329555
15,1846.0837394376767,1922.5396239199436,965.0135234013603,1317.832898406076,2078.1706043843,1206.6115623803744,2010.7988534624565,1772.131564551459,2110.86555494276,1713.3476883723506,792.0704699250753,1412.921653604271,383.41960111328837,441.94724214010347,440.3621928073991,0.0,120.60456207461273,299.3219179988081,494.3241937063575,424.20017497662667,239.35043482481547,404.3591251073489,468.2848616837799,1896.9812067335763
16,1929.3815643868904,1963.316383820068,1033.1955258488722,1409.1275971112282,2198.5976903967417,1242.8620828897112,2129.591578535878,1856.0715789720919,2231.1754541248642,1833.9513847759679,909.678522477321,1531.6209034573399,503.75042957860296,321.3525066261958,320.02423453854897,120.60456207461273,0.0,397.4620790344053,596.0865837903607,471.8558109268261,342.93286815656944,488.58457438812087,356.28805546477577,1938.1098344733646
17,1867.2947453318297,2061.174445012198,1060.0739681370856,1321.9319003190144,1878.400498601064,1368.7466910557725,1841.7718778298183,1792.3860735712003,1914.6747622394275,1504.3311962258003,669.6994864448519,1167.108958785273,278.85966900878236,693.0097945353119,699.8013156415215,299.3219179988081,397.4620790344053,0.0,521.0745398545606,616.5266040776341,63.13782286096223,120.55934534541811,753.0388086965702,2035.1448274774496
18,1365.520341982468,1549.366540387403,542.0284619716423,828.4986982125688,1684.3155075332536,880.6752129695291,1580.467885475952,1290.8890796643439,1711.360248677527,1343.980869951894,383.7332426510754,1132.2478089806652,261.80988302432155,892.0570131851897,880.481756278205,494.3241937063575,596.0865837903607,521.0745398545606,0.0,306.22738326277016,484.56973634883013,625.2761154239602,854.3543843855841,1523.2790300060476
19,1478.0890655271996,1498.707028764084,567.8397110822366,981.7084855884366,1979.8408637953737,782.5530638075857,1862.7453585670949,1406.3501691605672,2005.119431335214,1646.21640375199,688.7177026748168,1436.8413556466655,462.139040536031,694.5206679601972,675.3967057814319,424.20017497662667,471.8558109268261,616.5266040776341,306.22738326277016,0.0,558.5083993043811,736.8833847114747,615.8543689171721,1473.2071266789026
20,1841.6133018410878,2015.0209773409179,1018.3818513011387,1298.0308432217016,1903.2806008121893,1317.8785555641002,1858.4737084027852,1766.7321608986097,1938.6295755150804,1531.2107197637044,668.9761763510836,1204.422447159659,260.503037366532,647.2320210040793,652.1758170080287,239.35043482481547,342.93286815656944,63.13782286096223,484.56973634883013,558.5083993043811,0.0,181.56308416828242,699.2208687496877,1989.0349081287193
21,1951.9542880607553,2171.8534978717853,1167.0136892804,1405.3584607770822,1874.0414560347574,1484.3880394816872,1854.1286057449793,1877.1391043482593,1912.1355737963409,1497.172761469094,723.1382785913504,1138.6012288735528,370.10114594551914,760.3025792082138,770.9509896486215,404.3591251073489,488.58457438812087,120.55934534541811,625.2761154239602,736.8833847114747,181.56308416828242,0.0,837.5732068296223,2145.7903815589148
22,2077.6249109310547,1972.5953946396091,1161.3623708058742,1596.2302527391712,2518.34706129992,1262.913543436751,2430.702446279833,2007.827816969712,2548.5771128908336,2161.3402939269213,1213.1499885878645,1877.5805734012092,834.3661401309852,156.13356153749334,126.42086871763289,468.2848616837799,356.28805546477577,753.0388086965702,854.3543843855841,615.8543689171721,699.2208687496877,837.5732068296223,0.0,1949.027350753202
23,783.2799879312157,26.089637169651805,983.1333920402333,986.9605330513687,2244.143164313173,696.3717860799829,2001.224781806383,787.5968945723712,2237.933531207636,2115.598522661731,1623.239786406598,2210.123936746869,1784.6742025401923,2082.2718587797076,2055.3691792329555,1896.9812067335763,1938.1098344733646,2035.1448274774496,1523.2790300060476,1473.2071266789026,1989.0349081287193,2145.7903815589148,1949.027350753202,0.0
