NAME: ds_808_courier_2665
TYPE: TSP
COMMENT: nil
DIMENSION: 26
EDGE_WEIGHT_TYPE: EXPLICIT
EDGE_WEIGHT_FORMAT: FULL_MATRIX
EDGE_WEIGHT_SECTION
9999 512 787 483 114 678 721 1847 1567 1131 1013 667 396 640 1341 1545 225 890 340 444 134 1537 1372 1491 1629 1519 
512 9999 383 418 563 258 383 2340 1870 1389 1420 1027 668 770 1733 1889 733 1401 172 953 612 2019 1833 1983 2106 2015 
787 383 9999 407 872 553 696 2490 1812 1325 1484 1087 748 713 1763 1866 1008 1641 504 1188 842 2153 1941 2135 2230 2176 
483 418 407 9999 592 676 796 2083 1470 983 1085 685 341 357 1375 1503 676 1260 379 816 489 1746 1535 1728 1823 1770 
114 563 872 592 9999 692 712 1843 1642 1219 1064 743 501 751 1394 1610 187 854 393 430 208 1544 1393 1491 1638 1515 
678 258 553 676 692 9999 144 2525 2123 1644 1650 1264 910 1027 1968 2136 878 1545 369 1116 800 2215 2042 2170 2305 2197 
721 383 696 796 712 144 9999 2555 2220 1747 1720 1345 1000 1140 2044 2224 899 1553 454 1142 851 2254 2093 2203 2347 2227 
1847 2340 2490 2083 1843 2525 2555 9999 1288 1472 1061 1422 1742 1840 939 1111 1656 1039 2176 1413 1731 344 586 358 298 328 
1567 1870 1812 1470 1642 2123 2220 1288 9999 489 652 901 1221 1115 425 177 1518 1385 1766 1353 1439 1019 807 1100 1007 1162 
1131 1389 1325 983 1219 1644 1747 1472 489 9999 480 492 758 627 549 553 1125 1189 1294 1012 1011 1142 894 1185 1174 1245 
1013 1420 1484 1085 1064 1650 1720 1061 652 480 9999 401 759 794 329 569 912 749 1281 718 879 718 477 738 774 794 
667 1027 1087 685 743 1264 1345 1422 901 492 401 9999 361 421 706 882 634 802 896 529 538 1080 857 1076 1149 1124 
396 668 748 341 501 910 1000 1742 1221 758 759 361 9999 261 1066 1226 483 953 546 535 307 1406 1198 1388 1484 1430 
640 770 713 357 751 1027 1140 1840 1115 627 794 421 261 9999 1054 1157 745 1162 697 777 566 1497 1267 1496 1562 1545 
1341 1733 1763 1375 1394 1968 2044 939 425 549 329 706 1066 1054 9999 283 1240 984 1600 1038 1207 629 395 696 642 758 
1545 1889 1866 1503 1610 2136 2224 1111 177 553 569 882 1226 1157 283 9999 1471 1266 1772 1286 1413 845 642 930 831 991 
225 733 1008 676 187 878 899 1656 1518 1125 912 634 483 745 1240 1471 9999 671 561 244 191 1359 1215 1304 1454 1328 
890 1401 1641 1260 854 1545 1553 1039 1385 1189 749 802 953 1162 984 1266 671 9999 1230 454 803 800 755 716 902 720 
340 172 504 379 393 369 454 2176 1766 1294 1281 896 546 697 1600 1772 561 1230 9999 783 446 1859 1679 1819 1947 1850 
444 953 1188 816 430 1116 1142 1413 1353 1012 718 529 535 777 1038 1286 244 454 783 9999 349 1116 978 1061 1212 1085 
134 612 842 489 208 800 851 1731 1439 1011 879 538 307 566 1207 1413 191 803 446 349 9999 1415 1244 1374 1505 1404 
1537 2019 2153 1746 1544 2215 2254 344 1019 1142 718 1080 1406 1497 629 845 1359 800 1859 1116 1415 9999 248 109 102 158 
1372 1833 1941 1535 1393 2042 2093 586 807 894 477 857 1198 1267 395 642 1215 755 1679 978 1244 248 9999 301 296 364 
1491 1983 2135 1728 1491 2170 2203 358 1100 1185 738 1076 1388 1496 696 930 1304 716 1819 1061 1374 109 301 9999 201 62 
1629 2106 2230 1823 1638 2305 2347 298 1007 1174 774 1149 1484 1562 642 831 1454 902 1947 1212 1505 102 296 201 9999 233 
1519 2015 2176 1770 1515 2197 2227 328 1162 1245 794 1124 1430 1545 758 991 1328 720 1850 1085 1404 158 364 62 233 9999 
