NAME: ds_913_courier_1558
TYPE: TSP
COMMENT: nil
DIMENSION: 6
EDGE_WEIGHT_TYPE: EXPLICIT
EDGE_WEIGHT_FORMAT: FULL_MATRIX
EDGE_WEIGHT_SECTION
9999 2089 2165 2295 1948 25 
2089 9999 120 259 256 2087 
2165 120 9999 288 253 2162 
2295 259 288 9999 512 2294 
1948 256 253 512 9999 1943 
25 2087 2162 2294 1943 9999 
