NAME: ds_529_courier_435
TYPE: TSP
COMMENT: nil
DIMENSION: 28
EDGE_WEIGHT_TYPE: EXPLICIT
EDGE_WEIGHT_FORMAT: FULL_MATRIX
EDGE_WEIGHT_SECTION
9999 1627 1525 844 1094 22 507 561 321 374 1593 474 729 469 383 507 426 725 1155 816 1285 1205 1049 1018 966 1256 1111 905 
1627 9999 242 991 548 1647 1124 1098 1306 1300 34 1202 1262 1217 1254 1122 1212 1267 1653 1448 1723 1319 1397 1544 1560 1637 1453 1362 
1525 242 9999 808 435 1546 1019 972 1209 1232 225 1142 1272 1160 1171 1020 1101 1276 1722 1473 1805 1413 1462 1598 1605 1722 1526 1405 
844 991 808 9999 478 865 434 329 588 705 959 670 995 690 612 445 462 996 1550 1201 1671 1384 1326 1398 1374 1605 1403 1203 
1094 548 435 478 9999 1115 587 551 776 799 514 711 885 729 736 588 672 888 1388 1096 1488 1129 1133 1250 1246 1410 1205 1048 
22 1647 1546 865 1115 9999 528 583 341 389 1613 489 736 484 401 528 447 732 1154 818 1283 1210 1053 1018 966 1256 1113 909 
507 1124 1019 434 587 528 9999 108 191 272 1090 242 595 262 182 14 92 595 1148 788 1274 1038 945 994 964 1215 1021 810 
561 1098 972 329 551 583 108 9999 267 376 1064 349 698 369 282 121 141 698 1253 895 1378 1131 1046 1099 1070 1318 1122 913 
321 1306 1209 588 776 341 191 267 9999 164 1273 216 568 224 94 189 127 566 1091 728 1221 1044 922 940 900 1173 994 778 
374 1300 1232 705 799 389 272 376 164 9999 1267 103 409 95 95 262 258 406 928 564 1058 889 760 776 737 1010 832 616 
1593 34 225 959 514 1613 1090 1064 1273 1267 9999 1170 1233 1185 1220 1088 1178 1239 1630 1421 1701 1299 1373 1520 1535 1616 1430 1337 
474 1202 1142 670 711 489 242 349 216 103 1170 9999 365 21 122 229 264 364 910 549 1038 833 720 757 724 983 795 580 
729 1262 1272 995 885 736 595 698 568 409 1233 365 9999 351 480 581 629 6 556 215 680 482 356 403 382 621 430 215 
469 1217 1160 690 729 484 262 369 224 95 1185 21 351 9999 131 248 280 349 893 531 1021 821 706 739 706 967 780 565 
383 1254 1171 612 736 401 182 282 94 95 1220 122 480 131 9999 173 164 478 1013 649 1142 953 835 861 824 1091 908 692 
507 1122 1020 445 588 528 14 121 189 262 1088 229 581 248 173 9999 99 580 1134 775 1260 1024 931 980 950 1201 1007 796 
426 1212 1101 462 672 447 92 141 127 258 1178 264 629 280 164 99 9999 628 1172 809 1300 1089 984 1019 984 1247 1058 844 
725 1267 1276 996 888 732 595 698 566 406 1239 364 6 349 478 580 628 9999 556 212 680 486 357 403 380 621 431 216 
1155 1653 1722 1550 1388 1154 1148 1253 1091 928 1630 910 556 893 1013 1134 1172 556 9999 364 131 364 259 154 192 117 200 349 
816 1448 1473 1201 1096 818 788 895 728 564 1421 549 215 531 649 775 809 212 364 9999 494 423 244 212 175 449 296 125 
1285 1723 1805 1671 1488 1283 1274 1378 1221 1058 1701 1038 680 1021 1142 1260 1300 680 131 494 9999 406 356 282 323 86 284 468 
1205 1319 1413 1384 1129 1210 1038 1131 1044 889 1299 833 482 821 953 1024 1089 486 364 423 406 9999 186 327 378 321 181 308 
1049 1397 1462 1326 1133 1053 945 1046 922 760 1373 720 356 706 835 931 984 357 259 244 356 186 9999 159 200 282 77 146 
1018 1544 1598 1398 1250 1018 994 1099 940 776 1520 757 403 739 861 980 1019 403 154 212 282 327 159 9999 60 239 148 202 
966 1560 1605 1374 1246 966 964 1070 900 737 1535 724 382 706 824 950 984 380 192 175 323 378 200 60 9999 291 203 201 
1256 1637 1722 1605 1410 1256 1215 1318 1173 1010 1616 983 621 967 1091 1201 1247 621 117 449 86 321 282 239 291 9999 206 406 
1111 1453 1526 1403 1205 1113 1021 1122 994 832 1430 795 430 780 908 1007 1058 431 200 296 284 181 77 148 203 206 9999 216 
905 1362 1405 1203 1048 909 810 913 778 616 1337 580 215 565 692 796 844 216 349 125 468 308 146 202 201 406 216 9999 
