NAME: ds_812_courier_949
TYPE: TSP
COMMENT: nil
DIMENSION: 23
EDGE_WEIGHT_TYPE: EXPLICIT
EDGE_WEIGHT_FORMAT: FULL_MATRIX
EDGE_WEIGHT_SECTION
9999 2033 2110 2557 2010 2092 4131 4003 2951 4064 4079 4165 3322 3056 3378 4125 3797 3092 4108 3906 2588 2806 4047 
2033 9999 136 526 130 277 2601 2365 1358 2551 2523 2607 1885 1391 1798 2509 2142 1638 2571 2515 733 1059 2558 
2110 136 9999 478 261 389 2654 2407 1426 2606 2573 2656 1959 1447 1856 2552 2184 1715 2623 2584 778 1112 2616 
2557 526 478 9999 557 534 2292 2020 1144 2252 2206 2286 1676 1123 1525 2167 1801 1453 2261 2270 490 803 2269 
2010 130 261 557 9999 162 2515 2289 1264 2463 2439 2524 1784 1307 1709 2432 2066 1535 2486 2417 667 979 2468 
2092 277 389 534 162 9999 2358 2137 1105 2305 2283 2368 1623 1151 1552 2278 1914 1374 2329 2256 528 828 2309 
4131 2601 2654 2292 2515 2358 9999 327 1258 73 93 72 809 1210 807 223 506 1046 32 353 1876 1543 118 
4003 2365 2407 2020 2289 2137 327 9999 1067 332 236 289 731 990 625 147 223 922 297 568 1633 1310 382 
2951 1358 1426 1144 1264 1105 1258 1067 9999 1203 1187 1273 536 142 453 1201 852 311 1230 1157 667 342 1205 
4064 2551 2606 2252 2463 2305 73 332 1203 9999 106 136 742 1160 754 256 484 982 67 289 1829 1494 57 
4079 2523 2573 2206 2439 2283 93 236 1187 106 9999 87 760 1133 734 152 414 989 62 386 1795 1464 162 
4165 2607 2656 2286 2524 2368 72 289 1273 136 87 9999 844 1217 821 165 488 1075 70 423 1879 1548 187 
3322 1885 1959 1676 1784 1623 809 731 536 742 760 844 9999 561 261 826 582 252 786 635 1203 873 729 
3056 1391 1447 1123 1307 1151 1210 990 142 1160 1133 1217 561 9999 410 1129 769 381 1180 1149 671 335 1169 
3378 1798 1856 1525 1709 1552 807 625 453 754 734 821 261 410 9999 753 424 320 778 746 1081 745 760 
4125 2509 2552 2167 2432 2278 223 147 1201 256 152 165 826 1129 753 9999 368 1036 201 535 1777 1452 313 
3797 2142 2184 1801 2066 1914 506 223 852 484 414 488 582 769 424 368 9999 737 474 639 1410 1087 519 
3092 1638 1715 1453 1535 1374 1046 922 311 982 989 1075 252 381 320 1036 737 9999 1021 886 972 652 973 
4108 2571 2623 2261 2486 2329 32 297 1230 67 62 70 786 1180 778 201 474 1021 9999 356 1846 1513 121 
3906 2515 2584 2270 2417 2256 353 568 1157 289 386 423 635 1149 746 535 639 886 356 9999 1816 1480 235 
2588 733 778 490 667 528 1876 1633 667 1829 1795 1879 1203 671 1081 1777 1410 972 1846 1816 9999 337 1839 
2806 1059 1112 803 979 828 1543 1310 342 1494 1464 1548 873 335 745 1452 1087 652 1513 1480 337 9999 1504 
4047 2558 2616 2269 2468 2309 118 382 1205 57 162 187 729 1169 760 313 519 973 121 235 1839 1504 9999 
