NAME: ds_616_courier_4849
TYPE: TSP
COMMENT: nil
DIMENSION: 13
EDGE_WEIGHT_TYPE: EXPLICIT
EDGE_WEIGHT_FORMAT: FULL_MATRIX
EDGE_WEIGHT_SECTION
9999 3149 2979 3421 3256 3225 2766 2971 3256 3129 3605 3635 3592 
3149 9999 273 605 651 224 481 184 331 1099 834 610 484 
2979 273 9999 868 885 246 229 163 591 1287 1101 881 741 
3421 605 868 9999 205 790 1041 729 278 678 237 290 412 
3256 651 885 205 9999 864 1022 729 335 498 350 494 594 
3225 224 246 790 864 9999 469 299 532 1322 1005 726 559 
2766 481 229 1041 1022 469 9999 316 767 1365 1278 1090 962 
2971 184 163 729 729 299 316 9999 453 1124 965 779 665 
3256 331 591 278 335 532 767 453 9999 818 512 381 363 
3129 1099 1287 678 498 1322 1365 1124 818 9999 679 961 1087 
3605 834 1101 237 350 1005 1278 965 512 679 9999 358 539 
3635 610 881 290 494 726 1090 779 381 961 358 9999 190 
3592 484 741 412 594 559 962 665 363 1087 539 190 9999 
