NAME: ds_828_courier_2925
TYPE: TSP
COMMENT: nil
DIMENSION: 21
EDGE_WEIGHT_TYPE: EXPLICIT
EDGE_WEIGHT_FORMAT: FULL_MATRIX
EDGE_WEIGHT_SECTION
9999 2805 3594 2904 4630 3546 4570 4573 4873 3305 4645 4839 3312 4388 2442 3713 4547 3450 4408 4782 3214 
2805 9999 1170 146 2130 879 2069 2012 2300 645 2131 2261 649 1897 378 1298 2027 1143 1832 2227 466 
3594 1170 9999 1214 1045 441 983 979 1279 560 1056 1245 559 801 1476 132 956 182 819 1189 1234 
2904 146 1214 9999 2134 880 2073 2006 2288 665 2132 2249 668 1906 461 1339 2028 1208 1826 2219 330 
4630 2130 1045 2134 9999 1255 62 181 290 1486 37 272 1482 244 2475 920 108 1180 328 195 2033 
3546 879 441 880 1255 9999 1194 1133 1423 247 1254 1384 241 1026 1236 529 1150 548 953 1348 825 
4570 2069 983 2073 62 1194 9999 154 334 1424 77 311 1420 182 2413 859 58 1120 277 236 1975 
4573 2012 979 2006 181 1133 154 9999 301 1372 155 266 1368 228 2366 864 103 1132 180 216 1887 
4873 2300 1279 2288 290 1423 334 301 9999 1665 259 39 1660 499 2658 1162 336 1429 474 98 2151 
3305 645 560 665 1486 247 1424 1372 1665 9999 1487 1627 7 1252 993 678 1383 594 1193 1588 683 
4645 2131 1056 2132 37 1254 77 155 259 1487 9999 239 1483 256 2478 933 104 1195 316 162 2025 
4839 2261 1245 2249 272 1384 311 266 39 1627 239 9999 1622 470 2620 1129 308 1396 437 78 2112 
3312 649 559 668 1482 241 1420 1368 1660 7 1483 1622 9999 1248 998 677 1379 596 1188 1583 682 
4388 1897 801 1906 244 1026 182 228 499 1252 256 470 1248 9999 2237 677 163 939 204 403 1822 
2442 378 1476 461 2475 1236 2413 2366 2658 993 2478 2620 998 2237 9999 1607 2374 1416 2186 2581 778 
3713 1298 132 1339 920 529 859 864 1162 678 933 1129 677 677 1607 9999 835 269 711 1070 1343 
4547 2027 956 2028 108 1150 58 103 336 1383 104 308 1379 163 2374 835 9999 1099 221 240 1925 
3450 1143 182 1208 1180 548 1120 1132 1429 594 1195 1396 596 939 1416 269 1099 9999 980 1336 1276 
4408 1832 819 1826 328 953 277 180 474 1193 316 437 1188 204 2186 711 221 980 9999 395 1711 
4782 2227 1189 2219 195 1348 236 216 98 1588 162 78 1583 403 2581 1070 240 1336 395 9999 2092 
3214 466 1234 330 2033 825 1975 1887 2151 683 2025 2112 682 1822 778 1343 1925 1276 1711 2092 9999 
