NAME: ds_810_courier_2925
TYPE: TSP
COMMENT: nil
DIMENSION: 44
EDGE_WEIGHT_TYPE: EXPLICIT
EDGE_WEIGHT_FORMAT: FULL_MATRIX
EDGE_WEIGHT_SECTION
9999 80 562 3113 2275 3542 2737 2996 2851 2142 3085 3579 2268 4563 5605 3975 5799 5765 4864 4722 4572 4635 4911 5286 4158 3199 2994 2781 2248 3506 2835 3069 3369 4557 4899 4857 4483 5194 4547 5246 3287 5739 4719 4151 
80 9999 482 3051 2215 3490 2679 2935 2792 2079 3027 3528 2209 4508 5554 3921 5740 5708 4807 4667 4519 4580 4857 5219 4100 3146 2933 2722 2185 3444 2776 3016 3318 4503 4847 4799 4429 5143 4493 5189 3235 5682 4662 4098 
562 482 9999 2695 1886 3205 2358 2592 2457 1738 2702 3248 1886 4196 5262 3619 5392 5381 4479 4352 4218 4269 4549 4826 3773 2856 2591 2396 1839 3094 2444 2726 3038 4190 4552 4471 4125 4852 4188 4862 2953 5352 4336 3800 
3113 3051 2695 9999 847 777 451 158 306 972 264 836 860 1549 2637 1033 2697 2696 1798 1694 1598 1619 1902 2200 1104 554 161 395 866 401 328 532 711 1541 1937 1790 1499 2239 1557 2179 649 2665 1659 1212 
2275 2215 1886 847 9999 1337 473 722 577 159 817 1384 35 2310 3380 1736 3525 3499 2597 2467 2334 2383 2663 3045 1890 987 720 510 107 1232 562 861 1180 2304 2670 2589 2240 2971 2303 2980 1093 3472 2453 1918 
3542 3490 3205 777 1337 9999 875 756 826 1494 585 59 1330 1040 2064 450 2341 2253 1374 1203 1034 1112 1377 2124 716 350 756 853 1407 600 829 480 176 1037 1357 1367 950 1652 1014 1743 255 2232 1229 614 
2737 2679 2358 451 473 875 9999 296 146 625 348 926 473 1838 2908 1264 3064 3030 2129 1995 1861 1911 2191 2630 1422 532 294 56 533 791 123 416 730 1832 2198 2121 1767 2499 1830 2511 643 3004 1984 1446 
2996 2935 2592 158 722 756 296 9999 154 857 176 814 731 1619 2703 1073 2805 2789 1888 1770 1658 1691 1973 2340 1184 475 2 241 754 511 175 421 657 1612 1997 1880 1560 2300 1620 2270 583 2760 1746 1256 
2851 2792 2457 306 577 826 146 154 9999 719 252 881 583 1743 2822 1182 2948 2924 2022 1897 1775 1816 2098 2493 1316 504 151 90 618 660 23 414 701 1737 2113 2015 1679 2416 1740 2405 618 2896 1879 1365 
2142 2079 1738 972 159 1494 625 857 719 9999 965 1542 174 2460 3532 1889 3662 3643 2741 2615 2486 2532 2813 3159 2035 1145 856 659 107 1365 706 1019 1338 2453 2823 2734 2391 3124 2454 3124 1251 3615 2598 2071 
3085 3027 2702 264 817 585 348 176 252 965 9999 642 819 1495 2571 930 2717 2683 1781 1651 1524 1568 1849 2306 1074 302 176 306 866 464 261 268 481 1489 1862 1774 1428 2165 1490 2164 408 2656 1637 1113 
3579 3528 3248 836 1384 59 926 814 881 1542 642 9999 1377 1016 2026 432 2323 2227 1355 1179 1003 1087 1348 2131 714 397 814 906 1456 651 883 524 210 1013 1322 1349 922 1615 986 1720 295 2207 1210 587 
2268 2209 1886 860 35 1330 473 731 583 174 819 1377 9999 2311 3378 1734 3531 3502 2600 2468 2332 2383 2663 3060 1893 980 729 513 138 1241 567 853 1171 2305 2668 2593 2239 2968 2302 2983 1084 3475 2456 1915 
4563 4508 4196 1549 2310 1040 1838 1619 1743 2460 1495 1016 2311 9999 1088 592 1315 1213 356 163 130 73 354 1344 450 1367 1620 1801 2361 1161 1755 1497 1216 11 404 350 113 698 77 704 1290 1191 229 431 
5605 5554 5262 2637 3380 2064 2908 2703 2822 3532 2571 2026 3378 1088 9999 1644 869 549 912 950 1047 1019 738 1621 1537 2410 2704 2874 3437 2248 2832 2540 2236 1096 710 919 1144 411 1082 634 2319 574 1019 1463 
3975 3921 3619 1033 1736 450 1264 1073 1182 1889 930 432 1734 592 1644 9999 1892 1805 924 755 599 664 936 1734 313 776 1074 1231 1794 694 1191 906 625 588 934 917 508 1236 572 1293 698 1783 779 183 
5799 5740 5392 2697 3525 2341 3064 2805 2948 3662 2717 2323 3531 1315 869 1892 9999 328 968 1156 1364 1249 1039 950 1654 2647 2807 3019 3558 2299 2964 2772 2515 1316 1150 974 1421 1014 1360 624 2583 296 1113 1744 
5765 5708 5381 2696 3499 2253 3030 2789 2924 3643 2683 2227 3502 1213 549 1805 328 9999 902 1050 1231 1141 886 1205 1609 2578 2790 2989 3541 2295 2938 2707 2429 1216 960 910 1305 761 1242 519 2503 44 1046 1640 
4864 4807 4479 1798 2597 1374 2129 1888 2022 2741 1781 1355 2600 356 912 924 968 902 9999 214 435 299 268 1056 707 1686 1889 2087 2640 1398 2036 1814 1549 355 428 8 467 607 414 383 1618 875 147 778 
4722 4667 4352 1694 2467 1203 1995 1770 1897 2615 1651 1179 2468 163 950 755 1156 1050 214 9999 222 93 213 1254 590 1529 1772 1957 2516 1301 1910 1658 1379 166 314 210 265 579 206 542 1453 1029 139 593 
4572 4519 4218 1598 2334 1034 1861 1658 1775 2486 1524 1003 2332 130 1047 599 1364 1231 435 222 9999 143 346 1459 524 1372 1659 1827 2390 1220 1785 1503 1209 140 339 432 101 642 59 741 1288 1214 333 421 
4635 4580 4269 1619 2383 1112 1911 1691 1816 2532 1568 1087 2383 73 1019 664 1249 1141 299 93 143 9999 283 1317 518 1440 1692 1873 2434 1230 1827 1569 1288 79 345 295 172 633 115 635 1362 1120 190 500 
4911 4857 4549 1902 2663 1377 2191 1973 2098 2813 1849 1348 2663 354 738 936 1039 886 268 213 346 283 9999 1301 799 1712 1975 2154 2715 1511 2109 1843 1553 361 164 271 428 371 364 416 1630 871 308 763 
5286 5219 4826 2200 3045 2124 2630 2340 2493 3159 2306 2131 3060 1344 1621 1734 950 1205 1056 1254 1459 1317 1301 9999 1425 2342 2342 2578 3052 1843 2513 2447 2274 1338 1465 1056 1451 1530 1419 1035 2317 1162 1126 1663 
4158 4100 3773 1104 1890 716 1422 1184 1316 2035 1074 714 1893 450 1537 313 1654 1609 707 590 524 518 799 1425 9999 995 1186 1380 1934 712 1330 1119 881 442 851 699 424 1148 473 1089 940 1582 563 309 
3199 3146 2856 554 987 350 532 475 504 1145 302 397 980 1367 2410 776 2647 2578 1686 1529 1372 1440 1712 2342 995 9999 475 516 1060 583 502 131 199 1363 1701 1679 1284 1999 1348 2063 114 2555 1540 952 
2994 2933 2591 161 720 756 294 2 151 856 176 814 729 1620 2704 1074 2807 2790 1889 1772 1659 1692 1975 2342 1186 475 9999 239 752 513 173 420 656 1613 1998 1881 1561 2301 1622 2272 583 2762 1747 1256 
2781 2722 2396 395 510 853 56 241 90 659 306 906 513 1801 2874 1231 3019 2989 2087 1957 1827 1873 2154 2578 1380 516 239 9999 563 740 67 409 715 1795 2164 2079 1732 2466 1795 2470 629 2962 1943 1413 
2248 2185 1839 866 107 1407 533 754 618 107 866 1456 138 2361 3437 1794 3558 3541 2640 2516 2390 2434 2715 3052 1934 1060 752 563 9999 1260 606 937 1255 2355 2727 2632 2294 3029 2357 3022 1168 3513 2497 1976 
3506 3444 3094 401 1232 600 791 511 660 1365 464 651 1241 1161 2248 694 2299 2295 1398 1301 1220 1230 1511 1843 712 583 513 740 1260 9999 678 649 632 1153 1556 1390 1119 1856 1175 1778 618 2264 1260 860 
2835 2776 2444 328 562 829 123 175 23 706 261 883 567 1755 2832 1191 2964 2938 2036 1910 1785 1827 2109 2513 1330 502 173 67 606 678 9999 407 699 1749 2123 2028 1689 2425 1751 2419 616 2911 1893 1374 
3069 3016 2726 532 861 480 416 421 414 1019 268 524 853 1497 2540 906 2772 2707 1814 1658 1503 1569 1843 2447 1119 131 420 409 937 649 407 9999 319 1492 1832 1806 1415 2129 1479 2191 231 2683 1667 1082 
3369 3318 3038 711 1180 176 730 657 701 1338 481 210 1171 1216 2236 625 2515 2429 1549 1379 1209 1288 1553 2274 881 199 656 715 1255 632 699 319 9999 1213 1531 1542 1126 1825 1190 1918 88 2408 1403 790 
4557 4503 4190 1541 2304 1037 1832 1612 1737 2453 1489 1013 2305 11 1096 588 1316 1216 355 166 140 79 361 1338 442 1363 1613 1795 2355 1153 1749 1492 1213 9999 413 350 117 707 85 707 1287 1195 226 428 
4899 4847 4552 1937 2670 1357 2198 1997 2113 2823 1862 1322 2668 404 710 934 1150 960 428 314 339 345 164 1465 851 1701 1998 2164 2727 1556 2123 1832 1531 413 9999 430 438 303 381 541 1612 951 439 753 
4857 4799 4471 1790 2589 1367 2121 1880 2015 2734 1774 1349 2593 350 919 917 974 910 8 210 432 295 271 1056 699 1679 1881 2079 2632 1390 2028 1806 1542 350 430 9999 462 612 410 390 1611 883 139 772 
4483 4429 4125 1499 2240 950 1767 1560 1679 2391 1428 922 2239 113 1144 508 1421 1305 467 265 101 172 428 1451 424 1284 1561 1732 2294 1119 1689 1415 1126 117 438 462 9999 741 64 804 1203 1286 342 336 
5194 5143 4852 2239 2971 1652 2499 2300 2416 3124 2165 1615 2968 698 411 1236 1014 761 607 579 642 633 371 1530 1148 1999 2301 2466 3029 1856 2425 2129 1825 707 303 612 741 9999 682 503 1907 764 676 1053 
4547 4493 4188 1557 2303 1014 1830 1620 1740 2454 1490 986 2302 77 1082 572 1360 1242 414 206 59 115 364 1419 473 1348 1622 1795 2357 1175 1751 1479 1190 85 381 410 64 682 9999 742 1267 1223 298 400 
5246 5189 4862 2179 2980 1743 2511 2270 2405 3124 2164 1720 2983 704 634 1293 624 519 383 542 741 635 416 1035 1089 2063 2272 2470 3022 1778 2419 2191 1918 707 541 390 804 503 742 9999 1991 493 527 1134 
3287 3235 2953 649 1093 255 643 583 618 1251 408 295 1084 1290 2319 698 2583 2503 1618 1453 1288 1362 1630 2317 940 114 583 629 1168 618 616 231 88 1287 1612 1611 1203 1907 1267 1991 9999 2481 1472 868 
5739 5682 5352 2665 3472 2232 3004 2760 2896 3615 2656 2207 3475 1191 574 1783 296 44 875 1029 1214 1120 871 1162 1582 2555 2762 2962 3513 2264 2911 2683 2408 1195 951 883 1286 764 1223 493 2481 9999 1020 1620 
4719 4662 4336 1659 2453 1229 1984 1746 1879 2598 1637 1210 2456 229 1019 779 1113 1046 147 139 333 190 308 1126 563 1540 1747 1943 2497 1260 1893 1667 1403 226 439 139 342 676 298 527 1472 1020 9999 637 
4151 4098 3800 1212 1918 614 1446 1256 1365 2071 1113 587 1915 431 1463 183 1744 1640 778 593 421 500 763 1663 309 952 1256 1413 1976 860 1374 1082 790 428 753 772 336 1053 400 1134 868 1620 637 9999 
