NAME: ds_618_courier_161
TYPE: TSP
COMMENT: nil
DIMENSION: 32
EDGE_WEIGHT_TYPE: EXPLICIT
EDGE_WEIGHT_FORMAT: FULL_MATRIX
EDGE_WEIGHT_SECTION
9999 80 1857 1327 1410 1495 1470 1323 1321 1194 1765 1395 1541 1561 1827 1299 1720 1817 1690 1601 1538 1424 1702 1556 1570 1472 1397 1425 1538 1140 1825 1380 
80 9999 1930 1405 1490 1575 1550 1400 1399 1274 1836 1471 1619 1639 1900 1379 1798 1891 1766 1678 1615 1504 1773 1634 1650 1552 1475 1505 1617 1220 1898 1460 
1857 1930 9999 599 670 636 622 570 627 882 133 480 408 404 32 964 344 57 243 1238 1202 1032 201 1136 1005 902 1135 904 998 1032 33 801 
1327 1405 599 9999 197 255 217 67 39 300 563 150 217 236 576 436 393 547 382 823 765 563 530 717 614 469 647 442 591 454 567 310 
1410 1490 670 197 9999 86 63 262 165 242 671 321 266 267 654 295 373 613 428 638 585 389 655 531 421 279 483 260 399 376 640 136 
1495 1575 636 255 86 9999 39 314 231 319 653 353 250 243 623 337 316 579 394 628 581 398 647 521 399 273 500 269 384 442 608 173 
1470 1550 622 217 63 39 9999 276 193 305 632 317 226 222 607 344 314 565 379 656 607 419 622 549 430 299 518 289 413 436 593 180 
1323 1400 570 67 262 314 276 9999 106 356 521 97 221 243 545 501 404 520 369 891 833 629 482 784 681 536 713 509 658 508 537 377 
1321 1399 627 39 165 231 193 106 9999 265 596 188 234 249 604 397 402 573 403 785 727 524 565 679 578 432 608 404 554 418 594 272 
1194 1274 882 300 242 319 305 356 265 9999 860 449 476 484 862 182 611 827 647 605 538 340 830 509 449 312 394 266 417 153 850 186 
1765 1836 133 563 671 653 632 521 596 860 9999 425 406 410 105 965 402 144 274 1275 1232 1051 71 1170 1042 926 1150 921 1031 1013 120 807 
1395 1471 480 150 321 353 317 97 188 449 425 9999 181 205 453 585 358 432 296 959 904 704 386 852 741 600 792 579 721 602 446 449 
1541 1619 408 217 266 250 226 221 234 476 406 181 9999 25 390 561 183 352 172 878 832 645 396 771 648 523 744 515 634 625 377 401 
1561 1639 404 236 267 243 222 243 249 484 410 205 25 9999 387 562 161 347 163 869 824 641 404 763 638 517 741 511 625 632 374 400 
1827 1900 32 576 654 623 607 545 604 862 105 453 390 387 9999 949 340 52 230 1231 1193 1021 170 1128 998 892 1123 892 990 1013 19 786 
1299 1379 964 436 295 337 344 501 397 182 965 585 561 562 949 9999 653 907 722 423 357 160 945 328 284 174 217 129 251 159 935 165 
1720 1798 344 393 373 316 314 404 402 611 402 358 183 161 340 653 9999 289 135 895 861 700 424 794 662 568 804 575 657 749 322 489 
1817 1891 57 547 613 579 565 520 573 827 144 432 352 347 52 907 289 9999 186 1183 1146 975 201 1080 949 846 1078 847 942 977 33 744 
1690 1766 243 382 428 394 379 369 403 647 274 296 172 163 230 722 135 186 9999 1005 965 791 290 901 771 663 893 662 763 795 214 558 
1601 1678 1238 823 638 628 656 891 785 605 1275 959 878 869 1231 423 895 1183 1005 9999 69 268 1273 107 233 359 224 381 244 535 1214 513 
1538 1615 1202 765 585 581 607 833 727 538 1232 904 832 824 1193 357 861 1146 965 69 9999 205 1228 70 201 309 155 325 203 466 1177 456 
1424 1504 1032 563 389 398 419 629 524 340 1051 704 645 641 1021 160 700 975 791 268 205 9999 1041 169 147 133 104 130 116 298 1005 255 
1702 1773 201 530 655 647 622 482 565 830 71 386 396 404 170 945 424 201 290 1273 1228 1041 9999 1167 1042 920 1138 911 1029 983 182 791 
1556 1634 1136 717 531 521 549 784 679 509 1170 852 771 763 1128 328 794 1080 901 107 70 169 1167 9999 132 252 159 275 138 456 1111 407 
1570 1650 1005 614 421 399 430 681 578 449 1042 741 648 638 998 284 662 949 771 233 201 147 1042 132 9999 148 213 187 33 437 981 311 
1472 1552 902 469 279 273 299 536 432 312 926 600 523 517 892 174 568 846 663 359 309 133 920 252 148 9999 237 48 122 333 876 163 
1397 1475 1135 647 483 500 518 713 608 394 1150 792 744 741 1123 217 804 1078 893 224 155 104 1138 159 213 237 9999 231 191 311 1107 348 
1425 1505 904 442 260 269 289 509 404 266 921 579 515 511 892 129 575 847 662 381 325 130 911 275 187 48 231 9999 157 287 877 132 
1538 1617 998 591 399 384 413 658 554 417 1031 721 634 625 990 251 657 942 763 244 203 116 1029 138 33 122 191 157 9999 403 974 284 
1140 1220 1032 454 376 442 436 508 418 153 1013 602 625 632 1013 159 749 977 795 535 466 298 983 456 437 333 311 287 403 9999 1001 278 
1825 1898 33 567 640 608 593 537 594 850 120 446 377 374 19 935 322 33 214 1214 1177 1005 182 1111 981 876 1107 877 974 1001 9999 772 
1380 1460 801 310 136 173 180 377 272 186 807 449 401 400 786 165 489 744 558 513 456 255 791 407 311 163 348 132 284 278 772 9999 
