NAME: ds_719_courier_487
TYPE: TSP
COMMENT: nil
DIMENSION: 10
EDGE_WEIGHT_TYPE: EXPLICIT
EDGE_WEIGHT_FORMAT: FULL_MATRIX
EDGE_WEIGHT_SECTION
9999 3290 3435 2462 4381 3376 3487 2924 2907 2926 
3290 9999 713 835 6172 4840 3935 2986 2059 2936 
3435 713 9999 1093 5769 4432 3410 2487 1530 2433 
2462 835 1093 9999 5525 4212 3466 2519 1715 2475 
4381 6172 5769 5525 9999 1337 2535 3316 4258 3371 
3376 4840 4432 4212 1337 9999 1324 1995 2927 2050 
3487 3935 3410 3466 2535 1324 9999 954 1886 1002 
2924 2986 2487 2519 3316 1995 954 9999 957 56 
2907 2059 1530 1715 4258 2927 1886 957 9999 903 
2926 2936 2433 2475 3371 2050 1002 56 903 9999 
