,0,1,2,3,4,5,6
0,0.0,2151.851980188857,2166.7245722681882,2122.0099934654095,2119.894533359441,2318.4331362538005,2266.2609963524574
1,2151.851980188857,0.0,448.1471817052335,331.725927800588,86.97335645540555,400.4646143090846,518.3156161202421
2,2166.7245722681882,448.1471817052335,0.0,774.4773862419813,366.75370094215043,840.6286203390225,966.3115479122584
3,2122.0099934654095,331.725927800588,774.4773862419813,0.0,407.951279629618,197.3178006113484,218.1802411418084
4,2119.894533359441,86.97335645540555,366.75370094215043,407.951279629618,0.0,487.3513325510757,602.1976938717825
5,2318.4331362538005,400.4646143090846,840.6286203390225,197.3178006113484,487.3513325510757,0.0,160.4337083607802
6,2266.2609963524574,518.3156161202421,966.3115479122584,218.1802411418084,602.1976938717825,160.4337083607802,0.0
