NAME: ds_528_courier_949
TYPE: TSP
COMMENT: nil
DIMENSION: 18
EDGE_WEIGHT_TYPE: EXPLICIT
EDGE_WEIGHT_FORMAT: FULL_MATRIX
EDGE_WEIGHT_SECTION
9999 3642 2066 2793 2843 3120 2947 3759 3483 4066 3596 3026 2196 2206 2404 2495 4060 3835 
3642 9999 2356 1225 1524 606 936 121 479 481 48 1410 1845 2284 2153 2408 471 929 
2066 2356 9999 1148 975 1753 1425 2441 1983 2837 2309 1166 530 143 353 455 2616 2102 
2793 1225 1148 9999 364 641 291 1302 835 1703 1180 387 678 1064 928 1190 1470 1048 
2843 1524 975 364 9999 975 628 1585 1085 1988 1481 193 647 860 679 897 1697 1127 
3120 606 1753 641 975 9999 351 700 382 1087 558 903 1239 1685 1564 1830 948 889 
2947 936 1425 291 628 351 9999 1017 575 1415 890 580 930 1348 1218 1481 1208 906 
3759 121 2441 1302 1585 700 1017 9999 511 404 163 1460 1936 2364 2227 2476 355 896 
3483 479 1983 835 1085 382 575 511 9999 910 447 951 1502 1895 1743 1981 635 553 
4066 481 2837 1703 1988 1087 1415 404 910 9999 529 1861 2326 2764 2629 2879 468 1214 
3596 48 2309 1180 1481 558 890 163 447 529 9999 1370 1797 2237 2108 2364 504 918 
3026 1410 1166 387 193 903 580 1460 951 1861 1370 9999 832 1047 859 1055 1543 940 
2196 1845 530 678 647 1239 930 1936 1502 2326 1797 832 9999 504 497 782 2137 1707 
2206 2284 143 1064 860 1685 1348 2364 1895 2764 2237 1047 504 9999 212 344 2525 1987 
2404 2153 353 928 679 1564 1218 2227 1743 2629 2108 859 497 212 9999 292 2367 1799 
2495 2408 455 1190 897 1830 1481 2476 1981 2879 2364 1055 782 344 292 9999 2593 1977 
4060 471 2616 1470 1697 948 1208 355 635 468 504 1543 2137 2525 2367 2593 9999 772 
3835 929 2102 1048 1127 889 906 896 553 1214 918 940 1707 1987 1799 1977 772 9999 
