NAME: ds_1002_courier_435
TYPE: TSP
COMMENT: nil
DIMENSION: 26
EDGE_WEIGHT_TYPE: EXPLICIT
EDGE_WEIGHT_FORMAT: FULL_MATRIX
EDGE_WEIGHT_SECTION
9999 1458 1406 1433 1378 437 931 1041 427 589 52 1329 1088 610 734 716 641 1094 1145 685 1127 421 382 800 692 1016 
1458 9999 1626 35 232 1324 1489 1350 1573 1574 1436 346 570 1229 1383 1831 1984 2195 2117 1096 979 1865 1707 1625 1097 1599 
1406 1626 9999 1591 1399 972 482 389 1052 882 1443 1284 1761 823 2016 2122 1997 2496 2550 1805 2097 1697 1780 2162 816 435 
1433 35 1591 9999 200 1293 1453 1315 1542 1541 1411 313 566 1196 1373 1815 1964 2182 2107 1084 982 1841 1686 1614 1063 1564 
1378 232 1399 200 9999 1183 1289 1139 1435 1414 1364 115 671 1065 1424 1833 1948 2213 2156 1129 1101 1796 1666 1661 927 1396 
437 1324 972 1293 1183 9999 506 604 252 277 471 1104 1125 186 1081 1151 1059 1531 1579 928 1316 787 817 1200 306 603 
931 1489 482 1453 1289 506 9999 211 570 405 970 1183 1470 392 1580 1647 1514 2016 2076 1399 1744 1216 1300 1706 448 119 
1041 1350 389 1315 1139 604 211 9999 733 583 1073 1028 1405 440 1628 1753 1655 2135 2179 1417 1720 1368 1421 1778 428 278 
427 1573 1052 1542 1435 252 570 733 9999 175 477 1356 1339 405 1154 1112 948 1462 1540 1059 1479 646 754 1226 543 629 
589 1574 882 1541 1414 277 405 583 175 9999 636 1326 1402 349 1302 1285 1122 1638 1714 1181 1584 817 928 1388 490 455 
52 1436 1443 1411 1364 471 970 1073 477 636 9999 1319 1051 638 682 681 629 1064 1108 636 1079 432 360 752 712 1057 
1329 346 1284 313 115 1104 1183 1028 1356 1326 1319 9999 725 977 1434 1822 1918 2208 2160 1140 1155 1750 1635 1667 836 1289 
1088 570 1761 566 671 1125 1470 1405 1339 1402 1051 725 9999 1111 830 1304 1504 1648 1558 559 431 1447 1244 1070 1022 1589 
610 1229 823 1196 1065 186 392 440 405 349 638 977 1111 9999 1197 1316 1241 1702 1740 1008 1358 973 992 1339 142 505 
734 1383 2016 1373 1424 1081 1580 1628 1154 1302 682 1434 830 1197 9999 502 782 819 735 295 582 869 606 241 1206 1683 
716 1831 2122 1815 1833 1151 1647 1753 1112 1285 681 1822 1304 1316 502 9999 342 398 430 745 1083 573 361 314 1377 1727 
641 1984 1997 1964 1948 1059 1514 1655 948 1122 629 1918 1504 1241 782 342 9999 543 672 960 1356 313 283 643 1332 1577 
1094 2195 2496 2182 2213 1531 2016 2135 1462 1638 1064 2208 1648 1702 819 398 543 9999 194 1098 1364 852 716 580 1770 2089 
1145 2117 2550 2107 2156 1579 2076 2179 1540 1714 1108 2160 1558 1740 735 430 672 194 9999 1027 1240 966 786 495 1794 2157 
685 1096 1805 1084 1129 928 1399 1417 1059 1181 636 1140 559 1008 295 745 960 1098 1027 9999 445 955 720 532 989 1510 
1127 979 2097 982 1101 1316 1744 1720 1479 1584 1079 1155 431 1358 582 1083 1356 1364 1240 445 9999 1392 1145 794 1304 1861 
421 1865 1697 1841 1796 787 1216 1368 646 817 432 1750 1447 973 869 573 313 852 966 955 1392 9999 265 811 1080 1272 
382 1707 1780 1686 1666 817 1300 1421 754 928 360 1635 1244 992 606 361 283 716 786 720 1145 265 9999 552 1072 1375 
800 1625 2162 1614 1661 1200 1706 1778 1226 1388 752 1667 1070 1339 241 314 643 580 495 532 794 811 552 9999 1369 1801 
692 1097 816 1063 927 306 448 428 543 490 712 836 1022 142 1206 1377 1332 1770 1794 989 1304 1080 1072 1369 9999 567 
1016 1599 435 1564 1396 603 119 278 629 455 1057 1289 1589 505 1683 1727 1577 2089 2157 1510 1861 1272 1375 1801 567 9999 
