NAME: ds_919_courier_487
TYPE: TSP
COMMENT: nil
DIMENSION: 10
EDGE_WEIGHT_TYPE: EXPLICIT
EDGE_WEIGHT_FORMAT: FULL_MATRIX
EDGE_WEIGHT_SECTION
9999 3603 3643 2616 2949 2693 2868 3646 4581 3609 
3603 9999 574 2942 2925 917 739 5481 6315 342 
3643 574 9999 2558 2490 1021 889 5117 5915 232 
2616 2942 2558 9999 344 2306 2428 2559 3373 2701 
2949 2925 2490 344 9999 2380 2483 2675 3430 2655 
2693 917 1021 2306 2380 9999 179 4755 5632 933 
2868 739 889 2428 2483 179 9999 4902 5771 776 
3646 5481 5117 2559 2675 4755 4902 9999 946 5255 
4581 6315 5915 3373 3430 5632 5771 946 9999 6069 
3609 342 232 2701 2655 933 776 5255 6069 9999 
