NAME: ds_822_courier_1103
TYPE: TSP
COMMENT: nil
DIMENSION: 30
EDGE_WEIGHT_TYPE: EXPLICIT
EDGE_WEIGHT_FORMAT: FULL_MATRIX
EDGE_WEIGHT_SECTION
9999 3332 3162 3887 3607 3744 2181 2813 1324 2192 2132 2163 2155 2234 2242 2257 2115 2199 1884 1884 1819 1975 665 696 645 477 500 432 366 1065 
3332 9999 170 557 470 498 1903 860 4602 2211 2360 2593 2432 2880 2887 2394 1901 1891 1973 2055 1973 1929 3332 3257 3282 2905 2883 2921 3584 3880 
3162 170 9999 726 577 641 1775 757 4433 2087 2234 2469 2307 2757 2765 2274 1769 1764 1829 1913 1826 1789 3165 3090 3114 2736 2713 2751 3414 3715 
3887 557 726 9999 451 283 2394 1335 5159 2690 2842 3070 2911 3351 3358 2862 2401 2380 2495 2573 2502 2443 3867 3790 3817 3455 3433 3473 4133 4406 
3607 470 577 451 9999 177 2352 1325 4906 2665 2811 3046 2884 3334 3342 2851 2345 2341 2398 2484 2392 2361 3529 3449 3481 3158 3135 3183 3828 4050 
3744 498 641 283 177 9999 2401 1354 5034 2708 2857 3091 2929 3376 3384 2890 2399 2389 2468 2551 2466 2425 3683 3605 3635 3300 3276 3322 3973 4210 
2181 1903 1775 2394 2352 2401 9999 1060 3170 320 459 696 534 985 993 518 71 19 303 300 376 215 2552 2510 2500 1964 1951 1927 2534 3121 
2813 860 757 1335 1325 1354 1060 9999 3994 1358 1510 1740 1580 2025 2032 1537 1067 1046 1179 1251 1197 1119 2969 2905 2916 2451 2431 2445 3116 3548 
1324 4602 4433 5159 4906 5034 3170 3994 9999 3068 2957 2887 2948 2825 2829 3055 3117 3190 2911 2877 2863 2996 1717 1791 1736 1799 1823 1756 1237 1642 
2192 2211 2087 2690 2665 2708 320 1358 3068 9999 154 382 221 670 677 200 350 328 470 400 540 424 2633 2599 2583 2041 2031 1994 2555 3186 
2132 2360 2234 2842 2811 2857 459 1510 2957 154 9999 237 78 527 535 132 476 470 542 456 602 518 2603 2574 2555 2014 2005 1962 2497 3145 
2163 2593 2469 3070 3046 3091 696 1740 2887 382 237 9999 162 289 298 221 713 706 757 667 809 746 2677 2655 2632 2096 2090 2038 2529 3202 
2155 2432 2307 2911 2884 2929 534 1580 2948 221 78 162 9999 451 459 108 553 544 616 529 674 595 2640 2613 2592 2052 2045 1998 2520 3177 
2234 2880 2757 3351 3334 3376 985 2025 2825 670 527 289 451 9999 10 489 1002 995 1033 940 1079 1029 2792 2778 2749 2226 2223 2162 2595 3291 
2242 2887 2765 3358 3342 3384 993 2032 2829 677 535 298 459 10 9999 496 1011 1003 1042 950 1088 1038 2800 2786 2758 2235 2232 2171 2603 3299 
2257 2394 2274 2862 2851 2890 518 1537 3055 200 132 221 108 489 496 9999 550 525 652 572 717 617 2734 2706 2686 2145 2137 2093 2623 3275 
2115 1901 1769 2401 2345 2399 71 1067 3117 350 476 713 553 1002 1011 550 9999 86 234 240 305 144 2481 2439 2430 1894 1880 1857 2467 3051 
2199 1891 1764 2380 2341 2389 19 1046 3190 328 470 706 544 995 1003 525 86 9999 319 319 392 231 2568 2525 2516 1980 1967 1943 2552 3138 
1884 1973 1829 2495 2398 2468 303 1179 2911 470 542 757 616 1033 1042 652 234 319 9999 93 76 91 2249 2208 2198 1661 1648 1624 2235 2818 
1884 2055 1913 2573 2484 2551 300 1251 2877 400 456 667 529 940 950 572 240 319 93 9999 146 132 2274 2236 2223 1684 1672 1643 2239 2838 
1819 1973 1826 2502 2392 2466 376 1197 2863 540 602 809 674 1079 1088 717 305 392 76 146 9999 161 2176 2134 2125 1589 1575 1552 2167 2746 
1975 1929 1789 2443 2361 2425 215 1119 2996 424 518 746 595 1029 1038 617 144 231 91 132 161 9999 2337 2295 2285 1749 1736 1713 2325 2907 
665 3332 3165 3867 3529 3683 2552 2969 1717 2633 2603 2677 2640 2792 2800 2734 2481 2568 2249 2274 2176 2337 9999 83 54 591 603 641 494 582 
696 3257 3090 3790 3449 3605 2510 2905 1791 2599 2574 2655 2613 2778 2786 2706 2439 2525 2208 2236 2134 2295 83 9999 57 560 569 617 561 643 
645 3282 3114 3817 3481 3635 2500 2916 1736 2583 2555 2632 2592 2749 2758 2686 2430 2516 2198 2223 2125 2285 54 57 9999 542 552 594 504 636 
477 2905 2736 3455 3158 3300 1964 2451 1799 2041 2014 2096 2052 2226 2235 2145 1894 1980 1661 1684 1589 1749 591 560 542 9999 23 77 679 1158 
500 2883 2713 3433 3135 3276 1951 2431 1823 2031 2005 2090 2045 2223 2232 2137 1880 1967 1648 1672 1575 1736 603 569 552 23 9999 90 701 1172 
432 2921 2751 3473 3183 3322 1927 2445 1756 1994 1962 2038 1998 2162 2171 2093 1857 1943 1624 1643 1552 1713 641 617 594 77 90 9999 673 1196 
366 3584 3414 4133 3828 3973 2534 3116 1237 2555 2497 2529 2520 2595 2603 2623 2467 2552 2235 2239 2167 2325 494 561 504 679 701 673 9999 725 
1065 3880 3715 4406 4050 4210 3121 3548 1642 3186 3145 3202 3177 3291 3299 3275 3051 3138 2818 2838 2746 2907 582 643 636 1158 1172 1196 725 9999 
