NAME: ds_816_courier_949
TYPE: TSP
COMMENT: nil
DIMENSION: 16
EDGE_WEIGHT_TYPE: EXPLICIT
EDGE_WEIGHT_FORMAT: FULL_MATRIX
EDGE_WEIGHT_SECTION
9999 2206 2446 2001 3826 3895 3897 3937 3743 3032 2861 3078 3888 3995 4158 3880 
2206 9999 429 431 1963 2009 2007 1996 1638 895 738 1345 2202 2175 2295 1912 
2446 429 9999 449 2132 2165 2160 2125 1673 976 867 1616 2427 2351 2446 2031 
2001 431 449 9999 2389 2434 2431 2415 2023 1288 1143 1775 2634 2603 2719 2328 
3826 1963 2132 2389 9999 79 88 205 711 1162 1267 749 416 220 339 262 
3895 2009 2165 2434 79 9999 13 141 691 1192 1304 820 454 208 286 220 
3897 2007 2160 2431 88 13 9999 128 680 1186 1299 823 466 218 289 208 
3937 1996 2125 2415 205 141 128 9999 580 1149 1275 880 592 324 334 104 
3743 1638 1673 2023 711 691 680 580 9999 742 905 945 1125 896 905 478 
3032 895 976 1288 1162 1192 1186 1149 742 9999 171 797 1488 1382 1471 1055 
2861 738 867 1143 1267 1304 1299 1275 905 171 9999 800 1563 1485 1587 1186 
3078 1345 1616 1775 749 820 823 880 945 797 800 9999 874 921 1080 846 
3888 2202 2427 2634 416 454 466 592 1125 1488 1563 874 9999 298 450 672 
3995 2175 2351 2603 220 208 218 324 896 1382 1485 921 298 9999 180 420 
4158 2295 2446 2719 339 286 289 334 905 1471 1587 1080 450 180 9999 437 
3880 1912 2031 2328 262 220 208 104 478 1055 1186 846 672 420 437 9999 
