NAME: ds_914_courier_487
TYPE: TSP
COMMENT: nil
DIMENSION: 13
EDGE_WEIGHT_TYPE: EXPLICIT
EDGE_WEIGHT_FORMAT: FULL_MATRIX
EDGE_WEIGHT_SECTION
9999 2763 3298 3899 3722 2657 3156 2775 3781 4225 4214 2628 2649 
2763 9999 583 1138 992 127 393 153 5036 5595 5644 1825 2425 
3298 583 9999 629 688 709 271 527 5580 6141 6194 2298 2919 
3899 1138 629 9999 429 1252 746 1128 5918 6482 6544 2570 3200 
3722 992 688 429 9999 1078 634 1040 5529 6092 6158 2174 2802 
2657 127 709 1252 1078 9999 507 250 4914 5472 5521 1721 2314 
3156 393 271 746 634 507 9999 409 5318 5880 5935 2028 2650 
2775 153 527 1128 1040 250 409 9999 5156 5713 5761 1969 2564 
3781 5036 5580 5918 5529 4914 5318 5156 9999 563 634 3356 2732 
4225 5595 6141 6482 6092 5472 5880 5713 563 9999 124 3919 3294 
4214 5644 6194 6544 6158 5521 5935 5761 634 124 9999 3985 3364 
2628 1825 2298 2570 2174 1721 2028 1969 3356 3919 3985 9999 630 
2649 2425 2919 3200 2802 2314 2650 2564 2732 3294 3364 630 9999 
