NAME: ds_601_courier_2208
TYPE: TSP
COMMENT: nil
DIMENSION: 14
EDGE_WEIGHT_TYPE: EXPLICIT
EDGE_WEIGHT_FORMAT: FULL_MATRIX
EDGE_WEIGHT_SECTION
9999 2184 1800 1764 2101 2061 2123 2032 1535 1918 1985 2237 2001 2091 
2184 9999 400 645 496 531 689 708 692 636 728 325 1167 1208 
1800 400 9999 347 450 446 607 571 293 437 562 472 964 1030 
1764 645 347 9999 340 298 384 308 300 166 276 517 623 696 
2101 496 450 340 9999 51 194 220 592 213 251 226 680 714 
2061 531 446 298 51 9999 171 178 562 163 205 275 639 677 
2123 689 607 384 194 171 9999 93 678 217 143 397 505 529 
2032 708 571 308 220 178 93 9999 607 146 50 443 461 500 
1535 692 293 300 592 562 678 607 9999 462 575 702 875 958 
1918 636 437 166 213 163 217 146 462 9999 126 428 543 600 
1985 728 562 276 251 205 143 50 575 126 9999 477 439 486 
2237 325 472 517 226 275 397 443 702 428 477 9999 899 926 
2001 1167 964 623 680 639 505 461 875 543 439 899 9999 94 
2091 1208 1030 696 714 677 529 500 958 600 486 926 94 9999 
