NAME: ds_1004_courier_1520
TYPE: TSP
COMMENT: nil
DIMENSION: 15
EDGE_WEIGHT_TYPE: EXPLICIT
EDGE_WEIGHT_FORMAT: FULL_MATRIX
EDGE_WEIGHT_SECTION
9999 1203 910 1094 1003 484 848 638 213 694 1283 793 649 384 1765 
1203 9999 1014 1100 211 745 1330 1434 1107 634 597 1225 1661 856 1192 
910 1014 9999 187 941 870 1618 1506 1014 482 639 1529 1559 630 902 
1094 1100 187 9999 1058 1046 1801 1692 1201 639 631 1711 1743 815 759 
1003 211 941 1058 9999 536 1137 1226 898 499 667 1032 1450 672 1284 
484 745 870 1046 536 9999 772 753 363 434 978 675 935 282 1553 
848 1330 1618 1801 1137 772 9999 319 652 1206 1725 105 613 988 2319 
638 1434 1506 1692 1226 753 319 9999 491 1161 1730 346 303 888 2290 
213 1107 1014 1201 898 363 652 491 9999 698 1286 589 596 404 1817 
694 634 482 639 499 434 1206 1161 698 9999 592 1109 1293 311 1129 
1283 597 639 631 667 978 1725 1730 1286 592 9999 1621 1882 903 618 
793 1225 1529 1711 1032 675 105 346 589 1109 1621 9999 648 902 2217 
649 1661 1559 1743 1450 935 613 303 596 1293 1882 648 9999 991 2402 
384 856 630 815 672 282 988 888 404 311 903 902 991 9999 1414 
1765 1192 902 759 1284 1553 2319 2290 1817 1129 618 2217 2402 1414 9999 
