NAME: ds_609_courier_1103
TYPE: TSP
COMMENT: nil
DIMENSION: 30
EDGE_WEIGHT_TYPE: EXPLICIT
EDGE_WEIGHT_FORMAT: FULL_MATRIX
EDGE_WEIGHT_SECTION
9999 2577 3565 1930 1897 2039 2194 2101 2241 2177 2254 2171 2200 2324 679 741 474 537 435 327 397 491 403 326 50 440 606 557 676 4355 
2577 9999 1082 875 842 1081 839 958 1123 1077 1081 1434 1863 1915 3204 3088 2766 2881 2548 2687 2377 2175 2228 2256 2573 2798 2750 2872 3012 5654 
3565 1082 9999 1953 1923 2128 1874 2003 2122 2095 2078 2439 2863 2893 4219 3983 3679 3793 3462 3624 3309 3120 3187 3239 3553 3722 3635 3778 3910 6686 
1930 875 1953 9999 83 311 284 256 494 412 475 706 1097 1181 2486 2561 2229 2339 2026 2118 1839 1634 1657 1638 1938 2244 2256 2339 2484 4803 
1897 842 1923 83 9999 394 350 337 576 494 556 787 1173 1259 2466 2515 2182 2294 1977 2075 1791 1585 1612 1599 1903 2200 2206 2293 2438 4858 
2039 1081 2128 311 394 9999 256 125 217 141 219 397 805 880 2537 2713 2384 2490 2191 2262 2004 1805 1814 1774 2054 2391 2428 2493 2637 4573 
2194 839 1874 284 350 256 9999 133 301 241 264 598 1026 1084 2728 2839 2506 2616 2305 2393 2118 1914 1934 1910 2205 2520 2537 2617 2761 4821 
2101 958 2003 256 337 125 133 9999 241 161 219 497 917 985 2619 2760 2428 2536 2231 2311 2044 1842 1856 1825 2114 2439 2466 2539 2683 4697 
2241 1123 2122 494 576 217 301 241 9999 83 43 317 746 792 2719 2923 2595 2700 2404 2471 2217 2019 2026 1982 2258 2600 2642 2704 2847 4564 
2177 1077 2095 412 494 141 241 161 83 9999 78 358 786 843 2666 2854 2524 2630 2332 2402 2145 1946 1954 1914 2193 2531 2569 2634 2777 4593 
2254 1081 2078 475 556 219 264 219 43 78 9999 361 789 835 2740 2932 2602 2708 2411 2480 2223 2024 2033 1992 2270 2609 2648 2712 2856 4608 
2171 1434 2439 706 787 397 598 497 317 358 361 9999 429 488 2586 2885 2564 2662 2389 2431 2205 2018 2010 1946 2195 2561 2629 2671 2811 4247 
2200 1863 2863 1097 1173 805 1026 917 746 786 789 429 9999 126 2511 2938 2634 2722 2483 2492 2308 2142 2116 2027 2232 2621 2720 2735 2868 3825 
2324 1915 2893 1181 1259 880 1084 985 792 843 835 488 126 9999 2625 3062 2759 2847 2609 2617 2434 2268 2242 2153 2356 2745 2846 2860 2992 3807 
679 3204 4219 2486 2466 2537 2728 2619 2719 2666 2740 2586 2511 2625 9999 891 873 834 991 800 1041 1169 1082 997 707 806 1022 868 879 3935 
741 3088 3983 2561 2515 2713 2839 2760 2923 2854 2932 2885 2938 3062 891 9999 333 224 543 454 725 932 905 942 707 324 348 222 78 4826 
474 2766 3679 2229 2182 2384 2506 2428 2595 2524 2602 2564 2634 2759 873 333 9999 115 218 148 394 601 572 618 430 68 154 111 255 4751 
537 2881 3793 2339 2294 2490 2616 2536 2700 2630 2708 2662 2722 2847 834 224 115 9999 333 232 508 714 683 719 497 102 205 33 148 4744 
435 2548 3462 2026 1977 2191 2305 2231 2404 2332 2411 2389 2483 2609 991 543 218 333 9999 195 187 392 380 456 386 261 240 324 466 4787 
327 2687 3624 2118 2075 2262 2393 2311 2471 2402 2480 2431 2492 2617 800 454 148 232 195 9999 314 512 466 489 282 130 283 243 380 4634 
397 2377 3309 1839 1791 2004 2118 2044 2217 2145 2223 2205 2308 2434 1041 725 394 508 187 314 9999 207 195 293 354 421 425 504 648 4735 
491 2175 3120 1634 1585 1805 1914 1842 2019 1946 2024 2018 2142 2268 1169 932 601 714 392 512 207 9999 94 227 463 626 624 711 855 4733 
403 2228 3187 1657 1612 1814 1934 1856 2026 1954 2033 2010 2116 2242 1082 905 572 683 380 466 195 94 9999 139 378 588 619 683 827 4645 
326 2256 3239 1638 1599 1774 1910 1825 1982 1914 1992 1946 2027 2153 997 942 618 719 456 489 293 227 139 9999 317 619 693 725 867 4506 
50 2573 3553 1938 1903 2054 2205 2114 2258 2193 2270 2195 2232 2356 707 707 430 497 386 282 354 463 378 317 9999 399 559 516 639 4404 
440 2798 3722 2244 2200 2391 2520 2439 2600 2531 2609 2561 2621 2745 806 324 68 102 261 130 421 626 588 619 399 9999 219 117 249 4690 
606 2750 3635 2256 2206 2428 2537 2466 2642 2569 2648 2629 2720 2846 1022 348 154 205 240 283 425 624 619 693 559 219 9999 176 279 4905 
557 2872 3778 2339 2293 2493 2617 2539 2704 2634 2712 2671 2735 2860 868 222 111 33 324 243 504 711 683 725 516 117 176 9999 145 4776 
676 3012 3910 2484 2438 2637 2761 2683 2847 2777 2856 2811 2868 2992 879 78 255 148 466 380 648 855 827 867 639 249 279 145 9999 4810 
4355 5654 6686 4803 4858 4573 4821 4697 4564 4593 4608 4247 3825 3807 3935 4826 4751 4744 4787 4634 4735 4733 4645 4506 4404 4690 4905 4776 4810 9999 
