NAME: ds_827_courier_1656
TYPE: TSP
COMMENT: nil
DIMENSION: 28
EDGE_WEIGHT_TYPE: EXPLICIT
EDGE_WEIGHT_FORMAT: FULL_MATRIX
EDGE_WEIGHT_SECTION
9999 4080 49 2999 3523 3902 2861 3280 4100 2912 3236 3487 3955 5975 3443 2952 2768 3268 2995 3592 3856 2983 3092 2986 3429 5448 5442 4014 
4080 9999 4112 2429 2244 2082 2738 2795 279 1168 2602 2808 2395 2113 718 3034 3239 2225 1117 2593 484 1235 2097 2271 3204 7785 7786 68 
49 4112 9999 3002 3529 3911 2860 3277 4134 2945 3236 3485 3960 6014 3471 2945 2758 3274 3024 3593 3884 3020 3101 2992 3421 5403 5396 4046 
2999 2429 3002 9999 550 974 328 462 2646 1869 299 609 961 4505 1783 606 837 323 1644 612 1960 2315 335 162 862 5372 5373 2397 
3523 2244 3529 550 9999 431 820 620 2493 1965 468 573 441 4233 1702 997 1277 256 1706 351 1760 2418 467 537 989 5695 5697 2226 
3902 2082 3911 974 431 9999 1251 1012 2349 2042 887 907 314 3966 1656 1414 1698 658 1772 648 1609 2479 809 933 1324 6042 6046 2076 
2861 2738 2860 328 820 1251 9999 421 2947 2100 397 627 1177 4824 2075 309 510 633 1895 753 2274 2536 658 472 701 5052 5053 2704 
3280 2795 3277 462 620 1012 421 9999 3028 2321 196 208 853 4828 2187 424 709 569 2089 397 2314 2771 732 610 417 5078 5081 2769 
4100 279 4134 2646 2493 2349 2947 3028 9999 1204 2833 3052 2662 1970 881 3248 3441 2459 1215 2843 741 1164 2317 2486 3441 7980 7981 273 
2912 1168 2945 1869 1965 2042 2100 2321 1204 9999 2134 2419 2304 3153 616 2408 2533 1816 270 2286 1024 454 1603 1713 2730 6976 6975 1102 
3236 2602 3236 299 468 887 397 196 2833 2134 9999 310 783 4642 1992 529 811 377 1898 359 2122 2584 538 430 612 5254 5256 2576 
3487 2808 3485 609 573 907 627 208 3052 2419 310 9999 700 4806 2235 610 888 613 2176 259 2325 2872 817 735 421 5140 5143 2788 
3955 2395 3960 961 441 314 1177 853 2662 2304 783 700 9999 4268 1953 1276 1562 696 2037 456 1921 2749 905 973 1093 5789 5793 2389 
5975 2113 6014 4505 4233 3966 4824 4828 1970 3153 4642 4806 4268 9999 2827 5110 5332 4267 3184 4566 2553 2995 4170 4353 5220 9876 9878 2160 
3443 718 3471 1783 1702 1656 2075 2187 881 616 1992 2235 1953 2827 9999 2379 2564 1627 449 2050 420 924 1462 1621 2604 7100 7100 667 
2952 3034 2945 606 997 1414 309 424 3248 2408 529 610 1276 5110 2379 9999 287 866 2204 820 2565 2841 940 763 487 4768 4769 3001 
2768 3239 2758 837 1277 1698 510 709 3441 2533 811 888 1562 5332 2564 287 9999 1127 2349 1106 2780 2951 1168 981 677 4547 4548 3203 
3268 2225 3274 323 256 658 633 569 2459 1816 377 613 696 4267 1627 866 1127 9999 1568 479 1745 2270 233 282 982 5622 5624 2200 
2995 1117 3024 1644 1706 1772 1895 2089 1215 270 1898 2176 2037 3184 449 2204 2349 1568 9999 2033 867 713 1362 1485 2501 6837 6836 1057 
3592 2593 3593 612 351 648 753 397 2843 2286 359 259 456 4566 2050 820 1106 479 2033 9999 2109 2740 710 689 677 5397 5400 2576 
3856 484 3884 1960 1760 1609 2274 2314 741 1024 2122 2325 1921 2553 420 2565 2780 1745 867 2109 9999 1265 1625 1804 2722 7326 7327 469 
2983 1235 3020 2315 2418 2479 2536 2771 1164 454 2584 2872 2749 2995 924 2841 2951 2270 713 2740 1265 9999 2055 2161 3177 7339 7338 1168 
3092 2097 3101 335 467 809 658 732 2317 1603 538 817 905 4170 1462 940 1168 233 1362 710 1625 2055 9999 189 1148 5706 5708 2066 
2986 2271 2992 162 537 933 472 610 2486 1713 430 735 973 4353 1621 763 981 282 1485 689 1804 2161 189 9999 1018 5524 5525 2239 
3429 3204 3421 862 989 1324 701 417 3441 2730 612 421 1093 5220 2604 487 677 982 2501 677 2722 3177 1148 1018 9999 4720 4723 3181 
5448 7785 5403 5372 5695 6042 5052 5078 7980 6976 5254 5140 5789 9876 7100 4768 4547 5622 6837 5397 7326 7339 5706 5524 4720 9999 15 7748 
5442 7786 5396 5373 5697 6046 5053 5081 7981 6975 5256 5143 5793 9878 7100 4769 4548 5624 6836 5400 7327 7338 5708 5525 4723 15 9999 7748 
4014 68 4046 2397 2226 2076 2704 2769 273 1102 2576 2788 2389 2160 667 3001 3203 2200 1057 2576 469 1168 2066 2239 3181 7748 7748 9999 
