NAME: ds_707_courier_75
TYPE: TSP
COMMENT: nil
DIMENSION: 28
EDGE_WEIGHT_TYPE: EXPLICIT
EDGE_WEIGHT_FORMAT: FULL_MATRIX
EDGE_WEIGHT_SECTION
9999 2004 2332 2267 2305 2345 2460 2267 1832 2248 1351 1579 2299 2083 1580 1253 1547 1466 1556 1553 1914 2222 97 468 1048 759 1108 3954 
2004 9999 853 999 778 855 1413 1619 612 497 1043 588 725 105 590 1905 2533 2084 2527 1334 1982 264 1968 1559 1494 1776 1947 4287 
2332 853 9999 216 77 14 600 920 514 380 1009 798 135 770 797 1719 2292 1811 2280 1036 1496 994 2266 1866 1460 1826 1827 3620 
2267 999 216 9999 278 226 415 705 530 567 920 812 335 928 809 1555 2110 1630 2097 876 1289 1170 2195 1809 1338 1709 1673 3408 
2305 778 77 278 9999 78 675 982 476 303 997 754 59 694 752 1734 2316 1835 2305 1052 1539 917 2241 1838 1457 1820 1836 3686 
2345 855 14 226 78 9999 605 929 525 378 1022 809 133 771 807 1732 2305 1824 2294 1049 1508 992 2278 1879 1474 1840 1840 3628 
2460 1413 600 415 675 605 9999 416 899 975 1128 1158 733 1344 1155 1547 2019 1559 2004 934 1108 1584 2378 2024 1449 1814 1690 3045 
2267 1619 920 705 982 929 416 9999 1027 1256 1029 1221 1038 1570 1218 1217 1632 1190 1617 718 701 1829 2178 1868 1222 1561 1373 2706 
1832 612 514 530 476 525 899 1027 9999 466 568 287 467 589 285 1393 2009 1540 2001 756 1378 854 1771 1364 1048 1392 1468 3675 
2248 497 380 567 303 378 975 1256 466 9999 1033 671 245 404 670 1849 2458 1982 2448 1190 1753 614 2194 1781 1513 1854 1931 3962 
1351 1043 1009 920 997 1022 1128 1029 568 1033 9999 456 1005 1065 454 862 1490 1045 1483 387 1053 1307 1276 901 481 827 915 3407 
1579 588 798 812 754 809 1158 1221 287 671 456 9999 737 615 3 1317 1945 1499 1939 773 1443 852 1524 1111 913 1219 1362 3786 
2299 725 135 335 59 133 733 1038 467 245 1005 737 9999 639 736 1760 2349 1868 2338 1081 1584 859 2237 1832 1472 1831 1859 3742 
2083 105 770 928 694 771 1344 1570 589 404 1065 615 639 9999 616 1926 2553 2097 2546 1332 1967 266 2044 1632 1527 1823 1976 4253 
1580 590 797 809 752 807 1155 1218 285 670 454 3 736 616 9999 1316 1944 1497 1937 771 1441 854 1524 1112 912 1219 1361 3783 
1253 1905 1719 1555 1734 1732 1547 1217 1393 1849 862 1317 1760 1926 1316 9999 628 242 622 683 682 2169 1156 1028 455 502 165 2792 
1547 2533 2292 2110 2316 2305 2019 1632 2009 2458 1490 1945 2349 2553 1944 628 9999 481 18 1271 945 2797 1459 1491 1066 949 619 2415 
1466 2084 1811 1630 1835 1824 1559 1190 1540 1982 1045 1499 1868 2097 1497 242 481 9999 470 793 554 2348 1370 1267 685 731 359 2551 
1556 2527 2280 2097 2305 2294 2004 1617 2001 2448 1483 1939 2338 2546 1937 622 18 470 9999 1260 928 2791 1468 1495 1062 952 617 2404 
1553 1334 1036 876 1052 1049 934 718 756 1190 387 773 1081 1332 771 683 1271 793 1260 9999 675 1591 1466 1151 518 880 797 3028 
1914 1982 1496 1289 1539 1508 1108 701 1378 1753 1053 1443 1584 1967 1441 682 945 554 928 675 9999 2231 1817 1617 933 1155 845 2354 
2222 264 994 1170 917 992 1584 1829 854 614 1307 852 859 266 854 2169 2797 2348 2791 1591 2231 9999 2193 1789 1757 2033 2211 4518 
97 1968 2266 2195 2241 2278 2378 2178 1771 2194 1276 1524 2237 2044 1524 1156 1459 1370 1468 1466 1817 2193 9999 414 957 663 1012 3862 
468 1559 1866 1809 1838 1879 2024 1868 1364 1781 901 1111 1832 1632 1112 1028 1491 1267 1495 1151 1617 1789 414 9999 690 550 925 3817 
1048 1494 1460 1338 1457 1474 1449 1222 1048 1513 481 913 1472 1527 912 455 1066 685 1062 518 933 1757 957 690 9999 372 456 3205 
759 1776 1826 1709 1820 1840 1814 1561 1392 1854 827 1219 1831 1823 1219 502 949 731 952 880 1155 2033 663 550 372 9999 378 3273 
1108 1947 1827 1673 1836 1840 1690 1373 1468 1931 915 1362 1859 1976 1361 165 619 359 617 797 845 2211 1012 925 456 378 9999 2894 
3954 4287 3620 3408 3686 3628 3045 2706 3675 3962 3407 3786 3742 4253 3783 2792 2415 2551 2404 3028 2354 4518 3862 3817 3205 3273 2894 9999 
