NAME: ds_727_courier_638
TYPE: TSP
COMMENT: nil
DIMENSION: 44
EDGE_WEIGHT_TYPE: EXPLICIT
EDGE_WEIGHT_FORMAT: FULL_MATRIX
EDGE_WEIGHT_SECTION
9999 1381 1409 1749 2180 798 758 1419 1281 1633 1245 1326 1358 835 1421 1315 1012 1120 951 881 1320 1514 1830 547 982 1015 1202 1485 1737 1653 1537 1582 1431 538 620 586 242 645 658 571 286 354 798 292 
1381 9999 106 388 809 943 1568 1251 737 445 140 160 621 1301 1234 1013 491 340 1194 1043 1164 618 527 1387 919 1041 1001 327 358 302 264 202 484 845 781 991 1236 1696 1701 1803 1247 1636 583 1531 
1409 106 9999 340 772 910 1543 1170 655 343 208 265 530 1263 1152 933 464 316 1146 1000 1087 515 578 1372 867 985 929 221 336 346 347 218 588 878 796 981 1248 1684 1689 1804 1255 1646 617 1540 
1749 388 340 9999 432 1207 1841 1333 846 300 527 514 696 1545 1314 1111 781 643 1409 1277 1270 597 463 1687 1131 1238 1138 343 97 303 428 231 739 1218 1134 1303 1584 2000 2003 2132 1588 1979 957 1874 
2180 809 772 432 9999 1617 2247 1641 1202 635 949 910 1052 1941 1621 1442 1206 1072 1793 1674 1597 914 606 2105 1522 1618 1491 741 454 611 759 621 1048 1648 1566 1727 2015 2417 2420 2557 2018 2409 1387 2304 
798 943 910 1207 1617 9999 635 658 511 994 852 985 623 361 655 519 451 603 298 140 550 789 1469 497 184 245 409 876 1235 1244 1188 1126 1256 558 412 215 559 804 806 972 527 871 571 773 
758 1568 1543 1841 2247 635 9999 925 1083 1617 1466 1592 1220 322 936 949 1080 1231 496 578 866 1382 2091 240 734 664 848 1507 1869 1870 1803 1757 1826 947 880 599 595 254 247 495 540 546 1101 513 
1419 1251 1170 1333 1641 658 925 9999 515 1039 1228 1363 648 639 20 238 868 973 480 544 111 740 1734 959 496 415 285 1010 1402 1505 1514 1368 1691 1204 1048 865 1178 1175 1170 1406 1134 1389 1144 1311 
1281 737 655 846 1202 511 1083 515 9999 570 723 855 151 763 498 278 418 482 601 510 434 300 1224 995 355 425 293 508 905 993 999 857 1187 894 738 702 1052 1290 1290 1476 1028 1382 744 1283 
1633 445 343 300 635 994 1617 1039 570 9999 544 605 419 1308 1020 824 623 522 1159 1042 982 300 746 1488 888 983 862 154 383 544 623 420 910 1130 1015 1125 1441 1798 1800 1953 1435 1821 884 1716 
1245 140 208 527 949 852 1466 1228 723 544 9999 139 629 1212 1212 990 407 265 1119 962 1133 662 628 1274 852 976 962 405 497 418 338 337 465 707 652 878 1106 1581 1587 1678 1119 1506 447 1402 
1326 160 265 514 910 985 1592 1363 855 605 139 9999 753 1346 1347 1125 544 404 1256 1098 1270 767 513 1394 990 1115 1100 485 460 328 217 291 337 790 756 999 1205 1698 1704 1784 1223 1605 538 1502 
1358 621 530 696 1052 623 1220 648 151 419 629 753 9999 904 629 417 407 421 746 643 576 165 1087 1117 487 570 444 363 759 858 877 721 1089 926 779 794 1138 1419 1419 1595 1120 1488 739 1386 
835 1301 1263 1545 1941 361 322 639 763 1308 1212 1346 904 9999 647 632 810 961 176 268 564 1063 1828 323 420 341 527 1206 1580 1601 1549 1480 1611 821 709 423 609 553 549 773 556 752 906 680 
1421 1234 1152 1314 1621 655 936 20 498 1020 1212 1347 629 647 9999 222 855 958 485 544 105 720 1716 966 490 413 275 991 1384 1487 1497 1350 1676 1199 1042 864 1180 1186 1181 1416 1136 1396 1135 1317 
1315 1013 933 1111 1442 519 949 238 278 824 990 1125 417 632 222 9999 641 737 456 443 159 529 1501 922 336 313 114 781 1176 1271 1276 1134 1454 1027 867 734 1074 1184 1181 1397 1037 1343 935 1254 
1012 491 464 781 1206 451 1080 868 418 623 407 544 407 810 855 641 9999 152 712 556 765 534 1018 909 448 573 588 479 796 793 740 677 844 531 398 522 820 1222 1226 1351 817 1206 333 1100 
1120 340 316 643 1072 603 1231 973 482 522 265 404 421 961 958 737 152 9999 859 705 875 508 867 1057 588 712 702 370 651 641 591 526 720 608 500 665 944 1369 1373 1491 946 1337 366 1231 
951 1194 1146 1409 1793 298 496 480 601 1159 1119 1256 746 176 485 456 712 859 9999 162 395 901 1720 482 279 176 352 1067 1451 1489 1450 1363 1543 837 701 446 713 729 725 946 665 911 869 832 
881 1043 1000 1277 1674 140 578 544 510 1042 962 1098 643 268 544 443 556 705 162 9999 441 806 1569 492 156 134 329 938 1314 1340 1296 1217 1381 694 551 324 639 780 780 973 599 903 709 811 
1320 1164 1087 1270 1597 550 866 111 434 982 1133 1270 576 564 105 159 765 875 395 441 9999 686 1657 877 386 309 178 939 1335 1426 1427 1290 1594 1094 938 759 1079 1111 1107 1336 1036 1306 1035 1225 
1514 618 515 597 914 789 1382 740 300 300 662 767 165 1063 720 529 534 508 901 806 686 9999 1025 1282 650 725 580 305 673 807 853 672 1101 1064 923 957 1299 1583 1583 1760 1282 1653 857 1551 
1830 527 578 463 606 1469 2091 1734 1224 746 628 513 1087 1828 1716 1501 1018 867 1720 1569 1657 1025 9999 1902 1443 1562 1505 728 368 232 297 367 484 1298 1269 1505 1717 2208 2214 2297 1736 2117 1050 2014 
547 1387 1372 1687 2105 497 240 959 995 1488 1274 1394 1117 323 966 922 909 1057 482 492 877 1282 1902 9999 642 611 811 1365 1706 1687 1609 1582 1609 713 659 397 359 313 317 482 303 430 884 358 
982 919 867 1131 1522 184 734 496 355 888 852 990 487 420 490 336 448 588 279 156 386 650 1443 642 9999 125 229 790 1172 1212 1178 1085 1290 709 553 399 743 935 935 1123 710 1040 665 945 
1015 1041 985 1238 1618 245 664 415 425 983 976 1115 570 341 413 313 573 712 176 134 309 725 1562 611 125 9999 200 895 1283 1331 1301 1202 1415 801 650 451 773 885 883 1089 733 1030 780 941 
1202 1001 929 1138 1491 409 848 285 293 862 962 1100 444 527 275 114 588 702 352 329 178 580 1505 811 229 200 9999 799 1196 1273 1265 1138 1421 932 774 624 961 1078 1075 1287 924 1230 860 1140 
1485 327 221 343 741 876 1507 1010 508 154 405 485 363 1206 991 781 479 370 1067 938 939 305 728 1365 790 895 799 9999 397 504 549 368 809 977 866 992 1298 1676 1679 1822 1295 1683 730 1578 
1737 358 336 97 454 1235 1869 1402 905 383 497 460 759 1580 1384 1176 796 651 1451 1314 1335 673 368 1706 1172 1283 1196 397 9999 210 345 169 655 1201 1129 1316 1583 2018 2022 2140 1591 1981 940 1876 
1653 302 346 303 611 1244 1870 1505 993 544 418 328 858 1601 1487 1271 793 641 1489 1340 1426 807 232 1687 1212 1331 1273 504 210 9999 149 137 451 1115 1069 1291 1523 1996 2002 2097 1537 1923 859 1819 
1537 264 347 428 759 1188 1803 1514 999 623 338 217 877 1549 1497 1276 740 591 1450 1296 1427 853 297 1609 1178 1301 1265 549 345 149 9999 209 311 1003 972 1213 1421 1914 1920 2001 1440 1821 754 1718 
1582 202 218 231 621 1126 1757 1368 857 420 337 291 721 1480 1350 1134 677 526 1363 1217 1290 672 367 1582 1085 1202 1138 368 169 137 209 9999 515 1045 983 1187 1437 1892 1897 2003 1448 1837 784 1732 
1431 484 588 739 1048 1256 1826 1691 1187 910 465 337 1089 1611 1676 1454 844 720 1543 1381 1594 1101 484 1609 1290 1415 1421 809 655 451 311 515 9999 929 950 1227 1362 1896 1904 1946 1392 1749 726 1652 
538 845 878 1218 1648 558 947 1204 894 1130 707 790 926 821 1199 1027 531 608 837 694 1094 1064 1298 713 709 801 932 977 1201 1115 1003 1045 929 9999 160 399 432 977 986 1017 464 824 262 725 
620 781 796 1134 1566 412 880 1048 738 1015 652 756 779 709 1042 867 398 500 701 551 938 923 1269 659 553 650 774 866 1129 1069 972 983 950 160 9999 290 455 950 958 1029 468 855 226 751 
586 991 981 1303 1727 215 599 865 702 1125 878 999 794 423 864 734 522 665 446 324 759 957 1505 397 399 451 624 992 1316 1291 1213 1187 1227 399 290 9999 351 705 711 831 327 699 503 595 
242 1236 1248 1584 2015 559 595 1178 1052 1441 1106 1205 1138 609 1180 1074 820 944 713 639 1079 1299 1717 359 743 773 961 1298 1583 1523 1421 1437 1362 432 455 351 9999 561 572 585 57 401 667 297 
645 1696 1684 2000 2417 804 254 1175 1290 1798 1581 1698 1419 553 1186 1184 1222 1369 729 780 1111 1583 2208 313 935 885 1078 1676 2018 1996 1914 1892 1896 977 950 705 561 9999 14 243 518 347 1176 357 
658 1701 1689 2003 2420 806 247 1170 1290 1800 1587 1704 1419 549 1181 1181 1226 1373 725 780 1107 1583 2214 317 935 883 1075 1679 2022 2002 1920 1897 1904 986 958 711 572 14 9999 253 528 360 1184 371 
571 1803 1804 2132 2557 972 495 1406 1476 1953 1678 1784 1595 773 1416 1397 1351 1491 946 973 1336 1760 2297 482 1123 1089 1287 1822 2140 2097 2001 2003 1946 1017 1029 831 585 243 253 9999 562 217 1248 297 
286 1247 1255 1588 2018 527 540 1134 1028 1435 1119 1223 1120 556 1136 1037 817 946 665 599 1036 1282 1736 303 710 733 924 1295 1591 1537 1440 1448 1392 464 468 327 57 518 528 562 9999 391 687 285 
354 1636 1646 1979 2409 871 546 1389 1382 1821 1506 1605 1488 752 1396 1343 1206 1337 911 903 1306 1653 2117 430 1040 1030 1230 1683 1981 1923 1821 1837 1749 824 855 699 401 347 360 217 391 9999 1067 106 
798 583 617 957 1387 571 1101 1144 744 884 447 538 739 906 1135 935 333 366 869 709 1035 857 1050 884 665 780 860 730 940 859 754 784 726 262 226 503 667 1176 1184 1248 687 1067 9999 964 
292 1531 1540 1874 2304 773 513 1311 1283 1716 1402 1502 1386 680 1317 1254 1100 1231 832 811 1225 1551 2014 358 945 941 1140 1578 1876 1819 1718 1732 1652 725 751 595 297 357 371 297 285 106 964 9999 
