NAME: ds_515_courier_3156
TYPE: TSP
COMMENT: nil
DIMENSION: 13
EDGE_WEIGHT_TYPE: EXPLICIT
EDGE_WEIGHT_FORMAT: FULL_MATRIX
EDGE_WEIGHT_SECTION
9999 3684 3427 3218 3337 3179 3113 3092 3622 3338 3031 3674 3269 
3684 9999 273 484 369 807 772 896 201 386 914 156 703 
3427 273 9999 296 227 735 664 806 338 268 804 346 487 
3218 484 296 9999 120 471 382 527 408 126 517 457 653 
3337 369 227 120 9999 508 440 580 291 43 582 337 662 
3179 807 735 471 508 9999 117 100 629 469 150 693 1119 
3113 772 664 382 440 117 9999 145 612 405 143 675 1019 
3092 896 806 527 580 100 145 9999 724 543 66 787 1163 
3622 201 338 408 291 629 612 724 9999 285 750 63 822 
3338 386 268 126 43 469 405 543 285 9999 548 336 704 
3031 914 804 517 582 150 143 66 750 548 9999 813 1138 
3674 156 346 457 337 693 675 787 63 336 813 9999 819 
3269 703 487 653 662 1119 1019 1163 822 704 1138 819 9999 
