NAME: ds_903_courier_2925
TYPE: TSP
COMMENT: nil
DIMENSION: 17
EDGE_WEIGHT_TYPE: EXPLICIT
EDGE_WEIGHT_FORMAT: FULL_MATRIX
EDGE_WEIGHT_SECTION
9999 2948 4666 4767 4546 4647 3507 4294 3230 3953 4733 2712 4175 2798 4539 3614 4593 
2948 9999 2039 2143 2048 2059 1132 1775 627 1440 2193 4337 1633 186 1914 1171 2071 
4666 2039 9999 105 280 89 1160 395 1504 714 225 6372 493 2088 129 1053 228 
4767 2143 105 9999 316 133 1260 485 1609 815 190 6477 592 2193 234 1154 257 
4546 2048 280 316 9999 195 1054 276 1468 628 192 6355 416 2073 272 959 60 
4647 2059 89 133 195 9999 1141 357 1509 696 154 6387 473 2101 153 1037 140 
3507 1132 1160 1260 1054 1141 9999 791 505 446 1235 5334 669 1099 1034 114 1096 
4294 1775 395 485 276 357 791 9999 1193 354 445 6080 141 1797 289 691 309 
3230 627 1504 1609 1468 1509 505 1193 9999 843 1629 4887 1054 610 1375 547 1499 
3953 1440 714 815 628 696 446 354 843 9999 799 5729 224 1451 589 340 663 
4733 2193 225 190 192 154 1235 445 1629 799 9999 6514 578 2228 305 1136 140 
2712 4337 6372 6477 6355 6387 5334 6080 4887 5729 6514 9999 5940 4286 6246 5412 6385 
4175 1633 493 592 416 473 669 141 1054 224 578 5940 9999 1657 370 564 445 
2798 186 2088 2193 2073 2101 1099 1797 610 1451 2228 4286 1657 9999 1961 1155 2100 
4539 1914 129 234 272 153 1034 289 1375 589 305 6246 370 1961 9999 926 242 
3614 1171 1053 1154 959 1037 114 691 547 340 1136 5412 564 1155 926 9999 998 
4593 2071 228 257 60 140 1096 309 1499 663 140 6385 445 2100 242 998 9999 
