NAME: ds_1007_courier_87
TYPE: TSP
COMMENT: nil
DIMENSION: 8
EDGE_WEIGHT_TYPE: EXPLICIT
EDGE_WEIGHT_FORMAT: FULL_MATRIX
EDGE_WEIGHT_SECTION
9999 1416 1301 1159 1389 1822 1596 507 
1416 9999 698 1201 1017 1730 1556 997 
1301 698 9999 552 319 1034 858 1113 
1159 1201 552 9999 351 698 470 1203 
1389 1017 319 351 9999 715 541 1311 
1822 1730 1034 698 715 9999 230 1901 
1596 1556 858 470 541 230 9999 1674 
507 997 1113 1203 1311 1901 1674 9999 
