NAME: ds_721_courier_2688
TYPE: TSP
COMMENT: nil
DIMENSION: 28
EDGE_WEIGHT_TYPE: EXPLICIT
EDGE_WEIGHT_FORMAT: FULL_MATRIX
EDGE_WEIGHT_SECTION
9999 5169 5062 4535 4518 4250 4107 4075 3213 3205 3310 2915 2921 3641 3502 3249 3110 2821 2703 4263 4862 6718 4288 3134 3042 4775 3250 3680 
5169 9999 184 634 666 923 1067 1112 1993 2048 1965 2289 2306 1630 1705 1929 2068 2357 2475 986 344 1596 918 2102 2148 682 1935 1504 
5062 184 9999 540 544 841 955 989 1867 1912 1824 2165 2177 1486 1576 1837 1953 2242 2361 837 359 1747 867 2030 2061 751 1816 1422 
4535 634 540 9999 112 302 434 490 1365 1431 1355 1659 1680 1031 1080 1300 1434 1723 1841 439 367 2217 360 1491 1522 593 1303 882 
4518 666 544 112 9999 339 412 447 1328 1382 1301 1625 1641 970 1039 1300 1410 1699 1818 347 444 2261 435 1509 1526 703 1273 896 
4250 923 841 302 339 9999 219 311 1116 1201 1140 1400 1431 845 845 1005 1164 1450 1566 429 615 2481 162 1189 1225 674 1041 582 
4107 1067 955 434 412 219 9999 95 931 1003 934 1225 1247 629 650 892 1001 1291 1409 298 791 2651 370 1117 1119 892 869 508 
4075 1112 989 490 447 311 95 9999 881 941 866 1178 1194 549 593 886 965 1254 1373 248 854 2704 464 1128 1114 980 827 533 
3213 1993 1867 1365 1328 1116 931 881 9999 159 220 300 316 447 291 447 178 409 523 1051 1721 3582 1208 714 552 1756 113 676 
3205 2048 1912 1431 1382 1201 1003 941 159 9999 111 316 285 438 356 606 315 467 566 1081 1793 3643 1307 866 697 1858 270 811 
3310 1965 1824 1355 1301 1140 934 866 220 111 9999 427 394 340 306 653 395 576 677 990 1720 3561 1255 930 772 1805 313 798 
2915 2289 2165 1659 1625 1400 1225 1178 300 316 427 9999 91 733 590 562 255 166 251 1350 2011 3875 1481 735 540 2024 359 911 
2921 2306 2177 1680 1641 1431 1247 1194 316 285 394 91 9999 720 602 637 319 247 312 1353 2036 3897 1520 823 629 2066 398 965 
3641 1630 1486 1031 970 845 629 549 447 438 340 733 720 9999 218 720 601 856 969 650 1398 3227 979 1017 909 1519 461 659 
3502 1705 1576 1080 1039 845 650 593 291 356 306 590 602 218 9999 503 410 688 805 760 1440 3297 953 800 693 1504 265 510 
3249 1929 1837 1300 1300 1005 892 886 447 606 653 562 637 720 503 9999 325 522 620 1119 1614 3470 1040 297 228 1548 341 431 
3110 2068 1953 1434 1410 1164 1001 965 178 315 395 255 319 601 410 325 9999 290 408 1160 1778 3645 1236 556 382 1774 146 657 
2821 2357 2242 1723 1699 1450 1291 1254 409 467 576 166 247 856 688 522 290 9999 119 1445 2065 3931 1515 631 437 2046 430 921 
2703 2475 2361 1841 1818 1566 1409 1373 523 566 677 251 312 969 805 620 408 119 9999 1563 2181 4047 1629 688 501 2156 548 1030 
4263 986 837 439 347 429 298 248 1051 1081 990 1350 1353 650 760 1119 1160 1445 1563 9999 791 2580 589 1371 1346 1016 1016 781 
4862 344 359 367 444 615 791 854 1721 1793 1720 2011 2036 1398 1440 1614 1778 2065 2181 791 9999 1866 584 1772 1828 401 1652 1184 
6718 1596 1747 2217 2261 2481 2651 2704 3582 3643 3561 3875 3897 3227 3297 3470 3645 3931 4047 2580 1866 9999 2430 3596 3676 1961 3517 3038 
4288 918 867 360 435 162 370 464 1208 1307 1255 1481 1520 979 953 1040 1236 1515 1629 589 584 2430 9999 1187 1249 551 1124 608 
3134 2102 2030 1491 1509 1189 1117 1128 714 866 930 735 823 1017 800 297 556 631 688 1371 1772 3596 1187 9999 196 1642 619 613 
3042 2148 2061 1522 1526 1225 1119 1114 552 697 772 540 629 909 693 228 382 437 501 1346 1828 3676 1249 196 9999 1739 472 645 
4775 682 751 593 703 674 892 980 1756 1858 1805 2024 2066 1519 1504 1548 1774 2046 2156 1016 401 1961 551 1642 1739 9999 1668 1126 
3250 1935 1816 1303 1273 1041 869 827 113 270 313 359 398 461 265 341 146 430 548 1016 1652 3517 1124 619 472 1668 9999 572 
3680 1504 1422 882 896 582 508 533 676 811 798 911 965 659 510 431 657 921 1030 781 1184 3038 608 613 645 1126 572 9999 
