NAME: ds_703_courier_2925
TYPE: TSP
COMMENT: nil
DIMENSION: 19
EDGE_WEIGHT_TYPE: EXPLICIT
EDGE_WEIGHT_FORMAT: FULL_MATRIX
EDGE_WEIGHT_SECTION
9999 4953 4686 3269 3864 3212 4721 4786 2890 3904 2251 2170 4410 4631 3352 2782 4827 2255 2457 
4953 9999 327 1743 1103 2461 258 269 2299 1062 2951 3085 620 349 1756 2438 187 2975 2781 
4686 327 9999 1445 822 2134 296 101 1984 783 2644 2775 298 77 1441 2123 150 2666 2469 
3269 1743 1445 9999 649 1058 1546 1541 612 689 1215 1352 1156 1400 229 747 1593 1242 1060 
3864 1103 822 649 9999 1546 898 922 1239 41 1864 2000 556 768 713 1378 964 1891 1705 
3212 2461 2134 1058 1546 9999 2338 2204 612 1576 987 1045 1847 2121 871 599 2279 972 794 
4721 258 296 1546 898 2338 9999 323 2123 857 2761 2896 505 255 1583 2263 267 2787 2598 
4786 269 101 1541 922 2204 323 9999 2072 883 2735 2866 387 172 1530 2211 84 2756 2558 
2890 2299 1984 612 1239 612 2123 2072 9999 1277 678 801 1686 1950 543 140 2134 693 488 
3904 1062 783 689 41 1576 857 883 1277 9999 1904 2040 519 728 748 1416 924 1931 1744 
2251 2951 2644 1215 1864 987 2761 2735 678 1904 9999 139 2348 2605 1207 550 2793 45 206 
2170 3085 2775 1352 2000 1045 2896 2866 801 2040 139 9999 2479 2738 1336 667 2925 110 314 
4410 620 298 1156 556 1847 505 387 1686 519 2348 2479 9999 275 1144 1826 448 2369 2171 
4631 349 77 1400 768 2121 255 172 1950 728 2605 2738 275 9999 1407 2090 196 2628 2433 
3352 1756 1441 229 713 871 1583 1530 543 748 1207 1336 1144 1407 9999 683 1591 1227 1027 
2782 2438 2123 747 1378 599 2263 2211 140 1416 550 667 1826 2090 683 9999 2273 561 353 
4827 187 150 1593 964 2279 267 84 2134 924 2793 2925 448 196 1591 2273 9999 2815 2618 
2255 2975 2666 1242 1891 972 2787 2756 693 1931 45 110 2369 2628 1227 561 2815 9999 210 
2457 2781 2469 1060 1705 794 2598 2558 488 1744 206 314 2171 2433 1027 353 2618 210 9999 
