,0,1,2,3,4,5,6,7,8
0,0.0,1554.527656217715,767.1310480005013,1060.749942340231,1710.4789747954114,1506.9979587938933,1360.4837871443513,1026.5837718152993,1471.7937056013322
1,1554.527656217715,0.0,788.930178481158,560.6233045845787,1467.3662939786866,1474.8382086049896,1205.9974985410656,2470.3608169857193,651.7276891104975
2,767.1310480005013,788.930178481158,0.0,371.04190024250744,1427.0860442123387,1307.205539691199,1059.6198257766785,1726.2999074974325,813.8920819147345
3,1060.749942340231,560.6233045845787,371.04190024250744,0.0,1150.7187606853054,1078.6790041716706,808.9350593547891,1919.2557408718058,884.7771512754314
4,1710.4789747954114,1467.3662939786866,1427.0860442123387,1150.7187606853054,0.0,238.19268800777323,372.9376466960229,2031.5333406951775,2007.6024599587647
5,1506.9979587938933,1474.8382086049896,1307.205539691199,1078.6790041716706,238.19268800777323,0.0,273.6492441698206,1793.3942939930275,1959.3353346024344
6,1360.4837871443513,1205.9974985410656,1059.6198257766785,808.9350593547891,372.9376466960229,273.6492441698206,0.0,1804.745208899195,1686.9046903621572
7,1026.5837718152993,2470.3608169857193,1726.2999074974325,1919.2557408718058,2031.5333406951775,1793.3942939930275,1804.745208899195,0.0,2489.60405526523
8,1471.7937056013322,651.7276891104975,813.8920819147345,884.7771512754314,2007.6024599587647,1959.3353346024344,1686.9046903621572,2489.60405526523,0.0
