NAME: ds_902_courier_1558
TYPE: TSP
COMMENT: nil
DIMENSION: 12
EDGE_WEIGHT_TYPE: EXPLICIT
EDGE_WEIGHT_FORMAT: FULL_MATRIX
EDGE_WEIGHT_SECTION
9999 2170 2078 26 1961 2199 2034 2012 2100 1993 2061 20 
2170 9999 923 2173 213 41 275 261 206 858 656 2167 
2078 923 9999 2071 919 959 660 687 717 103 266 2067 
26 2173 2071 9999 1965 2204 2035 2013 2102 1986 2057 8 
1961 213 919 1965 9999 239 277 242 265 837 662 1959 
2199 41 959 2204 239 9999 316 302 245 896 693 2198 
2034 275 660 2035 277 316 9999 38 81 588 396 2030 
2012 261 687 2013 242 302 38 9999 90 613 426 2008 
2100 206 717 2102 265 245 81 90 9999 652 451 2096 
1993 858 103 1986 837 896 588 613 652 9999 213 1983 
2061 656 266 2057 662 693 396 426 451 213 9999 2053 
20 2167 2067 8 1959 2198 2030 2008 2096 1983 2053 9999 
