NAME: ds_920_courier_2925
TYPE: TSP
COMMENT: nil
DIMENSION: 20
EDGE_WEIGHT_TYPE: EXPLICIT
EDGE_WEIGHT_FORMAT: FULL_MATRIX
EDGE_WEIGHT_SECTION
9999 80 3355 3587 3638 3848 4245 2259 4780 3282 2184 4444 3111 4699 3744 3100 4559 4593 4472 1562 
80 9999 3304 3543 3592 3806 4201 2199 4737 3234 2121 4401 3049 4658 3779 3040 4519 4552 4429 1538 
3355 3304 9999 465 402 700 987 1170 1507 182 1311 1203 663 1481 3855 578 1390 1392 1224 1986 
3587 3543 465 9999 136 274 659 1526 1194 380 1684 860 1128 1125 3604 1043 1003 1023 887 2115 
3638 3592 402 136 9999 299 620 1528 1155 372 1680 832 1056 1106 3739 975 1000 1010 856 2190 
3848 3806 700 274 299 9999 410 1799 934 647 1956 596 1353 855 3659 1274 730 751 626 2359 
4245 4201 987 659 620 410 9999 2145 536 991 2293 216 1581 494 3961 1515 423 410 237 2766 
2259 2199 1170 1526 1528 1799 2145 9999 2673 1157 172 2359 859 2634 3805 842 2525 2538 2382 1198 
4780 4737 1507 1194 1155 934 536 2673 9999 1525 2818 340 2058 183 4263 2001 341 265 309 3291 
3282 3234 182 380 372 647 991 1157 1525 9999 1311 1204 788 1478 3673 698 1369 1381 1228 1870 
2184 2121 1311 1684 1680 1956 2293 172 2818 1311 9999 2508 930 2784 3924 928 2680 2690 2530 1247 
4444 4401 1203 860 832 596 216 2359 340 1204 2508 9999 1792 278 4012 1728 233 200 34 2952 
3111 3049 663 1128 1056 1353 1581 859 2058 788 930 1792 9999 2067 4272 93 2001 1990 1807 1980 
4699 4658 1481 1125 1106 855 494 2634 183 1478 2784 278 2067 9999 4087 2004 171 110 261 3192 
3744 3779 3855 3604 3739 3659 3961 3805 4263 3673 3924 4012 4272 4087 9999 4187 3923 3999 4043 2836 
3100 3040 578 1043 975 1274 1515 842 2001 698 928 1728 93 2004 4187 9999 1933 1925 1744 1931 
4559 4519 1390 1003 1000 730 423 2525 341 1369 2680 233 2001 171 3923 1933 9999 78 238 3043 
4593 4552 1392 1023 1010 751 410 2538 265 1381 2690 200 1990 110 3999 1925 78 9999 194 3084 
4472 4429 1224 887 856 626 237 2382 309 1228 2530 34 1807 261 4043 1744 238 194 9999 2982 
1562 1538 1986 2115 2190 2359 2766 1198 3291 1870 1247 2952 1980 3192 2836 1931 3043 3084 2982 9999 
