,0,1,2,3,4,5,6,7,8,9,10,11,12,13,14,15,16,17,18,19
0,0.0,80.27698816619879,3354.828898943429,3586.5402813872743,3637.915361517478,3848.12934192407,4245.178145283637,2259.1791073726554,4780.060481608188,3281.8915936010826,2184.021301022325,4443.761737839175,3111.029613904577,4699.175386320475,3744.005773313485,3100.3078238701532,4558.820956212605,4592.619390602887,4472.447314095221,1562.18667594329
1,80.27698816619879,0.0,3303.512120091906,3542.752206950136,3591.792807131211,3805.791055066632,4201.069208191044,2199.413386365933,4736.505374612165,3233.7846081057705,2120.652725889883,4400.95334288309,3048.867961174901,4657.993062107606,3778.9569542743384,3039.7080999907657,4519.114165080848,4551.833478455313,4429.362887212009,1538.2783095611994
2,3354.828898943429,3303.512120091906,0.0,465.3421797240178,401.81612266910946,699.980706683882,987.2979139680507,1169.7523003648082,1506.8056597400905,182.27235135295925,1311.0657552581592,1203.2038090208487,662.9603099711187,1481.1187757645503,3855.3900338818094,578.4918925636641,1389.6731043213072,1391.7446599636553,1223.5376731838883,1986.1329460001118
3,3586.5402813872743,3542.752206950136,465.3421797240178,0.0,135.64012688990596,273.97346464443547,658.7628117025022,1526.1511498499667,1193.7615807438951,379.6762579522659,1684.319877200466,859.6702386447632,1128.2930855929594,1124.879997250885,3604.171602047135,1043.15524199704,1003.3498073189662,1023.1539054077949,887.262484532076,2114.8650139726756
4,3637.915361517478,3591.792807131211,401.81612266910946,135.64012688990596,0.0,298.5769142178693,619.7247831632877,1528.4207885132012,1154.5947584255491,372.08905677370944,1680.4080777510208,831.5181420798058,1055.6902710640659,1105.7061012022587,3739.098391038876,975.3067781327384,1000.4531797226997,1009.9519411795624,855.7874296221918,2190.1073690592493
5,3848.12934192407,3805.791055066632,699.980706683882,273.97346464443547,298.5769142178693,0.0,409.9144254811288,1799.271170766934,934.4935743039993,646.7743912858815,1956.389561425851,596.0954082477925,1353.1326421239241,854.6350399574251,3658.5149751064623,1273.5754438064218,729.55731515905,751.2648153058767,625.6086111369779,2358.541712752741
6,4245.178145283637,4201.069208191044,987.2979139680507,658.7628117025022,619.7247831632877,409.9144254811288,0.0,2144.5679776819825,536.4459021660614,991.3604515954103,2293.043211481451,215.94106755222592,1580.928556666056,494.0108885424495,3960.6733092568256,1515.027642552245,423.1169768850393,409.65401398057514,237.12789027820256,2766.431323377205
7,2259.1791073726554,2199.413386365933,1169.7523003648082,1526.1511498499667,1528.4207885132012,1799.271170766934,2144.5679776819825,0.0,2672.835678176395,1157.368743809432,171.54830667156185,2358.666924596023,859.1502268589109,2633.9959146459228,3804.5988806780433,841.757444059557,2525.377798287114,2538.0933790629742,2381.6497291185474,1198.0334161602825
8,4780.060481608188,4736.505374612165,1506.8056597400905,1193.7615807438951,1154.5947584255491,934.4935743039993,536.4459021660614,2672.835678176395,0.0,1524.9499660630092,2817.6008867664946,339.72625661803096,2057.587623536705,182.51913187327014,4263.323242178503,2001.0856196292516,340.6039687348132,265.28983895640516,309.05238945523166,3291.2114884379826
9,3281.8915936010826,3233.7846081057705,182.27235135295925,379.6762579522659,372.08905677370944,646.7743912858815,991.3604515954103,1157.368743809432,1524.9499660630092,0.0,1311.4505950993746,1203.60537145494,788.4345646142422,1477.516316677664,3673.357566362479,697.752764631754,1368.5103764067574,1380.8072521099834,1227.746812341797,1869.59334903969
10,2184.021301022325,2120.652725889883,1311.0657552581592,1684.319877200466,1680.4080777510208,1956.389561425851,2293.043211481451,171.54830667156185,2817.6008867664946,1311.4505950993746,0.0,2508.0300722730476,929.7311948427786,2784.487426821878,3923.958744764513,928.2711223962164,2679.8099680589603,2690.2421230251994,2530.136431140113,1247.3852491491593
11,4443.761737839175,4400.95334288309,1203.2038090208487,859.6702386447632,831.5181420798058,596.0954082477925,215.94106755222592,2358.666924596023,339.72625661803096,1203.60537145494,2508.0300722730476,0.0,1792.4133077937738,278.10768152858236,4011.6704292507065,1728.1079995264447,233.07684791283543,200.17591742764168,33.77924949590813,2951.5446530030435
12,3111.029613904577,3048.867961174901,662.9603099711187,1128.2930855929594,1055.6902710640659,1353.1326421239241,1580.928556666056,859.1502268589109,2057.587623536705,788.4345646142422,929.7311948427786,1792.4133077937738,0.0,2067.209089761626,4271.685697235219,93.37225800919067,2000.857953896474,1990.2226970509048,1806.6793840453097,1979.6723365980986
13,4699.175386320475,4657.993062107606,1481.1187757645503,1124.879997250885,1105.7061012022587,854.6350399574251,494.0108885424495,2633.9959146459228,182.51913187327014,1477.516316677664,2784.487426821878,278.10768152858236,2067.209089761626,0.0,4086.634467330721,2004.269458795442,170.61379607549992,109.62711031527321,260.7246387266964,3192.38867040653
14,3744.005773313485,3778.9569542743384,3855.3900338818094,3604.171602047135,3739.098391038876,3658.5149751064623,3960.6733092568256,3804.5988806780433,4263.323242178503,3673.357566362479,3923.958744764513,4011.6704292507065,4271.685697235219,4086.634467330721,0.0,4186.628790359395,3922.7380926291994,3998.9409402021543,4043.3745255174954,2835.9833704069238
15,3100.3078238701532,3039.7080999907657,578.4918925636641,1043.15524199704,975.3067781327384,1273.5754438064218,1515.027642552245,841.757444059557,2001.0856196292516,697.752764631754,928.2711223962164,1728.1079995264447,93.37225800919067,2004.269458795442,4186.628790359395,0.0,1932.7339970260452,1924.678686024965,1743.5455894535253,1931.0832005952147
16,4558.820956212605,4519.114165080848,1389.6731043213072,1003.3498073189662,1000.4531797226997,729.55731515905,423.1169768850393,2525.377798287114,340.6039687348132,1368.5103764067574,2679.8099680589603,233.07684791283543,2000.857953896474,170.61379607549992,3922.7380926291994,1932.7339970260452,0.0,78.20064004433843,237.66333418892174,3042.7286000707795
17,4592.619390602887,4551.833478455313,1391.7446599636553,1023.1539054077949,1009.9519411795624,751.2648153058767,409.65401398057514,2538.0933790629742,265.28983895640516,1380.8072521099834,2690.2421230251994,200.17591742764168,1990.2226970509048,109.62711031527321,3998.9409402021543,1924.678686024965,78.20064004433843,0.0,194.07834026739,3083.6900443057248
18,4472.447314095221,4429.362887212009,1223.5376731838883,887.262484532076,855.7874296221918,625.6086111369779,237.12789027820256,2381.6497291185474,309.05238945523166,1227.746812341797,2530.136431140113,33.77924949590813,1806.6793840453097,260.7246387266964,4043.3745255174954,1743.5455894535253,237.66333418892174,194.07834026739,0.0,2982.2739577380535
19,1562.18667594329,1538.2783095611994,1986.1329460001118,2114.8650139726756,2190.1073690592493,2358.541712752741,2766.431323377205,1198.0334161602825,3291.2114884379826,1869.59334903969,1247.3852491491593,2951.5446530030435,1979.6723365980986,3192.38867040653,2835.9833704069238,1931.0832005952147,3042.7286000707795,3083.6900443057248,2982.2739577380535,0.0
