NAME: ds_702_courier_487
TYPE: TSP
COMMENT: nil
DIMENSION: 10
EDGE_WEIGHT_TYPE: EXPLICIT
EDGE_WEIGHT_FORMAT: FULL_MATRIX
EDGE_WEIGHT_SECTION
9999 3608 3715 3387 4511 4670 2438 2613 2611 4391 
3608 9999 659 515 1227 1569 4236 4592 4221 7738 
3715 659 9999 364 804 1049 4682 5032 4690 7629 
3387 515 364 9999 1159 1412 4320 4670 4331 7381 
4511 1227 804 1159 9999 383 5436 5789 5432 8331 
4670 1569 1049 1412 383 9999 5729 6079 5734 8353 
2438 4236 4682 4320 5436 5729 9999 358 213 6068 
2613 4592 5032 4670 5789 6079 358 9999 451 6004 
2611 4221 4690 4331 5432 5734 213 451 9999 6281 
4391 7738 7629 7381 8331 8353 6068 6004 6281 9999 
