NAME: ds_822_courier_2665
TYPE: TSP
COMMENT: nil
DIMENSION: 34
EDGE_WEIGHT_TYPE: EXPLICIT
EDGE_WEIGHT_FORMAT: FULL_MATRIX
EDGE_WEIGHT_SECTION
9999 80 1512 608 890 764 688 735 1488 874 177 1258 1645 1524 646 986 1419 1684 786 806 1564 1211 441 411 791 400 403 719 637 231 185 334 1502 1540 
80 9999 1589 682 960 829 681 683 1569 859 97 1335 1721 1602 700 1067 1490 1762 711 886 1641 1287 514 460 793 327 331 794 707 160 236 413 1581 1617 
1512 1589 9999 1118 681 1233 1908 2179 499 2095 1680 254 135 742 1395 678 297 211 2296 729 902 882 1228 1455 1914 1911 1913 1073 1184 1697 1382 1180 197 44 
608 682 1118 9999 723 229 791 1101 946 977 776 882 1252 937 296 463 1141 1242 1293 420 962 607 169 353 798 933 931 112 90 839 613 381 1042 1132 
890 960 681 723 9999 930 1426 1608 884 1625 1042 448 801 1048 1014 556 531 882 1670 350 1169 925 747 967 1471 1287 1291 750 812 1045 734 587 745 718 
764 829 1233 229 930 9999 739 1111 969 900 915 1018 1361 901 198 554 1300 1327 1353 600 887 544 342 403 707 1027 1022 182 149 989 808 596 1125 1240 
688 681 1908 791 1426 739 9999 428 1704 200 694 1669 2043 1637 543 1250 1908 2032 750 1193 1608 1278 692 463 135 596 585 853 734 778 862 857 1831 1924 
735 683 2179 1101 1608 1111 428 9999 2046 431 635 1928 2314 2009 915 1562 2127 2327 344 1450 1998 1655 959 748 545 407 397 1186 1067 689 916 1024 2132 2201 
1488 1569 499 946 884 969 1704 2046 9999 1868 1665 506 567 243 1161 503 760 452 2232 707 403 475 1101 1298 1675 1860 1859 860 980 1707 1411 1166 304 473 
874 859 2095 977 1625 900 200 431 1868 9999 859 1859 2229 1785 711 1429 2103 2212 775 1385 1743 1428 888 660 195 718 707 1030 914 938 1053 1057 2011 2109 
177 97 1680 776 1042 915 694 635 1665 859 9999 1426 1811 1699 776 1163 1573 1855 628 980 1736 1382 607 533 814 251 257 887 797 88 309 507 1675 1708 
1258 1335 254 882 448 1018 1669 1928 506 1859 1426 9999 388 723 1168 473 308 439 2042 480 872 753 983 1211 1681 1657 1659 849 954 1444 1130 926 300 283 
1645 1721 135 1252 801 1361 2043 2314 567 2229 1811 388 9999 808 1527 808 352 159 2430 864 967 987 1364 1590 2046 2044 2046 1204 1317 1827 1512 1314 271 122 
1524 1602 742 937 1048 901 1637 2009 243 1785 1699 723 808 9999 1099 564 995 683 2227 804 160 358 1104 1273 1590 1870 1868 835 949 1751 1475 1221 547 716 
646 700 1395 296 1014 198 543 915 1161 711 776 1168 1527 1099 9999 722 1435 1504 1166 715 1083 742 302 243 522 856 850 323 215 857 730 567 1302 1406 
986 1067 678 463 556 554 1250 1562 503 1429 1163 473 808 564 722 9999 771 783 1733 246 650 370 606 816 1243 1359 1358 400 516 1207 918 668 582 686 
1419 1490 297 1141 531 1300 1908 2127 760 2103 1573 308 352 995 1435 771 9999 492 2201 721 1152 1060 1215 1444 1933 1818 1821 1124 1220 1576 1266 1104 477 339 
1684 1762 211 1242 882 1327 2032 2327 452 2212 1855 439 159 683 1504 783 492 9999 2464 884 840 904 1369 1590 2025 2080 2081 1182 1299 1878 1564 1350 202 169 
786 711 2296 1293 1670 1353 750 344 2232 775 628 2042 2430 2227 1166 1733 2201 2464 9999 1581 2235 1883 1132 957 876 386 383 1392 1280 639 937 1116 2277 2323 
806 886 729 420 350 600 1193 1450 707 1385 980 480 864 804 715 246 721 884 1581 9999 897 604 503 733 1213 1198 1198 418 502 1012 708 473 696 751 
1564 1641 902 962 1169 887 1608 1998 403 1743 1736 872 967 160 1083 650 1152 840 2235 897 9999 355 1131 1278 1549 1891 1888 853 958 1794 1533 1279 707 876 
1211 1287 882 607 925 544 1278 1655 475 1428 1382 753 987 358 742 370 1060 904 1883 604 355 9999 776 926 1233 1536 1533 498 604 1441 1188 936 718 872 
441 514 1228 169 747 342 692 959 1101 888 607 983 1364 1104 302 606 1215 1369 1132 503 1131 776 9999 230 725 767 765 280 201 671 466 267 1172 1247 
411 460 1455 353 967 403 463 748 1298 660 533 1211 1590 1273 243 816 1444 1590 957 733 1278 926 230 9999 505 624 619 441 324 615 522 423 1392 1473 
791 793 1914 798 1471 707 135 545 1675 195 814 1681 2046 1590 522 1243 1933 2025 876 1213 1549 1233 725 505 9999 730 719 843 730 900 957 921 1823 1926 
400 327 1911 933 1287 1027 596 407 1860 718 251 1657 2044 1870 856 1359 1818 2080 386 1198 1891 1536 767 624 730 9999 11 1039 933 287 558 731 1894 1938 
403 331 1913 931 1291 1022 585 397 1859 707 257 1659 2046 1868 850 1358 1821 2081 383 1198 1888 1533 765 619 719 11 9999 1036 930 295 563 732 1895 1940 
719 794 1073 112 750 182 853 1186 860 1030 887 849 1204 835 323 400 1124 1182 1392 418 853 498 280 441 843 1039 1036 9999 120 950 722 483 981 1084 
637 707 1184 90 812 149 734 1067 980 914 797 954 1317 949 215 516 1220 1299 1280 502 958 604 201 324 730 933 930 120 9999 866 666 448 1098 1196 
231 160 1697 839 1045 989 778 689 1707 938 88 1444 1827 1751 857 1207 1576 1878 639 1012 1794 1441 671 615 900 287 295 950 866 9999 314 542 1702 1727 
185 236 1382 613 734 808 862 916 1411 1053 309 1130 1512 1475 730 918 1266 1564 937 708 1533 1188 466 522 957 558 563 722 666 314 9999 254 1391 1413 
334 413 1180 381 587 596 857 1024 1166 1057 507 926 1314 1221 567 668 1104 1350 1116 473 1279 936 267 423 921 731 732 483 448 542 254 9999 1168 1207 
1502 1581 197 1042 745 1125 1831 2132 304 2011 1675 300 271 547 1302 582 477 202 2277 696 707 718 1172 1392 1823 1894 1895 981 1098 1702 1391 1168 9999 169 
1540 1617 44 1132 718 1240 1924 2201 473 2109 1708 283 122 716 1406 686 339 169 2323 751 876 872 1247 1473 1926 1938 1940 1084 1196 1727 1413 1207 169 9999 
