NAME: ds_909_courier_487
TYPE: TSP
COMMENT: nil
DIMENSION: 12
EDGE_WEIGHT_TYPE: EXPLICIT
EDGE_WEIGHT_FORMAT: FULL_MATRIX
EDGE_WEIGHT_SECTION
9999 3950 3755 3397 2587 4225 3291 2689 2927 3003 2406 2639 
3950 9999 196 589 1379 6367 4728 3381 2848 2916 2519 2954 
3755 196 9999 412 1186 6215 4583 3234 2716 2787 2360 2807 
3397 589 412 9999 810 6085 4481 3135 2667 2747 2228 2713 
2587 1379 1186 810 9999 5526 3991 2687 2337 2430 1771 2294 
4225 6367 6215 6085 5526 9999 1665 2989 3560 3512 3862 3415 
3291 4728 4583 4481 3991 1665 9999 1350 1899 1848 2256 1776 
2689 3381 3234 3135 2687 2989 1350 9999 611 601 921 427 
2927 2848 2716 2667 2337 3560 1899 611 9999 98 648 310 
3003 2916 2787 2747 2430 3512 1848 601 98 9999 746 369 
2406 2519 2360 2228 1771 3862 2256 921 648 746 9999 526 
2639 2954 2807 2713 2294 3415 1776 427 310 369 526 9999 
