NAME: ds_525_courier_4322
TYPE: TSP
COMMENT: nil
DIMENSION: 7
EDGE_WEIGHT_TYPE: EXPLICIT
EDGE_WEIGHT_FORMAT: FULL_MATRIX
EDGE_WEIGHT_SECTION
9999 2185 1634 2162 1348 1621 1837 
2185 9999 553 67 837 564 403 
1634 553 9999 528 295 40 242 
2162 67 528 9999 819 543 356 
1348 837 295 819 9999 275 528 
1621 564 40 543 275 9999 276 
1837 403 242 356 528 276 9999 
