NAME: ds_617_courier_75
TYPE: TSP
COMMENT: nil
DIMENSION: 23
EDGE_WEIGHT_TYPE: EXPLICIT
EDGE_WEIGHT_FORMAT: FULL_MATRIX
EDGE_WEIGHT_SECTION
9999 1123 1648 2421 2352 1706 1554 1795 2059 2118 1964 948 1847 1354 1704 1884 222 1476 1652 1479 1683 1730 4029 
1123 9999 558 1442 1714 628 431 681 950 1009 842 490 767 263 653 848 903 687 867 841 887 1089 3140 
1648 558 9999 913 1382 76 229 181 618 664 362 1007 585 466 596 734 1434 939 1052 1142 1057 1317 2975 
2421 1442 913 9999 879 837 1129 892 1154 1153 875 1915 1304 1378 1398 1450 2228 1816 1891 2021 1887 2155 3280 
2352 1714 1382 879 9999 1322 1603 1470 1868 1887 1550 2194 1937 1786 1975 2091 2214 2300 2429 2493 2436 2692 4131 
1706 628 76 837 1322 9999 301 182 632 673 349 1082 627 542 652 779 1494 1010 1118 1213 1122 1384 2992 
1554 431 229 1129 1603 301 9999 267 549 605 413 818 430 258 395 562 1334 710 827 912 833 1091 2854 
1795 681 181 892 1470 182 267 9999 450 492 183 1085 467 523 521 621 1577 924 1007 1129 1007 1273 2810 
2059 950 618 1154 1868 632 549 450 9999 59 320 1205 247 705 405 336 1836 841 834 1024 819 1073 2360 
2118 1009 664 1153 1887 673 605 492 59 9999 347 1261 300 764 458 371 1895 888 871 1067 856 1105 2321 
1964 842 362 875 1550 349 413 183 320 347 9999 1211 430 653 535 576 1744 976 1025 1177 1019 1286 2663 
948 490 1007 1915 2194 1082 818 1085 1205 1261 1211 9999 967 562 812 970 741 529 709 561 739 829 3090 
1847 767 585 1304 1937 627 430 467 247 300 430 967 9999 507 158 154 1625 597 609 785 599 863 2425 
1354 263 466 1378 1786 542 258 523 705 764 653 562 507 9999 391 585 1132 519 673 708 688 922 2883 
1704 653 596 1398 1975 652 395 521 405 458 535 812 158 391 9999 194 1483 450 493 647 489 757 2498 
1884 848 734 1450 2091 779 562 621 336 371 576 970 154 585 194 9999 1665 531 500 699 485 738 2307 
222 903 1434 2228 2214 1494 1334 1577 1836 1895 1744 741 1625 1132 1483 1665 9999 1269 1450 1286 1480 1545 3831 
1476 687 939 1816 2300 1010 710 924 841 888 976 529 597 519 450 531 1269 9999 191 205 218 406 2566 
1652 867 1052 1891 2429 1118 827 1007 834 871 1025 709 609 673 493 500 1450 191 9999 225 31 267 2381 
1479 841 1142 2021 2493 1213 912 1129 1024 1067 1177 561 785 708 647 699 1286 205 225 9999 253 269 2552 
1683 887 1057 1887 2436 1122 833 1007 819 856 1019 739 599 688 489 485 1480 218 31 253 9999 268 2352 
1730 1089 1317 2155 2692 1384 1091 1273 1073 1105 1286 829 863 922 757 738 1545 406 267 269 268 9999 2312 
4029 3140 2975 3280 4131 2992 2854 2810 2360 2321 2663 3090 2425 2883 2498 2307 3831 2566 2381 2552 2352 2312 9999 
