NAME: ds_913_courier_75
TYPE: TSP
COMMENT: nil
DIMENSION: 20
EDGE_WEIGHT_TYPE: EXPLICIT
EDGE_WEIGHT_FORMAT: FULL_MATRIX
EDGE_WEIGHT_SECTION
9999 2439 2454 2108 1816 1806 1394 1856 1957 2389 2416 935 1168 1215 1738 138 868 1162 1076 3967 
2439 9999 743 1417 1559 1140 1428 833 953 178 244 1717 1713 1587 2042 2402 1579 1344 1587 1637 
2454 743 9999 789 2119 1693 1842 1369 1551 907 981 1976 2070 1948 2559 2459 1694 1588 1883 2149 
2108 1417 789 9999 2402 2018 1998 1735 1947 1540 1615 1947 2132 2031 2753 2155 1565 1619 1909 2935 
1816 1559 2119 2402 9999 428 492 753 606 1397 1362 899 648 618 495 1702 1196 915 784 2532 
1806 1140 1693 2018 428 9999 430 325 209 985 958 881 726 626 901 1714 1036 710 734 2274 
1394 1428 1842 1998 492 430 9999 615 618 1300 1291 460 305 196 755 1295 705 430 320 2695 
1856 833 1369 1735 753 325 615 9999 213 691 677 989 916 795 1218 1783 1013 695 843 2125 
1957 953 1551 1947 606 209 618 213 9999 791 758 1050 921 813 1095 1873 1146 819 901 2077 
2389 178 907 1540 1397 985 1300 691 791 9999 76 1621 1593 1469 1885 2342 1521 1262 1484 1620 
2416 244 981 1615 1362 958 1291 677 758 76 9999 1629 1588 1465 1853 2365 1548 1278 1490 1575 
935 1717 1976 1947 899 881 460 989 1050 1621 1629 9999 274 283 959 835 409 391 149 3111 
1168 1713 2070 2132 648 726 305 916 921 1593 1588 274 9999 126 691 1054 657 514 228 2998 
1215 1587 1948 2031 618 626 196 795 813 1469 1465 283 126 9999 751 1110 608 413 172 2890 
1738 2042 2559 2753 495 901 755 1218 1095 1885 1853 959 691 751 9999 1606 1348 1155 911 2991 
138 2402 2459 2155 1702 1714 1295 1783 1873 2342 2365 835 1054 1110 1606 9999 823 1096 981 3903 
868 1579 1694 1565 1196 1036 705 1013 1146 1521 1548 409 657 608 1348 823 9999 328 439 3103 
1162 1344 1588 1619 915 710 430 695 819 1262 1278 391 514 413 1155 1096 328 9999 300 2807 
1076 1587 1883 1909 784 734 320 843 901 1484 1490 149 228 172 911 981 439 300 9999 2963 
3967 1637 2149 2935 2532 2274 2695 2125 2077 1620 1575 3111 2998 2890 2991 3903 3103 2807 2963 9999 
