,0,1,2,3,4,5
0,0.0,46.57833455196177,5448.395583395664,38.65507558702319,36.655136775687645,47.59046304241835
1,46.57833455196177,0.0,5402.174620524549,19.380340045444687,10.79156807782614,7.906262073516205
2,5448.395583395664,5402.174620524549,0.0,5415.343939403175,5411.748379889392,5402.811682606629
3,38.65507558702319,19.380340045444687,5415.343939403175,0.0,19.550724954693905,14.039817231315679
4,36.655136775687645,10.79156807782614,5411.748379889392,19.550724954693905,0.0,15.666755506335953
5,47.59046304241835,7.906262073516205,5402.811682606629,14.039817231315679,15.666755506335953,0.0
