NAME: ds_730_courier_638
TYPE: TSP
COMMENT: nil
DIMENSION: 28
EDGE_WEIGHT_TYPE: EXPLICIT
EDGE_WEIGHT_FORMAT: FULL_MATRIX
EDGE_WEIGHT_SECTION
9999 80 1368 1256 1446 1176 1537 1542 1503 1554 1039 1272 1802 1726 1642 1144 1679 1041 1457 1417 1054 1852 1347 1257 1264 982 1735 1805 
80 9999 1434 1289 1485 1224 1612 1602 1565 1621 1064 1289 1864 1788 1700 1148 1741 1042 1460 1416 1112 1916 1414 1308 1309 1032 1803 1790 
1368 1434 9999 750 664 492 389 259 201 187 857 1017 456 386 377 1168 345 1183 1301 1337 388 490 32 402 522 536 369 1787 
1256 1289 750 9999 233 272 1138 674 686 858 247 270 905 843 691 464 804 522 551 588 483 991 764 348 230 390 987 1039 
1446 1485 664 233 9999 308 1048 516 544 725 477 459 711 658 501 681 625 750 693 747 524 800 686 304 213 497 825 1157 
1176 1224 492 272 308 9999 875 476 471 624 376 529 738 666 533 679 621 703 819 849 224 816 502 112 96 198 776 1308 
1537 1612 389 1138 1048 875 9999 573 525 359 1227 1403 610 577 663 1542 563 1547 1689 1723 729 582 374 790 911 882 414 2176 
1542 1602 259 674 516 476 573 9999 58 220 847 942 269 194 119 1132 147 1171 1203 1251 494 341 291 365 456 607 314 1673 
1503 1565 201 686 544 471 525 58 9999 181 846 956 300 223 176 1138 176 1171 1224 1269 462 361 233 361 462 585 306 1699 
1554 1621 187 858 725 624 359 220 181 9999 999 1128 298 242 304 1300 215 1327 1400 1444 562 314 208 519 630 704 182 1878 
1039 1064 857 247 477 376 1227 847 846 999 9999 266 1100 1032 888 317 989 327 540 544 505 1182 863 485 396 360 1151 1015 
1272 1289 1017 270 459 529 1403 942 956 1128 266 9999 1164 1105 950 236 1068 330 294 320 715 1252 1029 616 499 591 1256 782 
1802 1864 456 905 711 738 610 269 300 298 1100 1164 9999 76 214 1369 124 1418 1403 1458 760 90 485 627 704 876 203 1853 
1726 1788 386 843 658 666 577 194 223 242 1032 1105 76 9999 156 1306 48 1352 1351 1405 684 150 416 555 636 801 196 1808 
1642 1700 377 691 501 533 663 119 176 304 888 950 214 156 9999 1155 128 1204 1195 1248 588 301 409 424 492 687 337 1652 
1144 1148 1168 464 681 679 1542 1132 1138 1300 317 236 1369 1306 1155 9999 1266 113 313 279 821 1455 1176 781 676 676 1443 730 
1679 1741 345 804 625 621 563 147 176 215 989 1068 124 48 128 1266 9999 1310 1318 1370 637 194 376 510 594 754 209 1779 
1041 1042 1183 522 750 703 1547 1171 1171 1327 327 330 1418 1352 1204 113 1310 9999 419 376 819 1502 1187 811 716 668 1477 800 
1457 1460 1301 551 693 819 1689 1203 1224 1400 540 294 1403 1351 1195 313 1318 419 9999 77 1009 1493 1315 899 780 882 1515 489 
1417 1416 1337 588 747 849 1723 1251 1269 1444 544 320 1458 1405 1248 279 1370 376 77 9999 1030 1548 1350 936 818 897 1564 471 
1054 1112 388 483 524 224 729 494 462 562 505 715 760 684 588 821 637 819 1009 1030 9999 822 384 237 313 153 738 1497 
1852 1916 490 991 800 816 582 341 361 314 1182 1252 90 150 301 1455 194 1502 1493 1548 822 9999 516 704 786 945 169 1942 
1347 1414 32 764 686 502 374 291 233 208 863 1029 485 416 409 1176 376 1187 1315 1350 384 516 9999 417 537 535 388 1802 
1257 1308 402 348 304 112 790 365 361 519 485 616 627 555 424 781 510 811 899 936 237 704 417 9999 121 277 666 1386 
1264 1309 522 230 213 96 911 456 462 630 396 499 704 636 492 676 594 716 780 818 313 786 537 121 9999 292 766 1265 
982 1032 536 390 497 198 882 607 585 704 360 591 876 801 687 676 754 668 882 897 153 945 535 277 292 9999 875 1367 
1735 1803 369 987 825 776 414 314 306 182 1151 1256 203 196 337 1443 209 1477 1515 1564 738 169 388 666 766 875 9999 1982 
1805 1790 1787 1039 1157 1308 2176 1673 1699 1878 1015 782 1853 1808 1652 730 1779 800 489 471 1497 1942 1802 1386 1265 1367 1982 9999 
