NAME: ds_619_courier_949
TYPE: TSP
COMMENT: nil
DIMENSION: 26
EDGE_WEIGHT_TYPE: EXPLICIT
EDGE_WEIGHT_FORMAT: FULL_MATRIX
EDGE_WEIGHT_SECTION
9999 2642 2223 1939 2405 2297 2080 2260 2386 1988 2302 3758 3857 3855 3770 4094 2595 3786 3872 4086 2877 4024 3900 2714 4098 4001 
2642 9999 467 706 493 481 631 405 279 669 421 1703 1978 1977 1655 2144 527 2140 1998 2181 646 2341 1753 427 2091 2084 
2223 467 9999 307 621 506 164 319 341 391 428 1798 2019 2018 1773 2220 463 2111 2039 2242 735 2335 1889 521 2185 2144 
1939 706 307 9999 636 500 233 367 474 188 455 2087 2294 2292 2067 2501 760 2362 2313 2519 1038 2591 2185 828 2471 2423 
2405 493 621 636 9999 137 731 307 305 480 197 2194 2463 2463 2148 2635 945 2610 2484 2670 1124 2818 2245 892 2583 2572 
2297 481 506 500 137 9999 603 187 232 346 82 2158 2416 2415 2116 2595 871 2547 2436 2627 1076 2760 2219 841 2547 2529 
2080 631 164 233 731 603 9999 425 481 387 535 1861 2063 2061 1844 2272 547 2129 2082 2289 831 2358 1964 640 2244 2192 
2260 405 319 367 307 187 425 9999 128 272 111 2015 2262 2261 1979 2449 704 2381 2282 2478 931 2598 2086 695 2405 2379 
2386 279 341 474 305 232 481 128 9999 400 156 1927 2184 2183 1887 2364 644 2318 2204 2396 845 2530 1991 609 2317 2298 
1988 669 391 188 480 346 387 272 400 9999 324 2186 2410 2409 2159 2610 851 2497 2430 2632 1113 2723 2273 887 2574 2535 
2302 421 428 455 197 82 535 111 156 324 9999 2082 2338 2337 2043 2519 790 2467 2358 2550 1000 2681 2146 764 2472 2452 
3758 1703 1798 2087 2194 2158 1861 2015 1927 2186 2082 9999 330 331 95 443 1335 637 348 486 1084 736 179 1320 390 393 
3857 1978 2019 2294 2463 2416 2063 2262 2184 2410 2338 330 9999 3 420 239 1564 337 20 231 1340 406 433 1575 276 144 
3855 1977 2018 2292 2463 2415 2061 2261 2183 2409 2337 331 3 9999 421 242 1563 335 21 234 1339 405 436 1574 279 146 
3770 1655 1773 2067 2148 2116 1844 1979 1887 2159 2043 95 420 421 9999 504 1310 732 437 556 1050 825 130 1284 438 467 
4094 2144 2220 2501 2635 2595 2272 2449 2364 2610 2519 443 239 242 504 9999 1759 486 227 75 1520 425 452 1756 101 96 
2595 527 463 760 945 871 547 704 644 851 790 1335 1564 1563 1310 1759 9999 1677 1584 1784 286 1894 1426 166 1723 1686 
3786 2140 2111 2362 2610 2547 2129 2381 2318 2497 2467 637 337 335 732 486 1677 9999 328 427 1495 240 766 1720 567 408 
3872 1998 2039 2313 2484 2436 2082 2282 2204 2430 2358 348 20 21 437 227 1584 328 9999 215 1361 388 447 1595 271 131 
4086 2181 2242 2519 2670 2627 2289 2478 2396 2632 2550 486 231 234 556 75 1784 427 215 9999 1551 351 515 1787 176 98 
2877 646 735 1038 1124 1076 831 931 845 1113 1000 1084 1340 1339 1050 1520 286 1495 1361 1551 9999 1696 1160 236 1475 1453 
4024 2341 2335 2591 2818 2760 2358 2598 2530 2723 2681 736 406 405 825 425 1894 240 388 351 1696 9999 822 1926 525 390 
3900 1753 1889 2185 2245 2219 1964 2086 1991 2273 2146 179 433 436 130 452 1426 766 447 515 1160 822 9999 1393 367 439 
2714 427 521 828 892 841 640 695 609 887 764 1320 1575 1574 1284 1756 166 1720 1595 1787 236 1926 1393 9999 1711 1689 
4098 2091 2185 2471 2583 2547 2244 2405 2317 2574 2472 390 276 279 438 101 1723 567 271 176 1475 525 367 1711 9999 159 
4001 2084 2144 2423 2572 2529 2192 2379 2298 2535 2452 393 144 146 467 96 1686 408 131 98 1453 390 439 1689 159 9999 
