NAME: ds_609_courier_949
TYPE: TSP
COMMENT: nil
DIMENSION: 34
EDGE_WEIGHT_TYPE: EXPLICIT
EDGE_WEIGHT_FORMAT: FULL_MATRIX
EDGE_WEIGHT_SECTION
9999 3011 1998 2084 2112 2256 2367 2395 2673 2385 2414 3552 3543 3155 3151 3000 3037 3070 3011 3133 3577 3849 3058 2825 3987 3612 3023 3925 3983 3769 4104 3995 2127 3073 
3011 9999 1243 1127 1161 881 757 919 338 628 1035 1202 890 537 434 332 385 914 756 717 832 1405 69 298 1389 644 19 1293 1206 882 1589 1476 959 134 
1998 1243 9999 116 114 363 486 407 972 712 418 2258 2053 1633 1571 1406 1465 1807 1668 1725 2029 2522 1263 1212 2564 1886 1248 2475 2429 2122 2745 2627 330 1355 
2084 1127 116 9999 79 248 370 312 858 606 355 2151 1941 1522 1458 1293 1353 1706 1564 1618 1915 2413 1147 1101 2452 1770 1132 2362 2315 2006 2634 2516 234 1239 
2112 1161 114 79 9999 294 409 296 906 667 306 2210 1990 1573 1506 1342 1403 1770 1626 1676 1960 2468 1176 1152 2501 1800 1164 2410 2356 2042 2686 2568 307 1277 
2256 881 363 248 294 9999 125 232 613 381 362 1917 1696 1279 1213 1049 1109 1484 1337 1383 1668 2174 903 858 2208 1524 886 2117 2067 1759 2392 2274 143 992 
2367 757 486 370 409 125 9999 252 501 307 397 1816 1583 1169 1099 936 997 1394 1243 1282 1552 2068 778 749 2094 1400 762 2003 1948 1636 2281 2164 240 870 
2395 919 407 312 296 232 252 9999 720 559 146 2040 1784 1381 1302 1146 1208 1633 1480 1508 1742 2282 924 968 2293 1544 919 2200 2125 1799 2486 2370 361 1044 
2673 338 972 858 906 613 501 720 9999 297 857 1321 1083 668 600 436 497 925 767 789 1057 1567 391 249 1595 958 352 1504 1460 1166 1780 1663 661 409 
2385 628 712 606 667 381 307 559 297 9999 704 1546 1349 926 874 707 763 1104 959 1013 1335 1810 673 511 1858 1255 639 1771 1744 1459 2035 1917 386 707 
2414 1035 418 355 306 362 397 146 857 704 9999 2176 1911 1513 1430 1278 1340 1776 1621 1646 1864 2413 1033 1104 2418 1646 1033 2323 2240 1908 2613 2498 475 1163 
3552 1202 2258 2151 2210 1917 1816 2040 1321 1546 2176 9999 394 671 768 903 841 491 598 534 513 298 1239 1073 466 931 1212 442 634 747 552 445 1928 1071 
3543 890 2053 1941 1990 1696 1583 1784 1083 1349 1911 394 9999 424 485 648 588 545 542 412 122 521 912 841 511 537 896 422 443 383 702 588 1733 756 
3155 537 1633 1522 1573 1279 1169 1381 668 926 1513 671 424 9999 109 235 173 422 295 197 426 901 581 421 932 565 548 845 840 625 1113 996 1311 410 
3151 434 1571 1458 1506 1213 1099 1302 600 874 1430 768 485 109 9999 167 116 526 390 305 461 984 475 362 996 509 445 905 872 618 1185 1069 1255 305 
3000 332 1406 1293 1342 1049 936 1146 436 707 1278 903 648 235 167 9999 63 582 425 391 628 1136 389 196 1159 627 347 1069 1038 773 1345 1228 1088 229 
3037 385 1465 1353 1403 1109 997 1208 497 763 1340 841 588 173 116 63 9999 531 377 333 574 1074 438 253 1099 606 399 1010 986 732 1284 1167 1145 272 
3070 914 1807 1706 1770 1484 1394 1633 925 1104 1776 491 545 422 526 582 531 9999 161 228 634 787 969 694 919 940 929 864 972 900 1039 927 1477 803 
3011 756 1668 1564 1626 1337 1243 1480 767 959 1621 598 542 295 390 425 377 161 9999 138 605 882 813 534 984 849 771 916 985 855 1127 1011 1337 649 
3133 717 1725 1618 1676 1383 1282 1508 789 1013 1646 534 412 197 305 391 333 228 138 9999 468 800 766 543 877 722 730 803 855 717 1034 917 1397 597 
3577 832 2029 1915 1960 1668 1552 1742 1057 1335 1864 513 122 426 461 628 574 634 605 468 9999 609 847 823 557 419 836 461 414 271 762 652 1715 701 
3849 1405 2522 2413 2468 2174 2068 2282 1567 1810 2413 298 521 901 984 1136 1074 787 882 800 609 9999 1431 1319 230 1007 1412 269 513 760 255 156 2195 1272 
3058 69 1263 1147 1176 903 778 924 391 673 1033 1239 912 581 475 389 438 969 813 766 847 1431 9999 367 1404 624 51 1307 1208 876 1607 1496 989 171 
2825 298 1212 1101 1152 858 749 968 249 511 1104 1073 841 421 362 196 253 694 534 543 823 1319 367 9999 1351 787 317 1263 1233 960 1534 1417 893 276 
3987 1389 2564 2452 2501 2208 2094 2293 1595 1858 2418 466 511 932 996 1159 1099 919 984 877 557 230 1404 1351 9999 901 1393 99 317 627 212 131 2243 1257 
3612 644 1886 1770 1800 1524 1400 1544 958 1255 1646 931 537 565 509 627 606 940 849 722 419 1007 624 787 901 9999 638 803 637 285 1112 1018 1602 548 
3023 19 1248 1132 1164 886 762 919 352 639 1033 1212 896 548 445 347 399 929 771 730 836 1412 51 317 1393 638 9999 1296 1206 880 1594 1481 967 142 
3925 1293 2475 2362 2410 2117 2003 2200 1504 1771 2323 442 422 845 905 1069 1010 864 916 803 461 269 1307 1263 99 803 1296 9999 245 532 310 218 2155 1161 
3983 1206 2429 2315 2356 2067 1948 2125 1460 1744 2240 634 443 840 872 1038 986 972 985 855 414 513 1208 1233 317 637 1206 245 9999 352 513 448 2120 1082 
3769 882 2122 2006 2042 1759 1636 1799 1166 1459 1908 747 383 625 618 773 732 900 855 717 271 760 876 960 627 285 880 532 352 9999 837 750 1824 767 
4104 1589 2745 2634 2686 2392 2281 2486 1780 2035 2613 552 702 1113 1185 1345 1284 1039 1127 1034 762 255 1607 1534 212 1112 1594 310 513 837 9999 118 2420 1456 
3995 1476 2627 2516 2568 2274 2164 2370 1663 1917 2498 445 588 996 1069 1228 1167 927 1011 917 652 156 1496 1417 131 1018 1481 218 448 750 118 9999 2303 1343 
2127 959 330 234 307 143 240 361 661 386 475 1928 1733 1311 1255 1088 1145 1477 1337 1397 1715 2195 989 893 2243 1602 967 2155 2120 1824 2420 2303 9999 1059 
3073 134 1355 1239 1277 992 870 1044 409 707 1163 1071 756 410 305 229 272 803 649 597 701 1272 171 276 1257 548 142 1161 1082 767 1456 1343 1059 9999 
