NAME: ds_717_courier_1656
TYPE: TSP
COMMENT: nil
DIMENSION: 13
EDGE_WEIGHT_TYPE: EXPLICIT
EDGE_WEIGHT_FORMAT: FULL_MATRIX
EDGE_WEIGHT_SECTION
9999 2543 4225 3356 2870 3241 3496 4098 4207 2901 7769 4109 5467 
2543 9999 2746 2307 663 928 1195 1565 1781 471 5988 1575 6960 
4225 2746 9999 921 2089 1958 1805 2542 2007 2351 3544 2552 6117 
3356 2307 921 9999 1734 1774 1750 2656 2253 2027 4434 2668 5482 
2870 663 2089 1734 9999 371 633 1344 1339 294 5344 1356 6741 
3241 928 1958 1774 371 9999 273 1034 969 459 5067 1046 6977 
3496 1195 1805 1750 633 273 9999 928 734 724 4813 941 7071 
4098 1565 2542 2656 1344 1034 928 9999 589 1214 5016 13 7995 
4207 1781 2007 2253 1339 969 734 589 9999 1337 4467 595 7694 
2901 471 2351 2027 294 459 724 1214 1337 9999 5525 1225 6985 
7769 5988 3544 4434 5344 5067 4813 5016 4467 5525 9999 5018 8464 
4109 1575 2552 2668 1356 1046 941 13 595 1225 5018 9999 8007 
5467 6960 6117 5482 6741 6977 7071 7995 7694 6985 8464 8007 9999 
