NAME: ds_806_courier_2665
TYPE: TSP
COMMENT: nil
DIMENSION: 18
EDGE_WEIGHT_TYPE: EXPLICIT
EDGE_WEIGHT_FORMAT: FULL_MATRIX
EDGE_WEIGHT_SECTION
9999 270 728 1521 1506 1292 853 520 671 659 427 279 1290 1136 1451 1629 1755 281 
270 9999 463 1763 1744 1506 781 341 813 710 452 544 1560 1398 1718 1900 2024 537 
728 463 9999 2142 2113 1840 749 351 1092 892 689 1005 2004 1861 2149 2353 2482 969 
1521 1763 2142 9999 68 389 1693 1806 1089 1345 1465 1336 620 1066 464 831 990 1239 
1506 1744 2113 68 9999 331 1647 1775 1050 1303 1433 1331 668 1106 523 894 1054 1226 
1292 1506 1840 389 331 9999 1328 1494 754 996 1152 1165 811 1173 742 1121 1290 1022 
853 781 749 1693 1647 1328 9999 474 627 368 443 1056 1772 1811 1852 2150 2307 888 
520 341 351 1806 1775 1494 474 9999 743 544 343 788 1717 1634 1846 2080 2219 694 
671 813 1092 1089 1050 754 627 743 9999 262 404 699 1154 1256 1225 1533 1694 495 
659 710 892 1345 1303 996 368 544 262 9999 258 785 1405 1466 1485 1783 1941 591 
427 452 689 1465 1433 1152 443 343 404 258 9999 613 1415 1393 1529 1787 1935 451 
279 544 1005 1336 1331 1165 1056 788 699 785 613 9999 1034 857 1208 1360 1481 204 
1290 1560 2004 620 668 811 1772 1717 1154 1405 1415 1034 9999 462 215 378 541 1035 
1136 1398 1861 1066 1106 1173 1811 1634 1256 1466 1393 857 462 9999 671 596 668 949 
1451 1718 2149 464 523 742 1852 1846 1225 1485 1529 1208 215 671 9999 381 549 1184 
1629 1900 2353 831 894 1121 2150 2080 1533 1783 1787 1360 378 596 381 9999 170 1389 
1755 2024 2482 990 1054 1290 2307 2219 1694 1941 1935 1481 541 668 549 170 9999 1526 
281 537 969 1239 1226 1022 888 694 495 591 451 204 1035 949 1184 1389 1526 9999 
