NAME: ds_626_courier_3156
TYPE: TSP
COMMENT: nil
DIMENSION: 25
EDGE_WEIGHT_TYPE: EXPLICIT
EDGE_WEIGHT_FORMAT: FULL_MATRIX
EDGE_WEIGHT_SECTION
9999 3666 3396 3372 3593 3087 3077 3860 2438 3833 3213 3007 3004 3284 3321 3158 3679 2576 3483 3079 3200 3029 3830 4336 59 
3666 9999 301 305 224 817 598 257 1819 223 528 1472 1482 502 529 726 316 1637 1013 861 737 637 253 671 3670 
3396 301 9999 207 209 532 320 465 1524 518 428 1212 1222 455 518 667 330 1344 835 579 468 392 437 957 3398 
3372 305 207 9999 358 689 341 546 1642 465 245 1383 1393 253 312 474 491 1471 1039 738 646 347 530 966 3378 
3593 224 209 358 9999 631 524 272 1637 434 602 1260 1270 608 656 832 133 1450 790 670 538 601 239 789 3594 
3087 817 532 689 631 9999 436 888 1006 1040 800 696 705 868 945 1012 659 821 530 50 114 545 851 1413 3082 
3077 598 320 341 524 436 9999 785 1314 793 371 1118 1126 448 524 576 631 1149 910 484 446 119 757 1268 3079 
3860 257 465 546 272 888 785 9999 1888 325 781 1473 1483 759 786 983 238 1700 939 923 787 848 38 525 3862 
2438 1819 1524 1642 1637 1006 1314 1888 9999 2040 1664 587 582 1748 1822 1804 1653 191 1159 967 1102 1369 1850 2412 2417 
3833 223 518 465 434 1040 793 325 2040 9999 636 1692 1702 582 579 782 495 1859 1213 1084 960 812 347 518 3840 
3213 528 428 245 602 800 371 781 1664 636 9999 1488 1497 86 158 240 735 1508 1226 849 789 295 769 1153 3222 
3007 1472 1212 1383 1260 696 1118 1473 587 1692 1488 9999 10 1560 1637 1686 1236 431 612 646 744 1213 1434 1977 2989 
3004 1482 1222 1393 1270 705 1126 1483 582 1702 1497 10 9999 1570 1646 1695 1246 427 621 655 754 1222 1445 1987 2985 
3284 502 455 253 608 868 448 759 1748 582 86 1560 1570 9999 77 226 740 1590 1274 918 850 379 751 1100 3295 
3321 529 518 312 656 945 524 786 1822 579 158 1637 1646 77 9999 203 788 1665 1344 994 924 453 781 1092 3332 
3158 726 667 474 832 1012 576 983 1804 782 240 1686 1695 226 203 9999 965 1662 1460 1060 1013 473 977 1292 3171 
3679 316 330 491 133 659 631 238 1653 495 735 1236 1246 740 788 965 9999 1464 720 691 554 718 199 758 3679 
2576 1637 1344 1471 1450 821 1149 1700 191 1859 1508 431 427 1590 1665 1662 1464 9999 975 780 914 1213 1662 2223 2558 
3483 1013 835 1039 790 530 910 939 1159 1213 1226 612 621 1274 1344 1460 720 975 9999 503 470 1029 903 1407 3471 
3079 861 579 738 670 50 484 923 967 1084 849 646 655 918 994 1060 691 780 503 9999 138 592 885 1448 3073 
3200 737 468 646 538 114 446 787 1102 960 789 744 754 850 924 1013 554 914 470 138 9999 563 749 1311 3195 
3029 637 392 347 601 545 119 848 1369 812 295 1213 1222 379 453 473 718 1213 1029 592 563 9999 824 1307 3034 
3830 253 437 530 239 851 757 38 1850 347 769 1434 1445 751 781 977 199 1662 903 885 749 824 9999 562 3832 
4336 671 957 966 789 1413 1268 525 2412 518 1153 1977 1987 1100 1092 1292 758 2223 1407 1448 1311 1307 562 9999 4341 
59 3670 3398 3378 3594 3082 3079 3862 2417 3840 3222 2989 2985 3295 3332 3171 3679 2558 3471 3073 3195 3034 3832 4341 9999 
