NAME: ds_924_courier_290
TYPE: TSP
COMMENT: nil
DIMENSION: 17
EDGE_WEIGHT_TYPE: EXPLICIT
EDGE_WEIGHT_FORMAT: FULL_MATRIX
EDGE_WEIGHT_SECTION
9999 2890 2852 3145 3520 3443 44 2879 2937 3011 2892 3398 3516 2890 3355 3546 3297 
2890 9999 852 993 663 962 2874 1026 228 186 1030 747 1025 333 1098 984 1737 
2852 852 9999 301 996 610 2849 174 644 1020 178 666 677 525 508 727 902 
3145 993 301 9999 928 376 3144 290 766 1133 279 536 428 667 210 501 768 
3520 663 996 928 9999 651 3507 1131 584 626 1127 403 672 651 895 585 1668 
3443 962 610 376 651 9999 3438 658 748 1049 648 261 75 698 255 126 1031 
44 2874 2849 3144 3507 3438 9999 2879 2925 2994 2892 3390 3511 2880 3353 3540 3305 
2879 1026 174 290 1131 658 2879 9999 817 1193 13 771 715 698 490 783 735 
2937 228 644 766 584 748 2925 817 9999 377 819 556 815 122 871 784 1515 
3011 186 1020 1133 626 1049 2994 1193 377 9999 1196 810 1105 495 1214 1050 1890 
2892 1030 178 279 1127 648 2892 13 819 1196 9999 765 705 701 478 773 727 
3398 747 666 536 403 261 3390 771 556 810 765 9999 302 541 493 240 1266 
3516 1025 677 428 672 75 3511 715 815 1105 705 302 9999 769 276 96 1037 
2890 333 525 667 651 698 2880 698 122 495 701 541 769 9999 790 751 1405 
3355 1098 508 210 895 255 3353 490 871 1214 478 493 276 790 9999 368 777 
3546 984 727 501 585 126 3540 783 784 1050 773 240 96 751 368 9999 1133 
3297 1737 902 768 1668 1031 3305 735 1515 1890 727 1266 1037 1405 777 1133 9999 
