NAME: ds_827_courier_2925
TYPE: TSP
COMMENT: nil
DIMENSION: 24
EDGE_WEIGHT_TYPE: EXPLICIT
EDGE_WEIGHT_FORMAT: FULL_MATRIX
EDGE_WEIGHT_SECTION
9999 3179 3212 4748 3302 2192 2237 2997 4940 3774 4450 4722 4748 2212 3627 4209 3338 4625 4568 3533 3567 3065 2910 4518 
3179 9999 70 2331 828 995 953 436 2504 1413 1921 2320 2281 1009 1210 1744 882 2270 2037 1299 1242 742 349 2084 
3212 70 9999 2261 767 1022 979 401 2435 1346 1852 2251 2211 1027 1143 1674 819 2200 1967 1235 1177 692 343 2014 
4748 2331 2261 9999 1637 2859 2819 2122 194 1025 412 32 85 2764 1219 603 1582 137 309 1251 1244 1867 2301 254 
3302 828 767 1637 9999 1240 1197 498 1825 631 1255 1620 1605 1159 424 1035 58 1550 1378 475 430 243 682 1384 
2192 995 1022 2859 1240 9999 46 831 3051 1835 2490 2839 2834 133 1643 2263 1290 2761 2614 1619 1616 999 721 2608 
2237 953 979 2819 1197 46 9999 785 3010 1794 2448 2799 2793 125 1601 2221 1247 2721 2572 1580 1575 957 675 2567 
2997 436 401 2122 498 831 785 9999 2307 1128 1729 2106 2085 787 921 1519 555 2040 1851 963 927 331 185 1869 
4940 2504 2435 194 1825 3051 3010 2307 9999 1217 584 218 224 2956 1409 791 1771 317 468 1444 1437 2057 2485 443 
3774 1413 1346 1025 631 1835 1794 1128 1217 9999 678 1005 1004 1739 208 439 574 927 799 241 220 848 1312 775 
4450 1921 1852 412 1255 2490 2448 1729 584 678 9999 406 360 2401 851 242 1202 382 124 918 893 1492 1904 187 
4722 2320 2251 32 1620 2839 2799 2106 218 1005 406 9999 107 2743 1200 587 1564 106 309 1229 1224 1848 2286 238 
4748 2281 2211 85 1605 2834 2793 2085 224 1004 360 107 9999 2741 1191 571 1551 190 246 1235 1223 1838 2262 231 
2212 1009 1027 2764 1159 133 125 787 2956 1739 2401 2743 2741 9999 1551 2171 1207 2662 2525 1517 1519 916 704 2513 
3627 1210 1143 1219 424 1643 1601 921 1409 208 851 1200 1191 1551 9999 620 367 1127 974 179 93 648 1104 966 
4209 1744 1674 603 1035 2263 2221 1519 791 439 242 587 571 2171 620 9999 980 526 361 677 656 1267 1699 349 
3338 882 819 1582 58 1290 1247 555 1771 574 1202 1564 1551 1207 367 980 9999 1494 1325 418 372 291 740 1329 
4625 2270 2200 137 1550 2761 2721 2040 317 927 382 106 190 2662 1127 526 1494 9999 312 1145 1145 1774 2221 196 
4568 2037 1967 309 1378 2614 2572 1851 468 799 124 309 246 2525 974 361 1325 312 9999 1038 1015 1615 2026 149 
3533 1299 1235 1251 475 1619 1580 963 1444 241 918 1229 1235 1517 179 677 418 1145 1038 9999 88 656 1148 1005 
3567 1242 1177 1244 430 1616 1575 927 1437 220 893 1224 1223 1519 93 656 372 1145 1015 88 9999 633 1112 994 
3065 742 692 1867 243 999 957 331 2057 848 1492 1848 1838 916 648 1267 291 1774 1615 656 633 9999 508 1614 
2910 349 343 2301 682 721 675 185 2485 1312 1904 2286 2262 704 1104 1699 740 2221 2026 1148 1112 508 9999 2047 
4518 2084 2014 254 1384 2608 2567 1869 443 775 187 238 231 2513 966 349 1329 196 149 1005 994 1614 2047 9999 
