NAME: ds_927_courier_2688
TYPE: TSP
COMMENT: nil
DIMENSION: 27
EDGE_WEIGHT_TYPE: EXPLICIT
EDGE_WEIGHT_FORMAT: FULL_MATRIX
EDGE_WEIGHT_SECTION
9999 4942 4557 4758 4934 5087 4131 4233 4966 2910 2993 3989 2889 3028 3080 3227 2364 3018 3433 3520 3712 3605 5103 4718 5131 3216 3257 
4942 9999 459 387 363 315 825 709 175 2050 1962 953 2085 1928 1876 1717 2595 1927 1571 1457 1233 1386 182 264 385 1730 1687 
4557 459 9999 217 390 531 565 396 417 1708 1617 609 1675 1584 1534 1360 2240 1569 1144 1041 896 962 573 195 578 1345 1306 
4758 387 217 9999 177 337 776 610 269 1922 1830 826 1871 1798 1749 1572 2451 1781 1333 1238 1112 1155 433 199 374 1552 1514 
4934 363 390 177 9999 178 936 776 194 2097 2006 999 2046 1974 1924 1748 2627 1957 1507 1414 1286 1330 331 305 200 1728 1691 
5087 315 531 337 178 9999 1039 892 160 2232 2141 1126 2203 2108 2057 1886 2767 2096 1667 1569 1414 1488 198 392 71 1875 1836 
4131 825 565 776 936 1039 9999 174 890 1229 1141 197 1320 1107 1055 905 1775 1113 873 739 422 700 999 648 1100 941 895 
4233 709 396 610 776 892 174 9999 749 1347 1257 243 1385 1224 1172 1009 1889 1220 895 770 527 712 874 502 949 1022 978 
4966 175 417 269 194 160 890 749 9999 2095 2005 988 2089 1972 1921 1753 2635 1964 1560 1456 1275 1378 165 249 230 1750 1710 
2910 2050 1708 1922 2097 2232 1229 1347 2095 9999 91 1107 487 124 175 352 547 163 768 772 820 863 2220 1846 2284 428 445 
2993 1962 1617 1830 2006 2141 1141 1257 2005 91 9999 1017 469 35 87 261 634 89 689 685 731 776 2130 1756 2194 346 359 
3989 953 609 826 999 1126 197 243 988 1107 1017 9999 1147 984 933 766 1647 977 681 548 288 504 1116 739 1180 779 735 
2889 2085 1675 1871 2046 2203 1320 1385 2089 487 469 1147 9999 482 502 494 710 397 545 634 907 716 2235 1846 2245 390 438 
3028 1928 1584 1798 1974 2108 1107 1224 1972 124 35 984 482 9999 52 232 668 89 671 662 697 752 2097 1723 2161 328 337 
3080 1876 1534 1749 1924 2057 1055 1172 1921 175 87 933 502 52 9999 188 720 107 643 626 645 714 2045 1672 2111 302 304 
3227 1717 1360 1572 1748 1886 905 1009 1753 352 261 766 494 232 188 9999 882 211 474 441 485 528 1882 1504 1937 156 136 
2364 2595 2240 2451 2627 2767 1775 1889 2635 547 634 1647 710 668 720 882 9999 671 1202 1248 1363 1340 2762 2386 2818 907 940 
3018 1927 1569 1781 1957 2096 1113 1220 1964 163 89 977 397 89 107 211 671 9999 606 611 695 702 2093 1715 2147 266 285 
3433 1571 1144 1333 1507 1667 873 895 1560 768 689 681 545 671 643 474 1202 606 9999 137 531 186 1711 1322 1706 343 341 
3520 1457 1041 1238 1414 1569 739 770 1456 772 685 548 634 662 626 441 1248 611 137 9999 397 93 1603 1214 1611 347 326 
3712 1233 896 1112 1286 1414 422 527 1275 820 731 288 907 697 645 485 1363 695 531 397 9999 405 1400 1027 1468 522 475 
3605 1386 962 1155 1330 1488 700 712 1378 863 776 504 716 752 714 528 1340 702 186 93 405 9999 1527 1138 1528 440 418 
5103 182 573 433 331 198 999 874 165 2220 2130 1116 2235 2097 2045 1882 2762 2093 1711 1603 1400 1527 9999 389 256 1888 1846 
4718 264 195 199 305 392 648 502 249 1846 1756 739 1846 1723 1672 1504 2386 1715 1322 1214 1027 1138 389 9999 453 1503 1462 
5131 385 578 374 200 71 1100 949 230 2284 2194 1180 2245 2161 2111 1937 2818 2147 1706 1611 1468 1528 256 453 9999 1922 1884 
3216 1730 1345 1552 1728 1875 941 1022 1750 428 346 779 390 328 302 156 907 266 343 347 522 440 1888 1503 1922 9999 48 
3257 1687 1306 1514 1691 1836 895 978 1710 445 359 735 438 337 304 136 940 285 341 326 475 418 1846 1462 1884 48 9999 
