NAME: ds_619_courier_638
TYPE: TSP
COMMENT: nil
DIMENSION: 15
EDGE_WEIGHT_TYPE: EXPLICIT
EDGE_WEIGHT_FORMAT: FULL_MATRIX
EDGE_WEIGHT_SECTION
9999 870 1008 985 1303 1331 1541 1737 1611 1804 1529 977 1401 1425 1540 
870 9999 143 210 581 521 947 1092 797 1056 682 274 762 828 924 
1008 143 9999 228 546 443 931 1055 704 985 571 236 671 745 832 
985 210 228 9999 375 348 736 883 630 863 546 451 896 972 1057 
1303 581 546 375 9999 187 391 512 352 504 378 781 1136 1221 1283 
1331 521 443 348 187 9999 553 634 282 541 225 665 970 1056 1111 
1541 947 931 736 391 553 9999 205 532 411 661 1167 1522 1607 1664 
1737 1092 1055 883 512 634 205 9999 513 277 674 1287 1593 1680 1726 
1611 797 704 630 352 282 532 513 9999 316 174 906 1116 1203 1236 
1804 1056 985 863 504 541 411 277 316 9999 489 1202 1432 1519 1550 
1529 682 571 546 378 225 661 674 174 489 9999 755 942 1030 1063 
977 274 236 451 781 665 1167 1287 906 1202 755 9999 499 559 661 
1401 762 671 896 1136 970 1522 1593 1116 1432 942 499 9999 87 163 
1425 828 745 972 1221 1056 1607 1680 1203 1519 1030 559 87 9999 115 
1540 924 832 1057 1283 1111 1664 1726 1236 1550 1063 661 163 115 9999 
