,0,1,2,3,4,5,6,7,8
0,0.0,1327.0212358273877,1335.3122018012025,1639.5684001114332,518.0765419195961,1362.2598800152914,1450.1196966754776,1435.150903559583,1446.6212459010992
1,1327.0212358273877,0.0,417.3246807343843,662.0311991569565,1269.2920054286087,907.6367096781883,889.907857813126,831.2487765899708,354.9826362290244
2,1335.3122018012025,417.3246807343843,0.0,328.39539717743446,1435.0102836894002,1296.7943610475224,1291.8608311842531,1234.6947038090973,771.6566062466874
3,1639.5684001114332,662.0311991569565,328.39539717743446,0.0,1762.9188941715495,1569.5435943879152,1550.393439620634,1491.317681826825,988.0810807912599
4,518.0765419195961,1269.2920054286087,1435.0102836894002,1762.9188941715495,0.0,968.8073552494252,1069.641858316032,1071.896792565152,1255.5750941561926
5,1362.2598800152914,907.6367096781883,1296.7943610475224,1569.5435943879152,968.8073552494252,0.0,105.45436254662211,135.3269161752315,626.9351513612561
6,1450.1196966754776,889.907857813126,1291.8608311842531,1550.393439620634,1069.641858316032,105.45436254662211,0.0,59.7089465437552,582.21680714048
7,1435.150903559583,831.2487765899708,1234.6947038090973,1491.317681826825,1071.896792565152,135.3269161752315,59.7089465437552,0.0,522.6489072934011
8,1446.6212459010992,354.9826362290244,771.6566062466874,988.0810807912599,1255.5750941561926,626.9351513612561,582.21680714048,522.6489072934011,0.0
