NAME: ds_819_courier_949
TYPE: TSP
COMMENT: nil
DIMENSION: 25
EDGE_WEIGHT_TYPE: EXPLICIT
EDGE_WEIGHT_FORMAT: FULL_MATRIX
EDGE_WEIGHT_SECTION
9999 3239 2307 2216 2387 2322 3668 2989 2845 3793 3839 3979 3993 3930 2916 3015 2989 3979 3392 3906 3206 3128 3517 2199 1811 
3239 9999 1168 1340 1628 1741 502 784 854 613 710 798 754 695 540 398 353 866 183 668 166 284 525 1513 1815 
2307 1168 9999 176 582 665 1460 683 538 1780 1876 1963 1868 1828 680 814 826 2032 1256 1758 1227 1225 1637 369 654 
2216 1340 176 9999 447 513 1614 803 656 1951 2049 2134 2031 1994 840 978 995 2205 1423 1919 1402 1400 1813 200 496 
2387 1628 582 447 9999 119 1795 927 803 2220 2331 2392 2242 2219 1090 1234 1275 2486 1670 2122 1722 1744 2136 279 581 
2322 1741 665 513 119 9999 1913 1045 921 2335 2446 2508 2360 2337 1204 1349 1388 2600 1786 2240 1831 1850 2245 322 536 
3668 502 1460 1614 1795 1913 9999 868 997 575 710 683 457 457 781 660 679 830 319 335 633 760 760 1753 2110 
2989 784 683 803 927 1045 868 9999 147 1326 1447 1487 1318 1300 299 403 476 1597 776 1197 920 989 1309 908 1290 
2845 854 538 656 803 921 997 147 9999 1424 1541 1592 1439 1416 322 457 516 1693 873 1321 974 1026 1377 765 1144 
3793 613 1780 1951 2220 2335 575 1326 1424 9999 134 189 328 243 1132 988 958 271 551 359 593 666 346 2121 2428 
3839 710 1876 2049 2331 2446 710 1447 1541 134 9999 169 420 343 1242 1097 1061 156 671 476 664 717 334 2223 2519 
3979 798 1963 2134 2392 2508 683 1487 1592 189 169 9999 301 245 1309 1164 1139 168 721 391 782 851 496 2301 2613 
3993 754 1868 2031 2242 2360 457 1318 1439 328 420 301 9999 86 1191 1054 1049 469 618 123 802 904 665 2183 2522 
3930 695 1828 1994 2219 2337 457 1300 1416 243 343 245 86 9999 1155 1016 1004 410 572 145 730 829 579 2150 2482 
2916 540 680 840 1090 1204 781 299 322 1132 1242 1309 1191 1155 9999 145 195 1397 589 1079 653 705 1059 995 1333 
3015 398 814 978 1234 1349 660 403 457 988 1097 1164 1054 1016 145 9999 80 1252 446 945 520 586 920 1138 1468 
2989 353 826 995 1275 1388 679 476 516 958 1061 1139 1049 1004 195 80 9999 1217 432 944 458 514 866 1163 1479 
3979 866 2032 2205 2486 2600 830 1597 1693 271 156 168 469 410 1397 1252 1217 9999 821 555 818 865 462 2379 2675 
3392 183 1256 1423 1670 1786 319 776 873 551 671 721 618 572 589 446 432 821 9999 518 325 452 575 1584 1910 
3906 668 1758 1919 2122 2240 335 1197 1321 359 476 391 123 145 1079 945 944 555 518 9999 736 847 666 2068 2412 
3206 166 1227 1402 1722 1831 633 920 974 593 664 782 802 730 653 520 458 818 325 736 9999 127 414 1585 1862 
3128 284 1225 1400 1744 1850 760 989 1026 666 717 851 904 829 705 586 514 865 452 847 127 9999 423 1589 1844 
3517 525 1637 1813 2136 2245 760 1309 1377 346 334 496 665 579 1059 920 866 462 575 666 414 423 9999 1998 2264 
2199 1513 369 200 279 322 1753 908 765 2121 2223 2301 2183 2150 995 1138 1163 2379 1584 2068 1585 1589 1998 9999 402 
1811 1815 654 496 581 536 2110 1290 1144 2428 2519 2613 2522 2482 1333 1468 1479 2675 1910 2412 1862 1844 2264 402 9999 
