NAME: ds_815_courier_4474
TYPE: TSP
COMMENT: nil
DIMENSION: 15
EDGE_WEIGHT_TYPE: EXPLICIT
EDGE_WEIGHT_FORMAT: FULL_MATRIX
EDGE_WEIGHT_SECTION
9999 1020 1340 745 1445 809 1706 1296 1999 1777 1436 1645 1848 758 1025 
1020 9999 562 448 1196 750 854 306 999 839 460 634 833 1167 9 
1340 562 9999 984 1748 1300 1215 373 780 481 773 770 883 1135 553 
745 448 984 9999 898 319 961 750 1418 1284 736 969 1174 1184 457 
1445 1196 1748 898 9999 655 917 1407 1859 1873 1115 1320 1466 2055 1205 
809 750 1300 319 655 9999 1024 1040 1668 1570 933 1174 1371 1404 759 
1706 854 1215 961 917 1024 9999 848 1011 1126 445 514 590 2015 857 
1296 306 373 750 1407 1040 848 9999 704 534 404 454 620 1308 298 
1999 999 780 1418 1859 1668 1011 704 9999 326 761 539 424 1912 992 
1777 839 481 1284 1873 1570 1126 534 326 9999 763 613 606 1614 830 
1436 460 773 736 1115 933 445 404 761 763 9999 241 441 1623 460 
1645 634 770 969 1320 1174 514 454 539 613 241 9999 206 1754 631 
1848 833 883 1174 1466 1371 590 620 424 606 441 206 9999 1927 829 
758 1167 1135 1184 2055 1404 2015 1308 1912 1614 1623 1754 1927 9999 1166 
1025 9 553 457 1205 759 857 298 992 830 460 631 829 1166 9999 
