NAME: ds_630_courier_4849
TYPE: TSP
COMMENT: nil
DIMENSION: 33
EDGE_WEIGHT_TYPE: EXPLICIT
EDGE_WEIGHT_FORMAT: FULL_MATRIX
EDGE_WEIGHT_SECTION
9999 3505 3585 3525 3480 3992 3870 3730 3732 3367 3656 3235 3627 3539 3093 3339 2733 2952 3370 3043 3227 2079 2016 2365 2049 3350 2028 2247 2274 2652 2157 3601 3516 
3505 9999 715 896 717 505 555 460 483 797 248 599 234 58 474 317 951 836 918 864 1098 1691 1498 1144 1456 1167 1715 1336 1506 1267 1354 625 28 
3585 715 9999 204 107 744 433 359 336 239 533 378 924 762 654 995 855 634 310 548 534 1552 1611 1314 1620 534 1595 1343 1347 991 1490 97 741 
3525 896 204 9999 181 946 628 563 539 183 731 437 1114 947 746 1157 826 606 159 494 364 1464 1593 1326 1616 336 1510 1306 1261 889 1483 300 923 
3480 717 107 181 9999 814 517 424 404 138 566 291 938 769 586 977 751 529 231 441 451 1445 1511 1220 1522 473 1488 1239 1240 885 1391 165 745 
3992 505 744 946 814 9999 328 390 411 943 343 877 504 489 907 776 1346 1175 1044 1153 1265 2101 1977 1627 1944 1278 2132 1784 1904 1606 1835 653 503 
3870 555 433 628 517 328 9999 140 140 653 307 656 678 573 791 871 1158 959 741 910 965 1901 1859 1525 1844 964 1938 1629 1698 1369 1723 352 569 
3730 460 359 563 424 390 140 9999 27 554 220 523 621 489 651 775 1021 828 654 786 875 1768 1719 1385 1704 891 1805 1490 1566 1245 1583 265 479 
3732 483 336 539 404 411 140 27 9999 536 246 517 648 514 658 798 1018 821 634 776 855 1762 1722 1390 1709 868 1799 1490 1560 1235 1587 243 503 
3367 797 239 183 138 943 653 554 536 9999 675 266 1026 851 578 1028 652 429 121 325 323 1321 1418 1145 1437 370 1365 1136 1116 754 1305 302 825 
3656 248 533 731 566 343 307 220 246 675 9999 553 404 271 566 565 1004 842 790 833 996 1759 1640 1293 1612 1038 1790 1442 1564 1277 1499 436 264 
3235 599 378 437 291 877 656 523 517 266 553 9999 833 656 311 786 506 305 375 280 511 1246 1243 937 1246 603 1283 988 1043 729 1117 370 627 
3627 234 924 1114 938 504 678 621 648 1026 404 833 9999 177 683 300 1161 1062 1146 1095 1331 1885 1643 1289 1589 1396 1906 1512 1708 1488 1498 829 206 
3539 58 762 947 769 489 573 489 514 851 271 656 177 9999 526 302 1005 893 972 921 1155 1741 1537 1182 1492 1221 1765 1382 1558 1323 1392 670 31 
3093 474 654 746 586 907 791 651 658 578 566 311 683 526 9999 541 479 400 683 471 787 1218 1077 736 1055 897 1244 878 1033 809 938 613 496 
3339 317 995 1157 977 776 871 775 798 1028 565 786 300 302 541 9999 987 941 1148 1006 1297 1666 1373 1023 1311 1388 1681 1272 1503 1335 1229 913 302 
2733 951 855 826 751 1346 1158 1021 1018 652 1004 506 1161 1005 479 987 9999 223 687 334 640 755 767 524 792 782 787 488 560 355 659 869 974 
2952 836 634 606 529 1175 959 828 821 429 842 305 1062 893 400 941 223 9999 473 125 467 942 988 726 1010 603 980 710 739 436 877 653 862 
3370 918 310 159 231 1044 741 654 634 121 790 375 1146 972 683 1148 687 473 9999 353 224 1306 1451 1199 1480 250 1353 1159 1103 730 1346 392 946 
3043 864 548 494 441 1153 910 786 776 325 833 280 1095 921 471 1006 334 125 353 9999 346 1006 1100 849 1127 479 1048 813 801 459 993 583 891 
3227 1098 534 364 451 1265 965 875 855 323 996 511 1331 1155 787 1297 640 467 224 346 9999 1149 1372 1164 1416 143 1200 1067 954 576 1283 615 1127 
2079 1691 1552 1464 1445 2101 1901 1768 1762 1321 1759 1246 1885 1741 1218 1666 755 942 1306 1006 1149 9999 563 732 674 1271 55 419 205 577 618 1587 1711 
2016 1498 1611 1593 1511 1977 1859 1719 1722 1418 1640 1243 1643 1537 1077 1373 767 988 1451 1100 1372 563 9999 355 113 1512 534 309 583 849 145 1613 1512 
2365 1144 1314 1326 1220 1627 1525 1385 1390 1145 1293 937 1289 1182 736 1023 524 726 1199 849 1164 732 355 9999 320 1307 728 316 644 745 210 1303 1157 
2049 1456 1620 1616 1522 1944 1844 1704 1709 1437 1612 1246 1589 1492 1055 1311 792 1010 1480 1127 1416 674 113 320 9999 1558 646 377 679 917 133 1614 1468 
3350 1167 534 336 473 1278 964 891 868 370 1038 603 1396 1221 897 1388 782 603 250 479 143 1271 1512 1307 1558 9999 1323 1207 1080 705 1425 625 1195 
2028 1715 1595 1510 1488 2132 1938 1805 1799 1365 1790 1283 1906 1765 1244 1681 787 980 1353 1048 1200 55 534 728 646 1323 9999 420 250 626 600 1628 1735 
2247 1336 1343 1306 1239 1784 1629 1490 1490 1136 1442 988 1512 1382 878 1272 488 710 1159 813 1067 419 309 316 377 1207 420 9999 336 542 264 1355 1353 
2274 1506 1347 1261 1240 1904 1698 1566 1560 1116 1564 1043 1708 1558 1033 1503 560 739 1103 801 954 205 583 644 679 1080 250 336 9999 378 588 1382 1528 
2652 1267 991 889 885 1606 1369 1245 1235 754 1277 729 1488 1323 809 1335 355 436 730 459 576 577 849 745 917 705 626 542 378 9999 794 1037 1292 
2157 1354 1490 1483 1391 1835 1723 1583 1587 1305 1499 1117 1498 1392 938 1229 659 877 1346 993 1283 618 145 210 133 1425 600 264 588 794 9999 1486 1367 
3601 625 97 300 165 653 352 265 243 302 436 370 829 670 613 913 869 653 392 583 615 1587 1613 1303 1614 625 1628 1355 1382 1037 1486 9999 650 
3516 28 741 923 745 503 569 479 503 825 264 627 206 31 496 302 974 862 946 891 1127 1711 1512 1157 1468 1195 1735 1353 1528 1292 1367 650 9999 
