NAME: ds_806_courier_2688
TYPE: TSP
COMMENT: nil
DIMENSION: 25
EDGE_WEIGHT_TYPE: EXPLICIT
EDGE_WEIGHT_FORMAT: FULL_MATRIX
EDGE_WEIGHT_SECTION
9999 4521 4646 5118 5118 5312 5008 4844 4199 3296 4318 2872 2889 2923 3003 3368 3269 2998 3107 5162 5931 3117 3864 4177 3629 
4521 9999 172 617 603 800 527 350 551 1318 210 1720 1679 1626 1610 1162 1286 1558 1453 902 1496 1524 999 478 1068 
4646 172 9999 472 519 666 371 198 722 1476 369 1870 1825 1769 1764 1279 1392 1703 1600 730 1338 1610 1019 519 1129 
5118 617 472 9999 265 200 118 275 1113 1935 827 2337 2294 2240 2227 1750 1857 2172 2069 507 886 2061 1413 962 1564 
5118 603 519 265 9999 297 327 364 998 1874 801 2290 2255 2209 2173 1765 1889 2137 2030 772 1033 2121 1533 1038 1647 
5312 800 666 200 297 9999 317 469 1264 2112 1009 2519 2478 2426 2407 1945 2055 2357 2253 579 741 2261 1610 1161 1764 
5008 527 371 118 327 317 9999 177 1047 1844 735 2240 2195 2140 2133 1641 1745 2073 1971 478 970 1946 1295 846 1447 
4844 350 198 275 364 469 177 9999 877 1668 558 2065 2021 1967 1958 1476 1586 1899 1796 601 1146 1797 1177 699 1308 
4199 551 722 1113 998 1264 1047 877 9999 907 406 1333 1311 1278 1206 981 1142 1203 1094 1452 1997 1434 1184 749 1120 
3296 1318 1476 1935 1874 2112 1844 1668 907 9999 1110 425 411 396 300 544 664 322 224 2146 2813 926 1229 1157 993 
4318 210 369 827 801 1009 735 558 406 1110 9999 1510 1469 1418 1401 967 1100 1349 1244 1080 1704 1352 904 398 926 
2872 1720 1870 2337 2290 2519 2240 2065 1333 425 1510 9999 81 160 134 727 759 188 273 2509 3205 909 1443 1496 1178 
2889 1679 1825 2294 2255 2478 2195 2021 1311 411 1469 81 9999 80 158 656 681 124 226 2453 3158 829 1368 1438 1102 
2923 1626 1769 2240 2209 2426 2140 1967 1278 396 1418 160 80 9999 201 580 601 76 185 2388 3100 753 1290 1372 1024 
3003 1610 1764 2227 2173 2407 2133 1958 1206 300 1401 134 158 201 9999 681 742 172 201 2417 3101 932 1400 1411 1142 
3368 1162 1279 1750 1765 1945 1641 1476 981 544 967 727 656 580 681 9999 167 539 480 1838 2578 469 720 823 463 
3269 1286 1392 1857 1889 2055 1745 1586 1142 664 1100 759 681 601 742 167 9999 580 550 1907 2664 302 701 908 431 
2998 1558 1703 2172 2137 2357 2073 1899 1203 322 1349 188 124 76 172 539 580 9999 109 2330 3035 760 1257 1314 993 
3107 1453 1600 2069 2030 2253 1971 1796 1094 224 1244 273 226 185 201 480 550 109 9999 2236 2934 767 1199 1224 941 
5162 902 730 507 772 579 478 601 1452 2146 1080 2509 2453 2388 2417 1838 1907 2330 2236 9999 792 2047 1316 1018 1534 
5931 1496 1338 886 1033 741 970 1146 1997 2813 1704 3205 3158 3100 3101 2578 2664 3035 2934 792 9999 2825 2104 1757 2312 
3117 1524 1610 2061 2121 2261 1946 1797 1434 926 1352 909 829 753 932 469 302 760 767 2047 2825 9999 751 1100 513 
3864 999 1019 1413 1533 1610 1295 1177 1184 1229 904 1443 1368 1290 1400 720 701 1257 1199 1316 2104 751 9999 522 270 
4177 478 519 962 1038 1161 846 699 749 1157 398 1496 1438 1372 1411 823 908 1314 1224 1018 1757 1100 522 9999 610 
3629 1068 1129 1564 1647 1764 1447 1308 1120 993 926 1178 1102 1024 1142 463 431 993 941 1534 2312 513 270 610 9999 
