NAME: ds_723_courier_638
TYPE: TSP
COMMENT: nil
DIMENSION: 27
EDGE_WEIGHT_TYPE: EXPLICIT
EDGE_WEIGHT_FORMAT: FULL_MATRIX
EDGE_WEIGHT_SECTION
9999 80 1383 1449 583 444 391 1512 1587 1474 1188 1017 1388 1384 8874 1415 1410 1073 1216 971 1334 786 625 732 779 1659 1481 
80 9999 1422 1456 637 452 403 1582 1648 1528 1237 1076 1392 1424 8909 1422 1414 1138 1230 997 1341 745 589 713 737 1735 1483 
1383 1422 9999 605 819 1007 1042 793 586 344 273 516 622 34 7493 587 639 614 474 465 583 1219 1172 1001 1230 1110 685 
1449 1456 605 9999 1035 1006 1058 1389 1190 948 791 975 71 639 7553 35 63 1112 258 557 115 945 986 801 959 1704 80 
583 637 819 1035 9999 362 356 985 1017 891 606 442 989 815 8308 1000 1014 525 777 483 928 828 684 630 831 1192 1089 
444 452 1007 1006 362 9999 55 1334 1333 1171 865 768 944 1015 8473 972 965 874 778 558 891 488 331 336 489 1553 1036 
391 403 1042 1058 356 55 9999 1337 1348 1193 889 777 997 1048 8515 1024 1019 876 828 600 943 524 362 386 524 1547 1090 
1512 1582 793 1389 985 1334 1337 9999 281 470 623 577 1396 759 7661 1368 1416 461 1207 1025 1347 1737 1625 1510 1744 317 1470 
1587 1648 586 1190 1017 1333 1348 281 9999 242 504 575 1208 552 7448 1174 1225 520 1043 922 1166 1679 1589 1450 1688 574 1270 
1474 1528 344 948 891 1171 1193 470 242 9999 307 466 966 310 7465 931 983 477 804 708 924 1475 1399 1248 1485 785 1029 
1188 1237 273 791 606 865 889 623 504 307 9999 245 787 252 7710 765 809 345 587 419 734 1177 1095 948 1186 928 869 
1017 1076 516 975 442 768 777 577 575 466 245 9999 958 497 7925 946 982 146 741 490 900 1161 1049 935 1168 837 1049 
1388 1392 622 71 989 944 997 1396 1208 966 787 958 9999 656 7624 51 25 1098 222 518 61 874 915 731 888 1709 100 
1384 1424 34 639 815 1015 1048 759 552 310 252 497 656 9999 7494 621 673 589 504 480 616 1239 1188 1019 1250 1076 719 
8874 8909 7493 7553 8308 8473 8515 7661 7448 7465 7710 7925 7624 7494 9999 7580 7611 7936 7723 7916 7658 8497 8534 8346 8511 7762 7561 
1415 1422 587 35 1000 972 1024 1368 1174 931 765 946 51 621 7580 9999 56 1084 224 523 82 920 957 771 934 1682 104 
1410 1414 639 63 1014 965 1019 1416 1225 983 809 982 25 673 7611 56 9999 1122 247 543 86 887 932 748 901 1729 75 
1073 1138 614 1112 525 874 876 461 520 477 345 146 1098 589 7936 1084 1122 9999 883 636 1041 1290 1171 1067 1297 700 1188 
1216 1230 474 258 777 778 828 1207 1043 804 587 741 222 504 7723 224 247 883 9999 299 162 817 818 630 830 1515 320 
971 997 465 557 483 558 600 1025 922 708 419 490 518 480 7916 523 543 636 299 9999 457 769 709 544 779 1313 617 
1334 1341 583 115 928 891 943 1347 1166 924 734 900 61 616 7658 82 86 1041 162 457 9999 845 877 691 859 1659 161 
786 745 1219 945 828 488 524 1737 1679 1475 1177 1161 874 1239 8497 920 887 1290 817 769 845 9999 168 229 14 1988 937 
625 589 1172 986 684 331 362 1625 1589 1399 1095 1049 915 1188 8534 957 932 1171 818 709 877 168 9999 188 165 1863 991 
732 713 1001 801 630 336 386 1510 1450 1248 948 935 731 1019 8346 771 748 1067 630 544 691 229 188 9999 238 1767 809 
779 737 1230 959 831 489 524 1744 1688 1485 1186 1168 888 1250 8511 934 901 1297 830 779 859 14 165 238 9999 1994 951 
1659 1735 1110 1704 1192 1553 1547 317 574 785 928 837 1709 1076 7762 1682 1729 700 1515 1313 1659 1988 1863 1767 1994 9999 1784 
1481 1483 685 80 1089 1036 1090 1470 1270 1029 869 1049 100 719 7561 104 75 1188 320 617 161 937 991 809 951 1784 9999 
