NAME: ds_1011_courier_1520
TYPE: TSP
COMMENT: nil
DIMENSION: 14
EDGE_WEIGHT_TYPE: EXPLICIT
EDGE_WEIGHT_FORMAT: FULL_MATRIX
EDGE_WEIGHT_SECTION
9999 80 3902 186 259 1542 1406 1193 1566 600 996 255 275 3887 
80 9999 3954 263 337 1462 1330 1113 1495 608 1003 331 306 3939 
3902 3954 9999 3744 3797 4968 4587 4746 5375 3443 3163 3680 3654 48 
186 263 3744 9999 145 1715 1556 1370 1750 558 943 70 230 3728 
259 337 3797 145 9999 1797 1664 1446 1770 698 1077 159 375 3779 
1542 1462 4968 1715 1797 9999 421 357 820 1644 1823 1776 1618 4964 
1406 1330 4587 1556 1664 421 9999 471 1173 1362 1475 1607 1412 4585 
1193 1113 4746 1370 1446 357 471 9999 748 1354 1583 1432 1289 4740 
1566 1495 5375 1750 1770 820 1173 748 9999 1933 2233 1820 1761 5365 
600 608 3443 558 698 1644 1362 1354 1933 9999 397 545 336 3432 
996 1003 3163 943 1077 1823 1475 1583 2233 397 9999 919 729 3156 
255 331 3680 70 159 1776 1607 1432 1820 545 919 9999 238 3663 
275 306 3654 230 375 1618 1412 1289 1761 336 729 238 9999 3640 
3887 3939 48 3728 3779 4964 4585 4740 5365 3432 3156 3663 3640 9999 
