,0,1,2,3,4,5,6,7,8,9,10,11,12,13,14,15,16,17,18,19,20,21,22,23,24,25,26,27,28,29,30,31,32,33,34,35,36,37,38,39,40,41
0,0.0,842.8599750591511,2237.0042457222694,2176.0493241701483,2255.221606045292,2127.7134783269425,2349.4483876532904,2430.946563430518,1857.4695181396794,1998.7534123746696,2190.746010097276,2344.6745138622623,2447.462726843629,2434.0285512898645,1665.4541652645414,1789.0350293208523,2045.815280748417,1724.3790284183492,2055.890727424981,1722.7071319426843,1563.880301294266,1790.5771976840376,1595.055810401353,1843.8820154003377,1793.7862265759638,1659.341893345893,2162.651833515558,1613.0068566894624,1620.7101831088337,1708.3611787606378,1908.6807917357357,1418.4523169552454,1611.15738905909,1504.187644789065,1299.6323078168632,338.23868955006066,814.931678764729,1144.8637810213027,549.7941912469613,774.816644905244,1195.483519502396,1350.9508347357003
1,842.8599750591511,0.0,1406.715181861618,1378.3132906100534,1452.957112722713,1342.7774499626616,1695.734770443735,1602.131014588088,1183.119435143132,1322.1073915957052,1529.9247048288812,1620.8635491521231,1605.3503457994755,1601.3066147018662,894.5069484601768,967.8672882633252,1244.8168002519149,923.0161696806147,1230.0868658000156,922.9643860510772,721.3679918684071,1106.5231236506345,781.934835039394,1041.4658806983603,1052.1213377168235,904.9500625976389,1391.7470456797575,864.4133065499386,1011.7278897475079,1231.9065503276995,1227.8868930294234,957.4663031086085,1335.467246372875,1338.2407574267802,799.985695322796,560.5639550604011,132.39812825390158,427.256990494778,542.0181461229679,446.0041068822888,879.4400139851849,946.1690808460314
2,2237.0042457222694,1406.715181861618,0.0,276.3550532434985,250.41126040889162,356.3132523332861,970.415180002565,195.70912259269738,812.9391010342532,799.4373595561265,886.012002417161,693.8722247575848,451.3881650907946,641.6411110222526,650.3447950910343,451.8051029260037,299.1768891703678,542.6853517990448,185.3936841957997,884.4979318016307,733.722102574459,798.727060785886,648.2447480273837,437.26363196691483,1094.611889461019,1064.348142398547,1017.1657458841419,1090.1283139945278,1440.0727689227404,1755.018869921644,1306.9604165863884,1683.9606245723967,2099.9924018681177,2229.43145312048,1593.5435052657529,1919.4509502332967,1475.7221089508557,1301.1734254208386,1904.707152320057,1711.4930570357778,1837.757529833652,1757.3337327990332
3,2176.0493241701483,1378.3132906100534,276.3550532434985,0.0,82.8363235515599,86.53273925029997,700.609965087504,360.6624152932066,564.4457419644638,531.0946060629441,609.8464406358885,435.8875680592553,726.6181713536439,916.9319836127502,515.8772522578998,428.1818359898552,133.8413092140516,455.7811166233538,250.1534624972746,1044.4610280193551,798.1366473217505,565.8044105975132,597.3473467193554,336.85049303958914,1277.543180546078,1220.6163025990481,1256.6192045928462,1237.8843912466818,1596.5931994743503,1918.2417437640406,1506.3148416235454,1810.348110688106,2240.048991827093,2351.8044852138087,1701.8700854709791,1845.9565003184032,1467.704315373601,1358.471860326371,1905.2878356235958,1736.0940465447154,1932.4869325056793,1873.8848423863699
4,2255.221606045292,1452.957112722713,250.41126040889162,82.8363235515599,0.0,160.30466999760299,722.2433225807196,292.6677050106205,636.3298765353163,591.337988992559,648.0737994600352,443.49540191438615,688.0076790602346,888.6256172284869,597.5731998370363,494.33346706142726,209.55142959663635,532.3846079201932,282.1629747983669,1077.6330967503343,853.7262266274474,642.4126232877759,671.06835902625,412.7886516815288,1304.281916133846,1255.798479789381,1259.3418936733515,1275.6816598818675,1632.9009954595228,1953.0800713310575,1527.6684705568196,1855.7936732631538,2282.364448052655,2399.1298163324914,1751.7614982887594,1925.9760343854616,1539.7442412031937,1418.8619608788533,1976.8113173678146,1803.513427741849,1986.1134284396198,1922.041064045549
5,2127.7134783269425,1342.7774499626616,356.3132523332861,86.53273925029997,160.30466999760299,0.0,637.2266744753166,446.7047075235186,478.44388968677674,445.73883295778745,535.1900824186547,389.2666070995184,807.6931568980274,992.8860567617286,462.3679271471821,418.6687986489809,129.33932350797238,422.04497226133947,295.4579073339707,1071.7279002011526,799.3334390911908,482.19636401470757,568.4965480759661,308.70600350643764,1310.4760084697512,1244.7940934463343,1311.2930373458023,1259.035850677538,1618.2590948159518,1940.8709104858617,1543.8694085065672,1820.6593917131722,2253.50784015264,2358.8964866211104,1706.6907651024499,1795.188570050317,1437.5832271845384,1349.223149066872,1875.427411647663,1714.2295835591515,1931.788007717113,1880.622526271098
6,2349.4483876532904,1695.734770443735,970.415180002565,700.609965087504,722.2433225807196,637.2266744753166,0.0,981.8767182462632,512.6939192774996,374.5638352612032,165.83536937331692,288.9429810072345,1408.0298198757262,1610.8255333915474,858.0662573206571,979.2426930390432,753.7384316628983,914.0689056415553,931.7652925473358,1674.2488937112262,1348.4564005783327,589.2862927492293,1045.1700640461854,849.195159661135,1920.6838399561852,1837.6703091678603,1947.5558559306403,1844.4886531570555,2199.306302725168,2520.8693931256994,2160.5207794611765,2364.4537173446433,2802.148905661745,2883.5282870844867,2233.4752382440874,2013.1471815671587,1815.701261281296,1832.6622837742318,2234.1234954565966,2123.7867849027634,2432.7265559282946,2410.9349281960363
7,2430.946563430518,1602.131014588088,195.70912259269738,360.6624152932066,292.6677050106205,446.7047075235186,981.8767182462632,0.0,925.0778667140546,883.9562344960082,928.512504271988,693.3812119241935,443.9181815734683,663.694279301891,822.5036537105019,643.0223446792173,440.99424907431836,725.0474827014391,375.4027447220735,1048.2303470194615,926.4106088617782,924.8379005874722,838.9692034883357,612.8165707855981,1241.9781482909982,1226.875730949876,1115.3416963530076,1256.224954164321,1598.3345568888883,1907.4064260593436,1439.856808468141,1853.9868871523372,2262.292297465401,2398.7680740551064,1770.4800909553244,2111.742001608765,1671.3966509299248,1491.6355863999952,2099.9515320949713,1905.1812917126153,2017.8201365820128,1930.6731056050317
8,1857.4695181396794,1183.119435143132,812.9391010342532,564.4457419644638,636.3298765353163,478.44388968677674,512.6939192774996,925.0778667140546,0.0,142.19624529916055,346.9779614349117,500.11145470038565,1254.7539043270153,1414.045383587709,390.4593121779792,594.0960088487691,515.7221606876291,489.22833436341836,683.086556982257,1272.794027111338,909.8183376595041,78.06765725059054,587.8566231590014,480.4286654022707,1522.4053493568974,1418.006994937049,1626.5954775229802,1416.3351708904056,1758.4874687060415,2074.2017354653544,1767.6053984143516,1892.929036701947,2329.20645639172,2397.4981500804897,1754.269658446255,1519.4171875348586,1303.78091724223,1341.0083147930588,1721.5320283418582,1613.2878527203577,1940.350409330559,1931.4586922733629
9,1998.7534123746696,1322.1073915957052,799.4373595561265,531.0946060629441,591.337988992559,445.73883295778745,374.5638352612032,883.9562344960082,142.19624529916055,0.0,209.0408997339774,371.38849006368997,1249.8734264722552,1425.0035865859143,496.37420040289777,661.8486592899836,516.9151339116263,573.5894990442998,697.0568712530106,1355.766469707871,1006.3766383486612,215.9819490994187,690.6653702817079,536.872153007241,1605.3528070680136,1509.1014202259976,1681.2677594863594,1510.9364759249352,1859.3433258043908,2178.0568186615997,1849.403391173858,2007.3278325370918,2444.6457770954507,2519.063962493248,1872.0968970241904,1660.8143608632781,1441.3571061265357,1464.6842150823609,1861.5711387033034,1749.2258673839315,2064.865434225282,2049.5859618928375
10,2190.746010097276,1529.9247048288812,886.012002417161,609.8464406358885,648.0737994600352,535.1900824186547,165.83536937331692,928.512504271988,346.9779614349117,209.0408997339774,0.0,277.57621461477396,1334.2447592724504,1526.627000444373,698.3064815080077,836.9257445535212,638.4600757509636,762.5693839434201,820.9409423877454,1534.2056163955308,1197.7938498579315,423.4525337522416,888.7234755049572,707.6153798235795,1782.443064651301,1693.596714288123,1830.3928115593872,1698.26900950229,2050.619866327878,2371.103863330748,2024.4580149772457,2208.066481790902,2645.7052534201357,2723.7412341495947,2075.052419255306,1853.7195680781072,1649.887334409464,1670.9614465384172,2068.5010775217715,1958.1710797778096,2271.1849413645295,2252.573349586338
11,2344.6745138622623,1620.8635491521231,693.8722247575848,435.8875680592553,443.49540191438615,389.2666070995184,288.9429810072345,693.3812119241935,500.11145470038565,371.38849006368997,277.57621461477396,0.0,1123.3009097536278,1330.0002790611836,732.9474844663401,784.2593396655528,516.8112071817696,749.6233644967374,681.2497128581716,1458.9830116481137,1166.7168543900236,557.9695985279619,894.1500515808541,658.6641371026456,1699.2601624270915,1630.2144549024915,1692.5058146922831,1642.5146435067059,2001.3349191427144,2324.190847032382,1933.1340723773412,2192.048585745661,2627.640230119219,2724.533071835489,2071.1841776644933,2006.5503606598734,1730.2164793898107,1692.8446648981758,2162.6250631417847,2025.6149610790226,2286.6105585791734,2247.1308254394453
12,2447.462726843629,1605.3503457994755,451.3881650907946,726.6181713536439,688.0076790602346,807.6931568980274,1408.0298198757262,443.9181815734683,1254.7539043270153,1249.8734264722552,1334.2447592724504,1123.3009097536278,0.0,223.8404107723012,1027.703658832297,780.0631608620106,739.6898551494389,899.9946003732055,577.2088290868038,830.463996405938,884.0442203750144,1232.268077899559,955.1871402902311,824.4857471368811,955.4372807749628,988.7723881925393,732.7873189127475,1028.940958177934,1326.2242635295936,1608.5524506008155,1107.1797708086738,1614.514523529494,1985.9563024355941,2144.7531599310637,1563.2408890848953,2155.8876285090196,1641.6173568652764,1380.9441901314246,2036.6930360184344,1815.467193297832,1818.7366791840254,1702.5258131188152
13,2434.0285512898645,1601.3066147018662,641.6411110222526,916.9319836127502,888.6256172284869,992.8860567617286,1610.8255333915474,663.694279301891,1414.045383587709,1425.0035865859143,1526.627000444373,1330.0002790611836,223.8404107723012,0.0,1143.0382666795251,885.5530442574194,908.2417708058784,1010.7764265681553,731.6315796861917,743.7966388439752,894.4460319314937,1382.582112286365,1036.5253303330394,955.7358730939612,815.7830319864095,877.8502186086769,538.2682040561352,922.4034422236656,1181.8627442686704,1443.9533486068544,933.1850334293532,1481.8000943524723,1828.5006763287893,1997.057359336079,1449.1445424022497,2160.5361846676556,1619.6714101898806,1324.8465006236188,1988.8031527086414,1758.1993839013296,1703.8823603972369,1574.2604909503277
14,1665.4541652645414,894.5069484601768,650.3447950910343,515.8772522578998,597.5731998370363,462.3679271471821,858.0662573206571,822.5036537105019,390.4593121779792,496.37420040289777,698.3064815080077,732.9474844663401,1027.703658832297,1143.0382666795251,0.0,258.39711817426513,392.8807630872462,132.75626855694802,470.9699417422013,888.4288697128195,519.7861412325166,321.2224773249267,197.39965085329976,213.22151678144874,1137.1076807069417,1028.8093085951525,1270.6556821671852,1026.2035010299821,1368.3266152309002,1684.9152353724355,1382.4312273441417,1511.0220329676765,1948.4316029287309,2025.6787000788777,1376.7983484181646,1332.8693026913204,999.1835841915286,975.3596637461967,1434.2150670218111,1292.6764511487868,1575.0437093446712,1554.3212918197162
15,1789.0350293208523,967.8672882633252,451.8051029260037,428.1818359898552,494.33346706142726,418.6687986489809,979.2426930390432,643.0223446792173,594.0960088487691,661.8486592899836,836.9257445535212,784.2593396655528,780.0631608620106,885.5530442574194,258.39711817426513,0.0,297.2140355936532,125.64797848289841,267.6730391758732,697.308505164611,383.183537982131,540.4049273637089,196.44055751002432,130.0486871836958,945.9150404861178,858.4296191076656,1033.2280409790592,865.8583461400085,1222.4557201066748,1544.9387156967741,1188.8899872166905,1408.1568430756445,1843.4056444920702,1943.2013091991876,1290.2114550166687,1468.7201612293545,1048.403309591553,931.9319690688139,1484.3544073691232,1309.236795895904,1513.2504515894368,1465.1314135804898
16,2045.815280748417,1244.8168002519149,299.1768891703678,133.8413092140516,209.55142959663635,129.33932350797238,753.7384316628983,440.99424907431836,515.7221606876291,516.9151339116263,638.4600757509636,516.8112071817696,739.6898551494389,908.2417708058784,392.8807630872462,297.2140355936532,0.0,323.00029696873077,183.0507540214807,942.7876835788844,673.618025472495,499.5543589411327,463.5613946638073,203.5828785329255,1182.455364078036,1115.525338839345,1194.6106076909127,1129.6983597111405,1488.9226515729868,1811.5316229354826,1417.0384383794783,1692.7281889679912,2125.0019311915553,2231.893570994964,1580.2613327401777,1717.0442864192237,1333.86302137562,1229.0546813615897,1771.4537942559898,1603.0381508680923,1807.5054746486364,1753.6400470773713
17,1724.3790284183492,923.0161696806147,542.6853517990448,455.7811166233538,532.3846079201932,422.04497226133947,914.0689056415553,725.0474827014391,489.22833436341836,573.5894990442998,762.5693839434201,749.6233644967374,899.9946003732055,1010.7764265681553,132.75626855694802,125.64797848289841,323.00029696873077,0.0,358.3243229249339,784.8025062495509,435.228328812494,428.8907476047435,147.67771848340294,119.6739828540969,1034.5984348589157,935.5346346867104,1147.1676354922665,937.6248456294239,1288.1923565486036,1608.5378179992354,1279.506799743378,1452.473269017272,1889.918672392245,1978.615862721686,1325.8413140026241,1397.5405586567201,1015.6540888565844,943.5606499957539,1453.5262716572067,1293.8284129346664,1537.2619970405365,1502.7210864987053
18,2055.890727424981,1230.0868658000156,185.3936841957997,250.1534624972746,282.1629747983669,295.4579073339707,931.7652925473358,375.4027447220735,683.086556982257,697.0568712530106,820.9409423877454,681.2497128581716,577.2088290868038,731.6315796861917,470.9699417422013,267.6730391758732,183.0507540214807,358.3243229249339,0.0,796.987398126734,583.0861056898793,656.0136245556773,463.86873703963374,258.3355728748244,1027.7789631782698,974.4751499238512,1015.9888964143724,993.7250050013507,1351.3525012641,1672.059872434316,1256.1901912811686,1574.2866061355885,2000.2383888190125,2118.1389644909545,1472.3772883976892,1736.3613668394532,1304.3323026088233,1152.3653081621821,1736.976950732703,1551.1745814439691,1709.4608503032641,1641.5739076527743
19,1722.7071319426843,922.9643860510772,884.4979318016307,1044.4610280193551,1077.6330967503343,1071.7279002011526,1674.2488937112262,1048.2303470194615,1272.794027111338,1355.766469707871,1534.2056163955308,1458.9830116481137,830.463996405938,743.7966388439752,888.4288697128195,697.308505164611,942.7876835788844,784.8025062495509,796.987398126734,0.0,382.4906294194659,1208.2184406930246,697.015255372967,826.6912884337466,249.80189987516326,179.8665420326604,477.9086835443466,208.4330873523074,556.6108656344506,875.4886333717486,494.8204106595861,807.2391522567567,1215.7783579919903,1350.9909462854248,737.3587429141288,1478.4064978488507,912.1796768684821,587.8694305187074,1251.0856793601022,1017.0906368139971,991.6845257404887,887.6780131212007
20,1563.880301294266,721.3679918684071,733.722102574459,798.1366473217505,853.7262266274474,799.3334390911908,1348.4564005783327,926.4106088617782,909.8183376595041,1006.3766383486612,1197.7938498579315,1166.7168543900236,884.0442203750144,894.4460319314937,519.7861412325166,383.183537982131,673.618025472495,435.228328812494,583.0861056898793,382.4906294194659,0.0,840.8499208923851,323.1184809466535,508.4287556063446,624.9468134076347,509.57878487829436,824.122754879883,506.5171245789324,853.252281683765,1173.310338949062,869.0745482914938,1025.3317462865741,1461.2630331610642,1560.1952524437497,907.4857297288469,1273.6270947379987,764.6835406798467,569.6247009300627,1180.3375426856592,979.13430067301,1134.4170514768114,1082.0411715789064
21,1790.5771976840376,1106.5231236506345,798.727060785886,565.8044105975132,642.4126232877759,482.19636401470757,589.2862927492293,924.8379005874722,78.06765725059054,215.9819490994187,423.4525337522416,557.9695985279619,1232.268077899559,1382.582112286365,321.2224773249267,540.4049273637089,499.5543589411327,428.8907476047435,656.0136245556773,1208.2184406930246,840.8499208923851,0.0,517.9111532039258,434.9970856033878,1457.3891469235093,1350.0249903402498,1573.378061699117,1347.0726348636383,1686.7709423483416,2001.3825112797608,1702.7218069742999,1817.2870144910619,2253.2279053692814,2320.306071787293,1677.8842770602328,1452.3516966230836,1226.5735081677533,1263.62430667986,1645.6483897508058,1535.6522956731192,1862.7590832152673,1854.9705838905672
22,1595.055810401353,781.934835039394,648.2447480273837,597.3473467193554,671.06835902625,568.4965480759661,1045.1700640461854,838.9692034883357,587.8566231590014,690.6653702817079,888.7234755049572,894.1500515808541,955.1871402902311,1036.5253303330394,197.39965085329976,196.44055751002432,463.5613946638073,147.67771848340294,463.86873703963374,697.015255372967,323.1184809466535,517.9111532039258,0.0,261.334352980679,944.2037715522504,832.6390138673388,1100.2972588626983,829.1614861866599,1171.0966136875386,1488.2316138829258,1189.2745131579952,1319.541540287411,1757.2334911580524,1840.2154536900534,1188.7709988790004,1273.0510021169553,870.6919089910855,798.8966411816197,1308.4850856896135,1146.3436485581396,1395.0360949977014,1366.12419825999
23,1843.8820154003377,1041.4658806983603,437.26363196691483,336.85049303958914,412.7886516815288,308.70600350643764,849.195159661135,612.8165707855981,480.4286654022707,536.872153007241,707.6153798235795,658.6641371026456,824.4857471368811,955.7358730939612,213.22151678144874,130.0486871836958,203.5828785329255,119.6739828540969,258.3355728748244,826.6912884337466,508.4287556063446,434.9970856033878,261.334352980679,0.0,1074.8394320436169,988.4756317787794,1148.2844423270633,995.778393924032,1352.0297481734028,1674.3733367909908,1317.2007049993526,1533.6209057616582,1969.6895244642692,2066.162708060895,1412.8284974946523,1516.5312697414347,1131.9985452338044,1043.6868851291024,1569.811468232619,1405.6909687131895,1631.5658429269315,1588.562411411707
24,1793.7862265759638,1052.1213377168235,1094.611889461019,1277.543180546078,1304.281916133846,1310.4760084697512,1920.6838399561852,1241.9781482909982,1522.4053493568974,1605.3528070680136,1782.443064651301,1699.2601624270915,955.4372807749628,815.7830319864095,1137.1076807069417,945.9150404861178,1182.455364078036,1034.5984348589157,1027.7789631782698,249.80189987516326,624.9468134076347,1457.3891469235093,944.2037715522504,1074.8394320436169,0.0,148.62836438955043,377.0151193264079,187.82727022067144,370.79193463854267,666.0888529700172,245.33798693414724,666.0356976539241,1033.0111559311922,1189.3785372400635,642.7918825286597,1585.1470950112607,1011.7101641041528,654.4681460766443,1282.3515914939646,1041.7907616567538,894.0336249528679,758.7376931982752
25,1659.341893345893,904.9500625976389,1064.348142398547,1220.6163025990481,1255.798479789381,1244.7940934463343,1837.6703091678603,1226.875730949876,1418.006994937049,1509.1014202259976,1693.596714288123,1630.2144549024915,988.7723881925393,877.8502186086769,1028.8093085951525,858.4296191076656,1115.525338839345,935.5346346867104,974.4751499238512,179.8665420326604,509.57878487829436,1350.0249903402498,832.6390138673388,988.4756317787794,148.62836438955043,0.0,503.3390355279762,47.63821229755138,377.2728606475915,697.6946812052538,370.24921258533163,632.2855962321266,1036.1557711946155,1173.9516649045745,575.1318736469924,1442.205974306795,868.5749757775066,515.4206969764259,1158.7303221373488,919.1788876412397,830.7754591193919,716.1652993244148
26,2162.651833515558,1391.7470456797575,1017.1657458841419,1256.6192045928462,1259.3418936733515,1311.2930373458023,1947.5558559306403,1115.3416963530076,1626.5954775229802,1681.2677594863594,1830.3928115593872,1692.5058146922831,732.7873189127475,538.2682040561352,1270.6556821671852,1033.2280409790592,1194.6106076909127,1147.1676354922665,1015.9888964143724,477.9086835443466,824.122754879883,1573.378061699117,1100.2972588626983,1148.2844423270633,377.0151193264079,503.3390355279762,0.0,549.9386337720395,694.1499593066512,919.9132264978961,407.1716944232134,1002.9114872594422,1308.573796035022,1486.9880013375016,1006.0538066899392,1939.4996350724048,1366.9521285685646,1018.2623268663127,1658.0277657837294,1417.6254289439462,1249.6195736479124,1100.1943293306958
27,1613.0068566894624,864.4133065499386,1090.1283139945278,1237.8843912466818,1275.6816598818675,1259.035850677538,1844.4886531570555,1256.224954164321,1416.3351708904056,1510.9364759249352,1698.26900950229,1642.5146435067059,1028.940958177934,922.4034422236656,1026.2035010299821,865.8583461400085,1129.6983597111405,937.6248456294239,993.7250050013507,208.4330873523074,506.5171245789324,1347.0726348636383,829.1614861866599,995.778393924032,187.82727022067144,47.63821229755138,549.9386337720395,0.0,359.2284819183515,681.8945676939023,392.4261592452598,598.8190430061526,1010.1334555230148,1142.6827808855355,534.3151378073567,1398.4307678641917,824.8154896986686,469.8412218660145,1111.2035090536754,871.5921875893093,789.8003637366895,680.043182049022
28,1620.7101831088337,1011.7278897475079,1440.0727689227404,1596.5931994743503,1632.9009954595228,1618.2590948159518,2199.306302725168,1598.3345568888883,1758.4874687060415,1859.3433258043908,2050.619866327878,2001.3349191427144,1326.2242635295936,1181.8627442686704,1368.3266152309002,1222.4557201066748,1488.9226515729868,1288.1923565486036,1351.3525012641,556.6108656344506,853.252281683765,1686.7709423483416,1171.0966136875386,1352.0297481734028,370.79193463854267,377.2728606475915,694.1499593066512,359.2284819183515,0.0,322.8586193267325,317.02614213122695,308.793411164801,665.4765308864905,818.6098522058933,340.17078995416233,1472.8476465671458,928.7024354857413,586.1721229324045,1077.097709316213,845.946039072873,562.2310696123535,406.4004055829148
29,1708.3611787606378,1231.9065503276995,1755.018869921644,1918.2417437640406,1953.0800713310575,1940.8709104858617,2520.8693931256994,1907.4064260593436,2074.2017354653544,2178.0568186615997,2371.103863330748,2324.190847032382,1608.5524506008155,1443.9533486068544,1684.9152353724355,1544.9387156967741,1811.5316229354826,1608.5378179992354,1672.059872434316,875.4886333717486,1173.310338949062,2001.3825112797608,1488.2316138829258,1674.3733367909908,666.0888529700172,697.6946812052538,919.9132264978961,681.8945676939023,322.8586193267325,0.0,513.2081738991332,294.4164315894768,389.3312908337906,576.5251385348619,440.10313736850344,1619.8738503047866,1127.5405328220054,829.6978162721086,1160.2707074964983,960.154811893412,524.8457748796823,358.54567923697334
30,1908.6807917357357,1227.8868930294234,1306.9604165863884,1506.3148416235454,1527.6684705568196,1543.8694085065672,2160.5207794611765,1439.856808468141,1767.6053984143516,1849.403391173858,2024.4580149772457,1933.1340723773412,1107.1797708086738,933.1850334293532,1382.4312273441417,1188.8899872166905,1417.0384383794783,1279.506799743378,1256.1901912811686,494.8204106595861,869.0745482914938,1702.7218069742999,1189.2745131579952,1317.2007049993526,245.33798693414724,370.24921258533163,407.1716944232134,392.4261592452598,317.02614213122695,513.2081738991332,0.0,618.2480741388696,901.468000256921,1080.6081683854513,654.808502624313,1732.9064702719788,1167.5919645633096,807.0659689901985,1373.8241574985211,1136.7858942515031,877.7987100845884,716.6537600694996
31,1418.4523169552454,957.4663031086085,1683.9606245723967,1810.348110688106,1855.7936732631538,1820.6593917131722,2364.4537173446433,1853.9868871523372,1892.929036701947,2007.3278325370918,2208.066481790902,2192.048585745661,1614.514523529494,1481.8000943524723,1511.0220329676765,1408.1568430756445,1692.7281889679912,1452.473269017272,1574.2866061355885,807.2391522567567,1025.3317462865741,1817.2870144910619,1319.541540287411,1533.6209057616582,666.0356976539241,632.2855962321266,1002.9114872594422,598.8190430061526,308.793411164801,294.4164315894768,618.2480741388696,0.0,437.70112760641405,545.4720163201426,157.89605350084182,1325.704584840026,845.9450896935232,582.1325098162042,869.1146532740021,665.73935444083,265.6616445144553,98.4107854244847
32,1611.15738905909,1335.467246372875,2099.9924018681177,2240.048991827093,2282.364448052655,2253.50784015264,2802.148905661745,2262.292297465401,2329.20645639172,2444.6457770954507,2645.7052534201357,2627.640230119219,1985.9563024355941,1828.5006763287893,1948.4316029287309,1843.4056444920702,2125.0019311915553,1889.918672392245,2000.2383888190125,1215.7783579919903,1461.2630331610642,2253.2279053692814,1757.2334911580524,1969.6895244642692,1033.0111559311922,1036.1557711946155,1308.573796035022,1010.1334555230148,665.4765308864905,389.3312908337906,901.468000256921,437.70112760641405,0.0,202.11577539361085,577.0920764424975,1601.4662767794382,1211.227632262108,1003.6923309275967,1096.261526665343,959.0009905747199,464.6352912351469,402.99561487906374
33,1504.187644789065,1338.2407574267802,2229.43145312048,2351.8044852138087,2399.1298163324914,2358.8964866211104,2883.5282870844867,2398.7680740551064,2397.4981500804897,2519.063962493248,2723.7412341495947,2724.533071835489,2144.7531599310637,1997.057359336079,2025.6787000788777,1943.2013091991876,2231.893570994964,1978.615862721686,2118.1389644909545,1350.9909462854248,1560.1952524437497,2320.306071787293,1840.2154536900534,2066.162708060895,1189.3785372400635,1173.9516649045745,1486.9880013375016,1142.6827808855355,818.6098522058933,576.5251385348619,1080.6081683854513,545.4720163201426,202.11577539361085,0.0,653.351215704374,1533.9009481115506,1208.3208772905266,1057.0344802756736,1021.3950752276763,925.0697990716931,464.8907263360539,478.2753969011536
34,1299.6323078168632,799.985695322796,1593.5435052657529,1701.8700854709791,1751.7614982887594,1706.6907651024499,2233.4752382440874,1770.4800909553244,1754.269658446255,1872.0968970241904,2075.052419255306,2071.1841776644933,1563.2408890848953,1449.1445424022497,1376.7983484181646,1290.2114550166687,1580.2613327401777,1325.8413140026241,1472.3772883976892,737.3587429141288,907.4857297288469,1677.8842770602328,1188.7709988790004,1412.8284974946523,642.7918825286597,575.1318736469924,1006.0538066899392,534.3151378073567,340.17078995416233,440.10313736850344,654.808502624313,157.89605350084182,577.0920764424975,653.351215704374,0.0,1185.0369109260946,690.1007215680621,428.88027282456164,750.789754969872,531.8351070714581,255.64378183676013,177.52294416973365
35,338.23868955006066,560.5639550604011,1919.4509502332967,1845.9565003184032,1925.9760343854616,1795.188570050317,2013.1471815671587,2111.742001608765,1519.4171875348586,1660.8143608632781,1853.7195680781072,2006.5503606598734,2155.8876285090196,2160.5361846676556,1332.8693026913204,1468.7201612293545,1717.0442864192237,1397.5405586567201,1736.3613668394532,1478.4064978488507,1273.6270947379987,1452.3516966230836,1273.0510021169553,1516.5312697414347,1585.1470950112607,1442.205974306795,1939.4996350724048,1398.4307678641917,1472.8476465671458,1619.8738503047866,1732.9064702719788,1325.704584840026,1601.4662767794382,1533.9009481115506,1185.0369109260946,0.0,573.6449766055418,932.3096985936661,512.6486646162942,661.5287461400378,1147.7137136216743,1277.5792294508801
36,814.931678764729,132.39812825390158,1475.7221089508557,1467.704315373601,1539.7442412031937,1437.5832271845384,1815.701261281296,1671.3966509299248,1303.78091724223,1441.3571061265357,1649.887334409464,1730.2164793898107,1641.6173568652764,1619.6714101898806,999.1835841915286,1048.403309591553,1333.86302137562,1015.6540888565844,1304.3323026088233,912.1796768684821,764.6835406798467,1226.5735081677533,870.6919089910855,1131.9985452338044,1011.7101641041528,868.5749757775066,1366.9521285685646,824.8154896986686,928.7024354857413,1127.5405328220054,1167.5919645633096,845.9450896935232,1211.227632262108,1208.3208772905266,690.1007215680621,573.6449766055418,0.0,361.2936922553853,437.87753373455996,315.27678479874004,751.993774912808,827.5428763092862
37,1144.8637810213027,427.256990494778,1301.1734254208386,1358.471860326371,1418.8619608788533,1349.223149066872,1832.6622837742318,1491.6355863999952,1341.0083147930588,1464.6842150823609,1670.9614465384172,1692.8446648981758,1380.9441901314246,1324.8465006236188,975.3596637461967,931.9319690688139,1229.0546813615897,943.5606499957539,1152.3653081621821,587.8694305187074,569.6247009300627,1263.62430667986,798.8966411816197,1043.6868851291024,654.4681460766443,515.4206969764259,1018.2623268663127,469.8412218660145,586.1721229324045,829.6978162721086,807.0659689901985,582.1325098162042,1003.6923309275967,1057.0344802756736,428.88027282456164,932.3096985936661,361.2936922553853,0.0,664.2123305794211,435.0755020558689,600.2320097868923,600.7622637778032
38,549.7941912469613,542.0181461229679,1904.707152320057,1905.2878356235958,1976.8113173678146,1875.427411647663,2234.1234954565966,2099.9515320949713,1721.5320283418582,1861.5711387033034,2068.5010775217715,2162.6250631417847,2036.6930360184344,1988.8031527086414,1434.2150670218111,1484.3544073691232,1771.4537942559898,1453.5262716572067,1736.976950732703,1251.0856793601022,1180.3375426856592,1645.6483897508058,1308.4850856896135,1569.811468232619,1282.3515914939646,1158.7303221373488,1658.0277657837294,1111.2035090536754,1077.097709316213,1160.2707074964983,1373.8241574985211,869.1146532740021,1096.261526665343,1021.3950752276763,750.789754969872,512.6486646162942,437.87753373455996,664.2123305794211,0.0,240.59533845823157,655.9783454172501,804.3905485548978
39,774.816644905244,446.0041068822888,1711.4930570357778,1736.0940465447154,1803.513427741849,1714.2295835591515,2123.7867849027634,1905.1812917126153,1613.2878527203577,1749.2258673839315,1958.1710797778096,2025.6149610790226,1815.467193297832,1758.1993839013296,1292.6764511487868,1309.236795895904,1603.0381508680923,1293.8284129346664,1551.1745814439691,1017.0906368139971,979.13430067301,1535.6522956731192,1146.3436485581396,1405.6909687131895,1041.7907616567538,919.1788876412397,1417.6254289439462,871.5921875893093,845.946039072873,960.154811893412,1136.7858942515031,665.73935444083,959.0009905747199,925.0697990716931,531.8351070714581,661.5287461400378,315.27678479874004,435.0755020558689,240.59533845823157,0.0,495.76333358366486,616.2551150961408
40,1195.483519502396,879.4400139851849,1837.757529833652,1932.4869325056793,1986.1134284396198,1931.788007717113,2432.7265559282946,2017.8201365820128,1940.350409330559,2064.865434225282,2271.1849413645295,2286.6105585791734,1818.7366791840254,1703.8823603972369,1575.0437093446712,1513.2504515894368,1807.5054746486364,1537.2619970405365,1709.4608503032641,991.6845257404887,1134.4170514768114,1862.7590832152673,1395.0360949977014,1631.5658429269315,894.0336249528679,830.7754591193919,1249.6195736479124,789.8003637366895,562.2310696123535,524.8457748796823,877.7987100845884,265.6616445144553,464.6352912351469,464.8907263360539,255.64378183676013,1147.7137136216743,751.993774912808,600.2320097868923,655.9783454172501,495.76333358366486,0.0,172.72832461653482
41,1350.9508347357003,946.1690808460314,1757.3337327990332,1873.8848423863699,1922.041064045549,1880.622526271098,2410.9349281960363,1930.6731056050317,1931.4586922733629,2049.5859618928375,2252.573349586338,2247.1308254394453,1702.5258131188152,1574.2604909503277,1554.3212918197162,1465.1314135804898,1753.6400470773713,1502.7210864987053,1641.5739076527743,887.6780131212007,1082.0411715789064,1854.9705838905672,1366.12419825999,1588.562411411707,758.7376931982752,716.1652993244148,1100.1943293306958,680.043182049022,406.4004055829148,358.54567923697334,716.6537600694996,98.4107854244847,402.99561487906374,478.2753969011536,177.52294416973365,1277.5792294508801,827.5428763092862,600.7622637778032,804.3905485548978,616.2551150961408,172.72832461653482,0.0
