NAME: ds_830_courier_75
TYPE: TSP
COMMENT: nil
DIMENSION: 41
EDGE_WEIGHT_TYPE: EXPLICIT
EDGE_WEIGHT_FORMAT: FULL_MATRIX
EDGE_WEIGHT_SECTION
9999 2124 2180 2066 2284 2446 2503 2491 2491 2372 2608 2537 1694 1640 1985 1488 1764 1623 1821 1630 1306 1649 1916 2044 1921 1814 1986 1892 1729 1600 990 1690 1695 1466 526 353 659 1074 995 1369 3878 
2124 9999 74 380 825 806 664 367 401 404 493 688 516 561 139 1235 1047 915 997 683 830 479 210 114 233 334 285 1730 1669 1430 1922 2091 1974 1933 1964 1804 1498 1407 1575 1426 3631 
2180 74 9999 351 777 746 595 318 379 421 430 708 544 593 202 1309 1119 989 1068 757 892 542 264 140 268 375 283 1801 1742 1504 1994 2165 2047 2007 2030 1863 1548 1479 1646 1500 3690 
2066 380 351 9999 466 502 455 598 706 772 632 1059 377 429 379 1459 1331 1161 1293 902 872 573 362 289 285 339 142 2012 1929 1677 2046 2322 2212 2138 2002 1780 1411 1537 1697 1627 3982 
2284 825 777 466 9999 193 384 915 1060 1182 865 1461 730 768 844 1900 1792 1614 1757 1353 1246 1003 827 750 748 780 605 2469 2380 2125 2422 2757 2652 2562 2313 2044 1630 1929 2080 2055 4447 
2446 806 746 502 193 9999 226 816 971 1119 738 1387 833 877 856 1961 1824 1660 1782 1403 1350 1072 856 755 784 840 642 2507 2429 2178 2530 2824 2714 2639 2448 2193 1789 2027 2183 2128 4435 
2503 664 595 455 384 226 9999 606 764 928 515 1186 828 879 744 1875 1708 1562 1660 1314 1327 1014 763 641 704 783 577 2392 2326 2082 2497 2737 2623 2565 2457 2228 1844 1985 2147 2054 4268 
2491 367 318 598 915 816 606 9999 159 351 165 582 859 909 505 1514 1278 1191 1216 995 1193 844 576 458 586 693 579 1939 1903 1684 2246 2345 2222 2209 2318 2168 1864 1737 1905 1716 3697 
2491 401 379 706 1060 971 764 159 9999 212 303 423 916 962 527 1428 1173 1108 1108 937 1185 845 603 510 633 733 660 1819 1793 1584 2183 2241 2116 2116 2286 2159 1881 1681 1848 1634 3542 
2372 404 421 772 1182 1119 928 351 212 9999 509 286 895 934 490 1233 969 919 902 774 1072 754 564 516 618 701 690 1608 1584 1380 2004 2034 1909 1915 2133 2032 1786 1510 1675 1441 3350 
2608 493 430 632 865 738 515 165 303 509 9999 714 943 996 630 1676 1443 1352 1381 1149 1321 971 694 564 688 796 649 2104 2068 1848 2399 2510 2387 2372 2456 2293 1971 1888 2056 1876 3843 
2537 688 708 1059 1461 1387 1186 582 423 286 714 9999 1162 1196 761 1266 968 982 895 908 1264 981 832 799 893 967 974 1533 1539 1370 2064 1996 1868 1909 2250 2190 1985 1599 1757 1474 3133 
1694 516 544 377 730 833 828 859 916 895 943 1162 9999 54 405 1188 1128 928 1108 670 518 310 332 407 284 195 297 1780 1677 1419 1698 2035 1934 1835 1629 1404 1042 1199 1353 1331 3834 
1640 561 593 429 768 877 879 909 962 934 996 1196 54 9999 445 1165 1118 914 1102 660 478 306 370 454 329 233 350 1762 1656 1397 1656 2006 1907 1803 1579 1351 988 1160 1312 1302 3828 
1985 139 202 379 844 856 744 505 527 490 630 761 405 445 9999 1133 969 818 926 573 691 341 77 104 133 213 248 1654 1583 1338 1796 1994 1879 1827 1828 1665 1361 1281 1448 1317 3603 
1488 1235 1309 1459 1900 1961 1875 1514 1428 1233 1676 1266 1188 1165 1133 9999 312 323 384 561 744 897 1113 1235 1179 1124 1319 617 493 235 803 864 754 699 1071 1146 1176 415 535 209 2745 
1764 1047 1119 1331 1792 1824 1708 1278 1173 969 1443 968 1128 1118 969 312 9999 217 73 458 796 818 970 1072 1046 1017 1189 685 627 412 1113 1068 944 950 1373 1414 1374 708 842 513 2711 
1623 915 989 1161 1614 1660 1562 1191 1108 919 1352 982 928 914 818 323 217 9999 233 262 579 621 806 922 877 834 1019 856 769 520 1089 1177 1061 1021 1279 1271 1185 618 775 526 2922 
1821 997 1068 1293 1757 1782 1660 1216 1108 902 1381 895 1108 1102 926 384 73 233 9999 444 808 799 932 1029 1009 987 1153 733 687 481 1186 1132 1008 1020 1439 1470 1413 773 911 586 2726 
1630 683 757 902 1353 1403 1314 995 937 774 1149 908 670 660 573 561 458 262 444 9999 410 361 552 675 620 573 761 1118 1028 775 1251 1424 1312 1254 1360 1281 1106 744 912 744 3168 
1306 830 892 872 1246 1350 1327 1193 1185 1072 1321 1264 518 478 691 744 796 579 808 410 9999 351 629 764 653 554 755 1360 1235 979 1180 1549 1458 1337 1144 976 721 683 834 849 3476 
1649 479 542 573 1003 1072 1014 844 845 754 971 981 310 306 341 897 818 621 799 361 351 9999 280 417 315 234 439 1476 1380 1123 1485 1755 1649 1567 1490 1325 1037 971 1135 1056 3525 
1916 210 264 362 827 856 763 576 603 564 694 832 332 370 77 1113 970 806 932 552 629 280 9999 137 81 137 222 1652 1574 1325 1754 1977 1864 1803 1770 1599 1288 1239 1405 1291 3627 
2044 114 140 289 750 755 641 458 510 516 564 799 407 454 104 1235 1072 922 1029 675 764 417 137 9999 128 235 177 1757 1686 1441 1889 2097 1983 1929 1907 1730 1409 1374 1541 1418 3697 
1921 233 268 285 748 784 704 586 633 618 688 893 284 329 133 1179 1046 877 1009 620 653 315 81 128 9999 108 144 1726 1645 1394 1799 2043 1932 1864 1797 1611 1283 1285 1450 1353 3708 
1814 334 375 339 780 840 783 693 733 701 796 967 195 233 213 1124 1017 834 987 573 554 234 137 235 108 9999 206 1690 1600 1346 1714 1985 1877 1799 1697 1505 1175 1202 1365 1288 3703 
1986 285 283 142 605 642 577 579 660 690 649 974 297 350 248 1319 1189 1019 1153 761 755 439 222 177 144 206 9999 1870 1788 1536 1920 2182 2072 2000 1894 1688 1337 1408 1570 1489 3847 
1892 1730 1801 2012 2469 2507 2392 1939 1819 1608 2104 1533 1780 1762 1654 617 685 856 733 1118 1360 1476 1652 1757 1726 1690 1870 9999 164 385 962 501 379 538 1389 1589 1729 893 909 581 2135 
1729 1669 1742 1929 2380 2429 2326 1903 1793 1584 2068 1539 1677 1656 1583 493 627 769 687 1028 1235 1380 1574 1686 1645 1600 1788 164 9999 259 811 456 328 422 1229 1425 1571 733 745 426 2284 
1600 1430 1504 1677 2125 2178 2082 1684 1584 1380 1848 1370 1419 1397 1338 235 412 520 481 775 979 1123 1325 1441 1394 1346 1536 385 259 9999 782 663 543 540 1135 1274 1364 545 607 232 2519 
990 1922 1994 2046 2422 2530 2497 2246 2183 2004 2399 2064 1698 1656 1796 803 1113 1089 1186 1251 1180 1485 1754 1889 1799 1714 1920 962 811 782 9999 700 710 480 464 766 1088 515 350 602 2889 
1690 2091 2165 2322 2757 2824 2737 2345 2241 2034 2510 1996 2035 2006 1994 864 1068 1177 1132 1424 1549 1755 1977 2097 2043 1985 2182 501 456 663 700 9999 128 242 1164 1451 1709 917 840 704 2190 
1695 1974 2047 2212 2652 2714 2623 2222 2116 1909 2387 1868 1934 1907 1879 754 944 1061 1008 1312 1458 1649 1864 1983 1932 1877 2072 379 328 543 710 128 9999 230 1171 1436 1665 850 794 609 2201 
1466 1933 2007 2138 2562 2639 2565 2209 2116 1915 2372 1909 1835 1803 1827 699 950 1021 1020 1254 1337 1567 1803 1929 1864 1799 2000 538 422 540 480 242 230 9999 941 1214 1467 684 599 512 2422 
526 1964 2030 2002 2313 2448 2457 2318 2286 2133 2456 2250 1629 1579 1828 1071 1373 1279 1439 1360 1144 1490 1770 1907 1797 1697 1894 1389 1229 1135 464 1164 1171 941 9999 359 773 667 538 913 3352 
353 1804 1863 1780 2044 2193 2228 2168 2159 2032 2293 2190 1404 1351 1665 1146 1414 1271 1470 1281 976 1325 1599 1730 1611 1505 1688 1589 1425 1274 766 1451 1436 1214 359 9999 437 736 681 1042 3636 
659 1498 1548 1411 1630 1789 1844 1864 1881 1786 1971 1985 1042 988 1361 1176 1374 1185 1413 1106 721 1037 1288 1409 1283 1175 1337 1729 1571 1364 1088 1709 1665 1467 773 437 9999 838 872 1148 3847 
1074 1407 1479 1537 1929 2027 1985 1737 1681 1510 1888 1599 1199 1160 1281 415 708 618 773 744 683 971 1239 1374 1285 1202 1408 893 733 545 515 917 850 684 667 736 838 9999 168 317 3010 
995 1575 1646 1697 2080 2183 2147 1905 1848 1675 2056 1757 1353 1312 1448 535 842 775 911 912 834 1135 1405 1541 1450 1365 1570 909 745 607 350 840 794 599 538 681 872 168 9999 379 2986 
1369 1426 1500 1627 2055 2128 2054 1716 1634 1441 1876 1474 1331 1302 1317 209 513 526 586 744 849 1056 1291 1418 1353 1288 1489 581 426 232 602 704 609 512 913 1042 1148 317 379 9999 2710 
3878 3631 3690 3982 4447 4435 4268 3697 3542 3350 3843 3133 3834 3828 3603 2745 2711 2922 2726 3168 3476 3525 3627 3697 3708 3703 3847 2135 2284 2519 2889 2190 2201 2422 3352 3636 3847 3010 2986 2710 9999 
