NAME: ds_518_courier_3156
TYPE: TSP
COMMENT: nil
DIMENSION: 13
EDGE_WEIGHT_TYPE: EXPLICIT
EDGE_WEIGHT_FORMAT: FULL_MATRIX
EDGE_WEIGHT_SECTION
9999 3124 3271 4336 3093 3288 3599 3096 2549 2453 52 3345 2705 
3124 9999 620 1445 35 1057 558 107 795 909 3106 1034 655 
3271 620 9999 1070 610 455 478 524 1316 1415 3262 420 1211 
4336 1445 1070 9999 1460 1132 891 1406 2240 2353 4329 1061 2098 
3093 35 610 1460 9999 1042 576 87 781 894 3075 1021 645 
3288 1057 455 1132 1042 9999 881 955 1667 1752 3286 73 1589 
3599 558 478 891 576 881 9999 534 1352 1467 3585 824 1207 
3096 107 524 1406 87 955 534 9999 841 952 3080 934 714 
2549 795 1316 2240 781 1667 1352 841 9999 118 2521 1671 166 
2453 909 1415 2353 894 1752 1467 952 118 9999 2424 1759 282 
52 3106 3262 4329 3075 3286 3585 3080 2521 2424 9999 3343 2679 
3345 1034 420 1061 1021 73 824 934 1671 1759 3343 9999 1586 
2705 655 1211 2098 645 1589 1207 714 166 282 2679 1586 9999 
