NAME: ds_909_courier_2688
TYPE: TSP
COMMENT: nil
DIMENSION: 37
EDGE_WEIGHT_TYPE: EXPLICIT
EDGE_WEIGHT_FORMAT: FULL_MATRIX
EDGE_WEIGHT_SECTION
9999 80 2980 5152 4785 5273 4020 2979 3219 3990 4020 4247 4664 2894 3273 3314 2648 2591 3124 3091 3578 2405 3271 3533 3181 4577 4940 4234 3917 5101 3235 3351 4188 3580 4183 6116 3747 
80 9999 3022 5186 4817 5308 4048 3004 3244 4021 4051 4279 4695 2920 3299 3339 2679 2615 3151 3124 3604 2429 3309 3567 3217 4613 4976 4275 3956 5145 3267 3395 4233 3629 4221 6158 3788 
2980 3022 9999 2205 1871 2318 1239 668 762 1140 1153 1346 1771 658 756 815 533 792 652 426 929 886 339 660 326 1628 1977 1254 943 2124 508 384 1219 698 1211 3136 766 
5152 5186 2205 9999 403 136 1215 2229 2010 1189 1152 916 546 2309 1948 1925 2511 2619 2076 2066 1657 2800 1889 1619 1972 577 255 1010 1270 658 1925 1881 1176 1805 1005 1113 1464 
4785 4817 1871 403 9999 538 815 1840 1617 801 768 539 145 1921 1555 1530 2138 2233 1688 1694 1260 2415 1543 1254 1615 299 337 783 968 858 1550 1577 997 1561 727 1511 1170 
5273 5308 2318 136 538 9999 1350 2359 2142 1320 1282 1046 682 2438 2080 2058 2635 2749 2206 2191 1790 2928 2006 1743 2092 695 343 1103 1378 626 2050 1986 1252 1892 1111 977 1569 
4020 4048 1239 1215 815 1350 9999 1046 813 169 203 358 675 1130 754 722 1381 1440 898 952 451 1625 904 581 930 730 1076 802 655 1486 808 1070 1007 1232 654 2310 790 
2979 3004 668 2229 1840 2359 1046 9999 242 1040 1077 1313 1709 85 295 338 394 394 153 292 599 579 602 666 478 1679 2049 1472 1145 2342 363 892 1542 1240 1368 3281 1063 
3219 3244 762 2010 1617 2142 813 242 9999 823 862 1099 1482 327 63 95 624 630 125 335 362 816 580 520 483 1473 1841 1314 999 2164 298 883 1414 1214 1196 3078 956 
3990 4021 1140 1189 801 1320 169 1040 823 9999 47 277 674 1121 760 741 1342 1432 888 901 480 1614 802 484 847 656 1020 648 486 1386 756 934 845 1072 501 2259 628 
4020 4051 1153 1152 768 1282 203 1077 862 47 9999 237 644 1157 800 782 1372 1468 924 929 523 1649 815 502 867 613 979 605 458 1340 784 933 805 1056 457 2217 610 
4247 4279 1346 916 539 1046 358 1313 1099 277 237 9999 426 1393 1036 1018 1600 1703 1160 1156 756 1884 1013 716 1079 381 743 512 512 1128 1012 1082 742 1139 375 1982 704 
4664 4695 1771 546 145 682 675 1709 1482 674 644 426 9999 1791 1422 1394 2016 2102 1557 1573 1124 2286 1439 1140 1504 302 466 757 896 972 1429 1494 985 1507 676 1656 1097 
2894 2920 658 2309 1921 2438 1130 85 327 1121 1157 1393 1791 9999 379 423 321 311 234 326 684 495 636 732 510 1756 2126 1536 1207 2411 422 915 1598 1265 1436 3356 1115 
3273 3299 756 1948 1555 2080 754 295 63 760 800 1036 1422 379 9999 60 663 686 157 334 305 872 549 463 461 1410 1778 1252 940 2101 269 850 1356 1175 1134 3015 903 
3314 3339 815 1925 1530 2058 722 338 95 741 782 1018 1394 423 60 9999 716 724 211 393 271 910 598 484 516 1395 1761 1258 952 2096 322 897 1371 1216 1135 2999 927 
2648 2679 533 2511 2138 2635 1381 394 624 1342 1372 1600 2016 321 663 716 9999 269 507 445 955 357 680 893 565 1942 2309 1655 1323 2539 588 885 1672 1222 1576 3520 1189 
2591 2615 792 2619 2233 2749 1440 394 630 1432 1468 1703 2102 311 686 724 269 9999 545 594 991 186 881 1030 756 2065 2434 1826 1494 2706 715 1122 1870 1468 1733 3662 1384 
3124 3151 652 2076 1688 2206 898 153 125 888 924 1160 1557 234 157 211 507 545 9999 229 455 729 510 523 399 1527 1896 1329 1005 2194 240 811 1409 1153 1221 3129 937 
3091 3124 426 2066 1694 2191 952 292 335 901 929 1156 1573 326 334 393 445 594 229 9999 559 756 311 450 187 1498 1866 1233 901 2115 145 600 1279 949 1144 3083 794 
3578 3604 929 1657 1260 1790 451 599 362 480 523 756 1124 684 305 271 955 991 455 559 9999 1177 635 385 604 1136 1498 1050 775 1856 431 897 1194 1168 916 2738 802 
2405 2429 886 2800 2415 2928 1625 579 816 1614 1649 1884 2286 495 872 910 357 186 729 756 1177 9999 1026 1201 905 2242 2611 1988 1655 2871 886 1242 2019 1579 1900 3836 1534 
3271 3309 339 1889 1543 2006 904 602 580 802 815 1013 1439 636 549 598 680 881 510 311 635 1026 9999 323 127 1312 1670 980 652 1864 282 303 993 643 914 2857 509 
3533 3567 660 1619 1254 1743 581 666 520 484 502 716 1140 732 463 484 893 1030 523 450 385 1201 323 9999 365 1049 1417 807 483 1678 316 527 894 783 704 2635 444 
3181 3217 326 1972 1615 2092 930 478 483 847 867 1079 1504 510 461 516 565 756 399 187 604 905 127 365 9999 1397 1760 1090 758 1974 195 415 1115 762 1014 2959 629 
4577 4613 1628 577 299 695 730 1679 1473 656 613 381 302 1756 1410 1395 1942 2065 1527 1498 1136 2242 1312 1049 1397 9999 370 485 698 765 1359 1311 699 1270 441 1605 897 
4940 4976 1977 255 337 343 1076 2049 1841 1020 979 743 466 2126 1778 1761 2309 2434 1896 1866 1498 2611 1670 1417 1760 370 9999 761 1036 527 1728 1643 921 1553 769 1239 1226 
4234 4275 1254 1010 783 1103 802 1472 1314 648 605 512 757 1536 1252 1258 1655 1826 1329 1233 1050 1988 980 807 1090 485 761 9999 333 885 1115 896 236 796 148 1883 488 
3917 3956 943 1270 968 1378 655 1145 999 486 458 512 896 1207 940 952 1323 1494 1005 901 775 1655 652 483 758 698 1036 333 9999 1217 785 613 421 627 268 2205 202 
5101 5145 2124 658 858 626 1486 2342 2164 1386 1340 1128 972 2411 2101 2096 2539 2706 2194 2115 1856 2871 1864 1678 1974 765 527 885 1217 9999 1992 1751 917 1558 975 1028 1363 
3235 3267 508 1925 1550 2050 808 363 298 756 784 1012 1429 422 269 322 588 715 240 145 431 886 282 316 195 1359 1728 1115 785 1992 9999 585 1179 919 1018 2950 701 
3351 3395 384 1881 1577 1986 1070 892 883 934 933 1082 1494 915 850 897 885 1122 811 600 897 1242 303 527 415 1311 1643 896 613 1751 585 9999 839 350 876 2769 417 
4188 4233 1219 1176 997 1252 1007 1542 1414 845 805 742 985 1598 1356 1371 1672 1870 1409 1279 1194 2019 993 894 1115 699 921 236 421 917 1179 839 9999 653 368 1942 486 
3580 3629 698 1805 1561 1892 1232 1240 1214 1072 1056 1139 1507 1265 1175 1216 1222 1468 1153 949 1168 1579 643 783 762 1270 1553 796 627 1558 919 350 653 9999 835 2586 446 
4183 4221 1211 1005 727 1111 654 1368 1196 501 457 375 676 1436 1134 1135 1576 1733 1221 1144 916 1900 914 704 1014 441 769 148 268 975 1018 876 368 835 9999 1945 459 
6116 6158 3136 1113 1511 977 2310 3281 3078 2259 2217 1982 1656 3356 3015 2999 3520 3662 3129 3083 2738 3836 2857 2635 2959 1605 1239 1883 2205 1028 2950 2769 1942 2586 1945 9999 2369 
3747 3788 766 1464 1170 1569 790 1063 956 628 610 704 1097 1115 903 927 1189 1384 937 794 802 1534 509 444 629 897 1226 488 202 1363 701 417 486 446 459 2369 9999 
