,0,1,2,3,4,5,6
0,0.0,3658.389759823817,3701.2059808105173,3010.151578069076,3233.2264839762333,3261.2118493700937,3122.6896405884627
1,3658.389759823817,0.0,348.6811140881889,653.556453076594,568.9060068824801,784.043081069232,842.9364539759843
2,3701.2059808105173,348.6811140881889,0.0,797.2043912146466,471.19703619358967,564.7468019099822,668.8486633694761
3,3010.151578069076,653.556453076594,797.2043912146466,0.0,476.41652745512266,735.4999503561028,676.2507161168622
4,3233.2264839762333,568.9060068824801,471.19703619358967,476.41652745512266,0.0,280.75564357247436,285.55703541431996
5,3261.2118493700937,784.043081069232,564.7468019099822,735.4999503561028,280.75564357247436,0.0,138.8911825561952
6,3122.6896405884627,842.9364539759843,668.8486633694761,676.2507161168622,285.55703541431996,138.8911825561952,0.0
