NAME: ds_825_courier_4474
TYPE: TSP
COMMENT: nil
DIMENSION: 16
EDGE_WEIGHT_TYPE: EXPLICIT
EDGE_WEIGHT_FORMAT: FULL_MATRIX
EDGE_WEIGHT_SECTION
9999 1681 1312 1092 1603 911 765 663 1072 776 1773 1360 1295 1008 851 867 
1681 9999 708 1899 679 1150 1655 1017 608 1494 145 341 396 743 937 1024 
1312 708 9999 1218 291 514 1027 760 534 1480 698 647 452 358 463 460 
1092 1899 1218 9999 1415 755 355 1222 1437 1791 1912 1714 1542 1200 1030 908 
1603 679 291 1415 9999 776 1272 1037 751 1737 610 758 590 632 754 746 
911 1150 514 755 776 9999 516 602 697 1324 1177 961 787 448 304 170 
765 1655 1027 355 1272 516 9999 881 1140 1438 1690 1432 1276 923 737 633 
663 1017 760 1222 1037 602 881 9999 409 746 1113 699 636 406 342 451 
1072 608 534 1437 751 697 1140 409 9999 999 706 305 233 256 407 532 
776 1494 1480 1791 1737 1324 1438 746 999 9999 1627 1158 1213 1123 1087 1190 
1773 145 698 1912 610 1177 1690 1113 706 1627 9999 468 478 802 993 1065 
1360 341 647 1714 758 961 1432 699 305 1158 468 9999 197 515 695 808 
1295 396 452 1542 590 787 1276 636 233 1213 478 197 9999 354 546 644 
1008 743 358 1200 632 448 923 406 256 1123 802 515 354 9999 193 294 
851 937 463 1030 754 304 737 342 407 1087 993 695 546 193 9999 134 
867 1024 460 908 746 170 633 451 532 1190 1065 808 644 294 134 9999 
