NAME: ds_625_courier_2688
TYPE: TSP
COMMENT: nil
DIMENSION: 6
EDGE_WEIGHT_TYPE: EXPLICIT
EDGE_WEIGHT_FORMAT: FULL_MATRIX
EDGE_WEIGHT_SECTION
9999 201 4385 4293 3564 2919 
201 9999 4186 4099 3378 2728 
4385 4186 9999 526 1263 1595 
4293 4099 526 9999 876 1388 
3564 3378 1263 876 9999 681 
2919 2728 1595 1388 681 9999 
