NAME: ds_825_courier_949
TYPE: TSP
COMMENT: nil
DIMENSION: 21
EDGE_WEIGHT_TYPE: EXPLICIT
EDGE_WEIGHT_FORMAT: FULL_MATRIX
EDGE_WEIGHT_SECTION
9999 2597 2502 2197 2149 2124 2438 2060 3790 3929 3787 4057 4100 2851 2973 3554 3263 2968 2919 3031 3177 
2597 9999 516 418 553 661 751 747 1795 1800 1584 1813 1857 524 759 1368 718 415 397 913 958 
2502 516 9999 464 381 378 240 445 2302 2293 2072 2285 2328 1037 1272 1864 1125 861 869 1428 1465 
2197 418 464 9999 195 326 610 396 2104 2141 1936 2179 2224 852 1068 1708 1132 827 798 1203 1286 
2149 553 381 195 9999 130 458 205 2292 2322 2113 2351 2396 1030 1252 1888 1268 968 948 1391 1467 
2124 661 378 326 130 9999 382 87 2419 2445 2234 2470 2514 1153 1377 2010 1369 1073 1058 1518 1591 
2438 751 240 610 458 382 9999 407 2541 2532 2311 2522 2565 1274 1509 2104 1358 1099 1109 1663 1703 
2060 747 445 396 205 87 407 9999 2497 2526 2317 2553 2598 1235 1457 2092 1455 1159 1144 1596 1672 
3790 1795 2302 2104 2292 2419 2541 2497 9999 237 362 469 487 1273 1042 461 1298 1466 1441 902 838 
3929 1800 2293 2141 2322 2445 2532 2526 237 9999 228 232 250 1291 1075 434 1229 1437 1423 955 855 
3787 1584 2072 1936 2113 2234 2311 2317 362 228 9999 270 313 1084 877 237 1001 1214 1203 773 655 
4057 1813 2285 2179 2351 2470 2522 2553 469 232 270 9999 45 1328 1133 504 1180 1424 1422 1038 912 
4100 1857 2328 2224 2396 2514 2565 2598 487 250 313 45 9999 1373 1178 548 1221 1467 1466 1082 957 
2851 524 1037 852 1030 1153 1274 1235 1273 1291 1084 1328 1373 9999 235 857 474 317 253 392 438 
2973 759 1272 1068 1252 1377 1509 1457 1042 1075 877 1133 1178 235 9999 643 538 506 455 159 222 
3554 1368 1864 1708 1888 2010 2104 2092 461 434 237 504 548 857 643 9999 837 1015 996 536 423 
3263 718 1125 1132 1268 1369 1358 1455 1298 1229 1001 1180 1221 474 538 837 9999 305 345 655 567 
2968 415 861 827 968 1073 1099 1159 1466 1437 1214 1424 1467 317 506 1015 305 9999 70 661 645 
2919 397 869 798 948 1058 1109 1144 1441 1423 1203 1422 1466 253 455 996 345 70 9999 613 611 
3031 913 1428 1203 1391 1518 1663 1596 902 955 773 1038 1082 392 159 536 655 661 613 9999 159 
3177 958 1465 1286 1467 1591 1703 1672 838 855 655 912 957 438 222 423 567 645 611 159 9999 
