NAME: ds_901_courier_435
TYPE: TSP
COMMENT: nil
DIMENSION: 16
EDGE_WEIGHT_TYPE: EXPLICIT
EDGE_WEIGHT_FORMAT: FULL_MATRIX
EDGE_WEIGHT_SECTION
9999 551 1320 2992 1055 669 1241 19 1107 1497 994 848 1040 971 1443 1128 
551 9999 844 2519 730 595 931 554 604 1316 527 297 529 467 951 599 
1320 844 9999 1679 1278 1382 1431 1331 249 1887 327 649 325 840 1056 760 
2992 2519 1679 9999 2782 3012 2869 3004 1915 3305 2006 2285 1990 2389 2320 2240 
1055 730 1278 2782 9999 458 202 1045 1046 619 1068 675 982 437 567 548 
669 595 1382 3012 458 9999 608 655 1133 830 1094 736 1057 644 986 817 
1241 931 1431 2869 202 608 9999 1230 1210 457 1245 857 1151 603 575 677 
19 554 1331 3004 1045 655 1230 9999 1116 1482 1004 850 1047 968 1439 1127 
1107 604 249 1915 1046 1133 1210 1116 9999 1661 145 401 76 610 899 559 
1497 1316 1887 3305 619 830 457 1482 1661 9999 1687 1294 1600 1052 986 1134 
994 527 327 2006 1068 1094 1245 1004 145 1687 9999 395 129 644 994 632 
848 297 649 2285 675 736 857 850 401 1294 395 9999 327 269 713 336 
1040 529 325 1990 982 1057 1151 1047 76 1600 129 327 9999 549 870 515 
971 467 840 2389 437 644 603 968 610 1052 644 269 549 9999 485 177 
1443 951 1056 2320 567 986 575 1439 899 986 994 713 870 485 9999 381 
1128 599 760 2240 548 817 677 1127 559 1134 632 336 515 177 381 9999 
