NAME: ds_530_courier_2688
TYPE: TSP
COMMENT: nil
DIMENSION: 6
EDGE_WEIGHT_TYPE: EXPLICIT
EDGE_WEIGHT_FORMAT: FULL_MATRIX
EDGE_WEIGHT_SECTION
9999 3209 3361 3252 3186 2986 
3209 9999 948 935 916 894 
3361 948 9999 109 174 375 
3252 935 109 9999 67 268 
3186 916 174 67 9999 201 
2986 894 375 268 201 9999 
