NAME: ds_919_courier_949
TYPE: TSP
COMMENT: nil
DIMENSION: 20
EDGE_WEIGHT_TYPE: EXPLICIT
EDGE_WEIGHT_FORMAT: FULL_MATRIX
EDGE_WEIGHT_SECTION
9999 3133 3055 3175 3851 3885 4125 3967 4090 3669 3727 3702 2822 2327 2225 1909 2055 3412 3385 3585 
3133 9999 384 331 774 925 993 857 959 540 596 763 915 1092 1378 1674 1398 316 255 523 
3055 384 9999 132 1060 1260 1142 1100 1141 704 765 654 548 833 1093 1421 1155 433 480 847 
3175 331 132 9999 939 1150 1010 973 1009 573 634 549 660 966 1224 1553 1287 305 364 739 
3851 774 1060 939 9999 280 456 156 363 423 384 887 1599 1858 2136 2444 2168 639 581 266 
3885 925 1260 1150 280 9999 697 397 597 688 658 1163 1807 2015 2302 2592 2314 867 786 413 
4125 993 1142 1010 456 697 9999 305 100 458 398 693 1617 1976 2228 2563 2297 727 741 636 
3967 857 1100 973 156 397 305 9999 209 411 357 827 1624 1919 2190 2508 2235 668 634 391 
4090 959 1141 1009 363 597 100 209 9999 440 379 744 1634 1973 2232 2562 2293 714 713 562 
3669 540 704 573 423 688 458 411 440 9999 61 482 1216 1534 1797 2124 1854 274 285 363 
3727 596 765 634 384 658 398 357 379 61 9999 505 1274 1596 1857 2185 1915 336 343 364 
3702 763 654 549 887 1163 693 827 744 482 505 9999 991 1423 1636 1986 1740 470 577 836 
2822 915 548 660 1599 1807 1617 1624 1634 1216 1274 991 9999 497 652 1005 782 961 1023 1395 
2327 1092 833 966 1858 2015 1976 1919 1973 1534 1596 1423 497 9999 294 590 322 1261 1285 1615 
2225 1378 1093 1224 2136 2302 2228 2190 2232 1797 1857 1636 652 294 9999 353 194 1525 1559 1899 
1909 1674 1421 1553 2444 2592 2563 2508 2562 2124 2185 1986 1005 590 353 9999 277 1850 1874 2197 
2055 1398 1155 1287 2168 2314 2297 2235 2293 1854 1915 1740 782 322 194 277 9999 1580 1601 1921 
3412 316 433 305 639 867 727 668 714 274 336 470 961 1261 1525 1850 1580 9999 113 467 
3385 255 480 364 581 786 741 634 713 285 343 577 1023 1285 1559 1874 1601 113 9999 377 
3585 523 847 739 266 413 636 391 562 363 364 836 1395 1615 1899 2197 1921 467 377 9999 
