NAME: ds_913_courier_2925
TYPE: TSP
COMMENT: nil
DIMENSION: 12
EDGE_WEIGHT_TYPE: EXPLICIT
EDGE_WEIGHT_FORMAT: FULL_MATRIX
EDGE_WEIGHT_SECTION
9999 4827 4674 4285 4865 2016 2252 2922 3645 4175 2833 4460 
4827 9999 286 632 99 6615 2930 2272 1219 697 2342 450 
4674 286 9999 400 245 6503 2709 2034 1032 500 2108 215 
4285 632 400 9999 629 6134 2311 1643 640 132 1714 188 
4865 99 245 629 9999 6669 2938 2271 1240 709 2343 441 
2016 6615 6503 6134 6669 9999 4257 4904 5502 6013 4816 6296 
2252 2930 2709 2311 2938 4257 9999 713 1723 2233 627 2498 
2922 2272 2034 1643 2271 4904 713 9999 1114 1580 89 1829 
3645 1219 1032 640 1240 5502 1723 1114 9999 534 1170 817 
4175 697 500 132 709 6013 2233 1580 534 9999 1648 286 
2833 2342 2108 1714 2343 4816 627 89 1170 1648 9999 1901 
4460 450 215 188 441 6296 2498 1829 817 286 1901 9999 
