NAME: ds_630_courier_638
TYPE: TSP
COMMENT: nil
DIMENSION: 24
EDGE_WEIGHT_TYPE: EXPLICIT
EDGE_WEIGHT_FORMAT: FULL_MATRIX
EDGE_WEIGHT_SECTION
9999 579 580 934 1524 1491 1276 575 691 1168 1137 1503 1635 1333 1332 928 1104 1404 1401 1411 1415 1428 8986 566 
579 9999 97 384 1417 1305 1194 37 120 749 922 1313 1432 1035 1030 375 1008 904 899 923 899 915 8559 165 
580 97 9999 444 1513 1401 1289 60 187 835 1019 1410 1529 1129 1124 434 1103 972 966 994 962 979 8631 259 
934 384 444 9999 1279 1121 1098 408 264 449 770 1127 1227 797 791 14 931 529 523 554 517 535 8189 373 
1524 1417 1513 1279 9999 215 248 1453 1372 891 511 220 265 548 556 1291 427 1118 1125 1075 1186 1174 7660 1256 
1491 1305 1401 1121 215 9999 295 1342 1246 707 384 13 145 349 357 1134 403 912 919 868 980 967 7591 1151 
1276 1194 1289 1098 248 295 9999 1230 1160 761 341 308 425 480 488 1109 187 1032 1037 994 1096 1088 7875 1031 
575 37 60 408 1453 1342 1230 9999 144 783 959 1350 1470 1071 1067 398 1044 931 926 952 924 941 8589 200 
691 120 187 264 1372 1246 1160 144 9999 651 868 1254 1368 957 953 255 977 788 782 808 780 797 8446 184 
1168 749 835 449 891 707 761 783 651 9999 423 710 795 363 356 463 637 311 313 291 362 361 7834 644 
1137 922 1019 770 511 384 341 959 868 423 9999 393 517 237 241 782 224 709 713 675 770 764 7880 768 
1503 1313 1410 1127 220 13 308 1350 1254 710 393 9999 133 351 359 1140 415 912 918 867 980 966 7578 1160 
1635 1432 1529 1227 265 145 425 1470 1368 795 517 133 9999 433 440 1240 547 963 971 917 1032 1016 7452 1282 
1333 1035 1129 797 548 349 480 1071 957 363 237 351 433 9999 8 810 435 571 577 529 638 627 7663 897 
1332 1030 1124 791 556 357 488 1067 953 356 241 359 440 8 9999 804 441 563 569 521 630 619 7663 894 
928 375 434 14 1291 1134 1109 398 255 463 782 1140 1240 810 804 9999 941 541 535 566 528 546 8200 370 
1104 1008 1103 931 427 403 187 1044 977 637 224 415 547 435 441 941 9999 931 935 898 991 985 7989 844 
1404 904 972 529 1118 912 1032 931 788 311 709 912 963 571 563 541 931 9999 8 47 69 56 7660 846 
1401 899 966 523 1125 919 1037 926 782 313 713 918 971 577 569 535 935 8 9999 55 62 51 7666 842 
1411 923 994 554 1075 868 994 952 808 291 675 867 917 529 521 566 898 47 55 9999 115 99 7638 857 
1415 899 962 517 1186 980 1096 924 780 362 770 980 1032 638 630 528 991 69 62 115 9999 22 7675 853 
1428 915 979 535 1174 967 1088 941 797 361 764 966 1016 627 619 546 985 56 51 99 22 9999 7656 866 
8986 8559 8631 8189 7660 7591 7875 8589 8446 7834 7880 7578 7452 7663 7663 8200 7989 7660 7666 7638 7675 7656 9999 8476 
566 165 259 373 1256 1151 1031 200 184 644 768 1160 1282 897 894 370 844 846 842 857 853 866 8476 9999 
