NAME: ds_619_courier_2925
TYPE: TSP
COMMENT: nil
DIMENSION: 18
EDGE_WEIGHT_TYPE: EXPLICIT
EDGE_WEIGHT_FORMAT: FULL_MATRIX
EDGE_WEIGHT_SECTION
9999 4380 3462 4808 4675 4744 4596 4569 4738 4110 4169 3300 4784 3250 4817 3243 3394 3190 
4380 9999 1089 436 309 387 216 213 381 339 246 1151 408 1297 457 1235 1061 1325 
3462 1089 9999 1451 1321 1473 1288 1301 1467 754 843 222 1437 221 1540 232 179 272 
4808 436 1451 9999 133 232 234 304 233 711 641 1547 37 1669 226 1625 1454 1706 
4675 309 1321 133 9999 242 135 223 239 578 508 1414 116 1538 274 1492 1322 1575 
4744 387 1473 232 242 9999 191 178 6 719 631 1537 199 1683 73 1622 1448 1712 
4596 216 1288 234 135 191 9999 91 186 534 450 1362 201 1501 253 1444 1271 1532 
4569 213 1301 304 223 178 91 9999 172 550 459 1361 269 1510 251 1446 1272 1537 
4738 381 1467 233 239 6 186 172 9999 713 625 1531 200 1677 79 1616 1442 1706 
4110 339 754 711 578 719 534 550 713 9999 97 836 693 967 786 915 744 999 
4169 246 843 641 508 631 450 459 625 97 9999 913 620 1052 699 994 821 1082 
3300 1151 222 1547 1414 1537 1362 1361 1531 836 913 9999 1529 215 1608 94 94 199 
4784 408 1437 37 116 199 201 269 200 693 620 1529 9999 1654 200 1608 1437 1690 
3250 1297 221 1669 1538 1683 1501 1510 1677 967 1052 215 1654 9999 1752 134 265 72 
4817 457 1540 226 274 73 253 251 79 786 699 1608 200 1752 9999 1692 1518 1781 
3243 1235 232 1625 1492 1622 1444 1446 1616 915 994 94 1608 134 1692 9999 174 105 
3394 1061 179 1454 1322 1448 1271 1272 1442 744 821 94 1437 265 1518 174 9999 271 
3190 1325 272 1706 1575 1712 1532 1537 1706 999 1082 199 1690 72 1781 105 271 9999 
