NAME: ds_917_courier_1520
TYPE: TSP
COMMENT: nil
DIMENSION: 23
EDGE_WEIGHT_TYPE: EXPLICIT
EDGE_WEIGHT_FORMAT: FULL_MATRIX
EDGE_WEIGHT_SECTION
9999 217 1102 1457 1760 747 1664 2005 293 1190 1472 776 463 564 1528 663 1489 1188 648 490 1381 741 525 
217 9999 977 1362 1637 937 1475 1810 509 1031 1300 972 671 356 1376 822 1312 1162 774 696 1203 957 712 
1102 977 9999 420 660 1411 772 1110 1309 236 496 1473 1340 735 456 1200 544 563 1052 1552 472 1679 1258 
1457 1362 420 9999 368 1607 902 1173 1622 553 637 1670 1609 1150 458 1394 697 490 1243 1866 689 1937 1499 
1760 1637 660 368 9999 1969 754 936 1950 665 571 2033 1955 1373 366 1756 620 856 1604 2194 671 2288 1852 
747 937 1411 1607 1969 9999 2139 2489 524 1594 1888 63 316 1211 1865 214 1926 1160 365 608 1830 419 225 
1664 1475 772 902 754 2139 9999 350 1928 552 284 2198 2011 1127 447 1936 230 1295 1795 2153 310 2348 1960 
2005 1810 1110 1173 936 2489 350 9999 2273 899 614 2548 2360 1457 724 2285 569 1607 2144 2494 659 2696 2310 
293 509 1309 1622 1950 524 1928 2273 9999 1429 1719 536 209 851 1753 516 1742 1280 570 244 1636 448 333 
1190 1031 236 553 665 1594 552 899 1429 9999 296 1654 1488 727 349 1388 331 796 1245 1665 243 1828 1424 
1472 1300 496 637 571 1888 284 614 1719 296 9999 1949 1783 972 209 1681 60 1011 1537 1952 115 2123 1719 
776 972 1473 1670 2033 63 2198 2548 536 1654 1949 9999 328 1256 1926 277 1985 1223 429 594 1889 374 264 
463 671 1340 1609 1955 316 2011 2360 209 1488 1783 328 9999 987 1794 345 1812 1220 440 333 1709 340 154 
564 356 735 1150 1373 1211 1127 1457 851 727 972 1256 987 9999 1075 1055 978 1079 965 1051 869 1297 993 
1528 1376 456 458 366 1865 447 724 1753 349 209 1926 1794 1075 9999 1652 263 886 1503 1993 304 2134 1714 
663 822 1200 1394 1756 214 1936 2285 516 1388 1681 277 345 1055 1652 9999 1719 955 152 678 1626 583 191 
1489 1312 544 697 620 1926 230 569 1742 331 60 1985 1812 978 263 1719 9999 1068 1577 1973 109 2151 1753 
1188 1162 563 490 856 1160 1295 1607 1280 796 1011 1223 1220 1079 886 955 1068 9999 809 1515 1017 1527 1090 
648 774 1052 1243 1604 365 1795 2144 570 1245 1537 429 440 965 1503 152 1577 809 9999 767 1485 720 292 
490 696 1552 1866 2194 608 2153 2494 244 1665 1952 594 333 1051 1993 678 1973 1515 767 9999 1865 336 487 
1381 1203 472 689 671 1830 310 659 1636 243 115 1889 1709 869 304 1626 109 1017 1485 1865 9999 2048 1653 
741 957 1679 1937 2288 419 2348 2696 448 1828 2123 374 340 1297 2134 583 2151 1527 720 336 2048 9999 440 
525 712 1258 1499 1852 225 1960 2310 333 1424 1719 264 154 993 1714 191 1753 1090 292 487 1653 440 9999 
