NAME: ds_824_courier_487
TYPE: TSP
COMMENT: nil
DIMENSION: 11
EDGE_WEIGHT_TYPE: EXPLICIT
EDGE_WEIGHT_FORMAT: FULL_MATRIX
EDGE_WEIGHT_SECTION
9999 3280 3041 3551 2867 4503 3554 3451 2966 3048 2635 
3280 9999 338 631 443 6230 5245 4945 2715 1933 2907 
3041 338 9999 593 186 5893 4907 4608 2392 1628 2573 
3551 631 593 9999 776 6005 5049 4728 2380 1550 2655 
2867 443 186 776 9999 5830 4837 4545 2385 1656 2534 
4503 6230 5893 6005 5830 9999 1014 1285 3659 4490 3350 
3554 5245 4907 5049 4837 1014 9999 360 2753 3565 2402 
3451 4945 4608 4728 4545 1285 360 9999 2410 3229 2075 
2966 2715 2392 2380 2385 3659 2753 2410 9999 836 456 
3048 1933 1628 1550 1656 4490 3565 3229 836 9999 1173 
2635 2907 2573 2655 2534 3350 2402 2075 456 1173 9999 
