NAME: ds_710_courier_1656
TYPE: TSP
COMMENT: nil
DIMENSION: 7
EDGE_WEIGHT_TYPE: EXPLICIT
EDGE_WEIGHT_FORMAT: FULL_MATRIX
EDGE_WEIGHT_SECTION
9999 40 3689 4757 4101 49 3712 
40 9999 3698 4767 4114 12 3726 
3689 3698 9999 1074 643 3708 469 
4757 4767 1074 9999 794 4777 1127 
4101 4114 643 794 9999 4125 388 
49 12 3708 4777 4125 9999 3737 
3712 3726 469 1127 388 3737 9999 
