NAME: ds_617_courier_4849
TYPE: TSP
COMMENT: nil
DIMENSION: 27
EDGE_WEIGHT_TYPE: EXPLICIT
EDGE_WEIGHT_FORMAT: FULL_MATRIX
EDGE_WEIGHT_SECTION
9999 3635 3845 3078 3258 3281 3601 2971 2744 3602 3953 3826 2999 3635 3791 3110 3007 2939 3422 3706 3937 3249 3358 2519 2752 2695 3598 
3635 9999 629 587 398 664 42 807 1021 41 734 652 671 64 345 526 628 701 220 196 714 387 426 1224 1007 1064 57 
3845 629 9999 1065 907 1270 615 1332 1504 661 125 38 1137 691 295 904 990 1097 670 434 104 831 542 1665 1489 1538 598 
3078 587 1065 9999 190 394 564 273 446 549 1189 1071 84 571 856 198 197 168 415 723 1167 235 554 638 432 486 568 
3258 398 907 190 9999 412 375 429 629 359 1029 917 274 383 679 203 282 321 240 540 1007 104 440 827 615 670 380 
3281 664 1270 394 412 9999 665 318 537 626 1385 1286 415 614 1004 567 590 546 614 854 1364 516 849 761 529 586 679 
3601 42 615 564 375 665 9999 791 1002 48 724 636 647 95 338 492 595 671 182 189 703 355 385 1201 988 1044 19 
2971 807 1332 273 429 318 791 9999 233 766 1455 1339 222 775 1108 465 429 338 669 967 1433 501 828 458 222 282 799 
2744 1021 1504 446 629 537 1002 233 9999 981 1629 1508 368 995 1303 604 534 424 862 1168 1608 681 976 226 15 49 1008 
3602 41 661 549 359 626 48 766 981 9999 768 683 633 52 380 494 596 666 195 231 748 353 422 1185 967 1025 67 
3953 734 125 1189 1029 1385 724 1455 1629 768 9999 130 1262 795 391 1029 1115 1222 790 538 22 955 667 1791 1614 1663 708 
3826 652 38 1071 917 1286 636 1339 1508 683 130 9999 1142 715 324 906 990 1097 682 458 112 838 540 1665 1493 1541 619 
2999 671 1137 84 274 415 647 222 368 633 1262 1142 9999 655 936 247 208 133 496 805 1240 313 617 554 353 405 651 
3635 64 691 571 383 614 95 775 995 52 795 715 655 9999 404 531 632 696 243 257 774 389 474 1203 982 1040 113 
3791 345 295 856 679 1004 338 1108 1303 380 391 324 936 404 9999 730 828 925 441 150 371 624 434 1486 1288 1341 324 
3110 526 904 198 203 567 492 465 604 494 1029 906 247 531 730 9999 103 196 314 614 1008 144 373 763 589 635 489 
3007 628 990 197 282 590 595 429 534 596 1115 990 208 632 828 103 9999 110 417 716 1094 244 451 676 519 560 592 
2939 701 1097 168 321 546 671 338 424 666 1222 1097 133 696 925 196 110 9999 500 807 1201 316 559 569 409 450 671 
3422 220 670 415 240 614 182 669 862 195 790 682 496 243 441 314 417 500 9999 309 769 187 269 1049 847 901 177 
3706 196 434 723 540 854 189 967 1168 231 538 458 805 257 150 614 716 807 309 9999 517 496 380 1358 1154 1209 175 
3937 714 104 1167 1007 1364 703 1433 1608 748 22 112 1240 774 371 1008 1094 1201 769 517 9999 933 646 1770 1593 1642 687 
3249 387 831 235 104 516 355 501 681 353 955 838 313 389 624 144 244 316 187 496 933 9999 341 863 666 718 355 
3358 426 542 554 440 849 385 828 976 422 667 540 617 474 434 373 451 559 269 380 646 341 9999 1126 961 1007 369 
2519 1224 1665 638 827 761 1201 458 226 1185 1791 1665 554 1203 1486 763 676 569 1049 1358 1770 863 1126 9999 236 176 1205 
2752 1007 1489 432 615 529 988 222 15 967 1614 1493 353 982 1288 589 519 409 847 1154 1593 666 961 236 9999 60 994 
2695 1064 1538 486 670 586 1044 282 49 1025 1663 1541 405 1040 1341 635 560 450 901 1209 1642 718 1007 176 60 9999 1050 
3598 57 598 568 380 679 19 799 1008 67 708 619 651 113 324 489 592 671 177 175 687 355 369 1205 994 1050 9999 
