NAME: ds_628_courier_435
TYPE: TSP
COMMENT: nil
DIMENSION: 27
EDGE_WEIGHT_TYPE: EXPLICIT
EDGE_WEIGHT_FORMAT: FULL_MATRIX
EDGE_WEIGHT_SECTION
9999 1519 1436 1494 1128 1858 1101 1314 1421 1027 3158 294 42 37 456 554 611 1022 1026 868 1036 323 1085 1299 818 958 945 
1519 9999 364 50 506 425 454 226 165 686 3441 1249 1498 1497 1363 1275 1336 1525 1372 1329 1762 1225 1749 1840 1459 1567 1671 
1436 364 9999 315 308 765 358 438 471 445 3713 1207 1407 1408 1393 1330 1407 1681 1542 1465 1894 1190 1893 2017 1574 1705 1795 
1494 50 315 9999 462 473 417 225 189 641 3470 1228 1472 1471 1352 1267 1331 1533 1382 1334 1767 1205 1755 1852 1460 1572 1675 
1128 506 308 462 9999 928 123 423 516 180 3558 904 1099 1100 1109 1056 1138 1453 1326 1229 1648 889 1654 1797 1324 1465 1545 
1858 425 765 473 928 9999 863 560 448 1109 3333 1572 1843 1841 1624 1520 1562 1647 1486 1488 1900 1545 1872 1917 1631 1708 1823 
1101 454 358 417 123 863 9999 326 429 272 3439 857 1076 1076 1035 973 1052 1347 1217 1126 1550 838 1553 1689 1228 1364 1449 
1314 226 438 225 423 560 326 9999 112 595 3280 1037 1296 1294 1139 1050 1110 1310 1160 1109 1543 1012 1531 1631 1236 1348 1450 
1421 165 471 189 516 448 429 112 9999 693 3281 1141 1404 1402 1230 1136 1192 1364 1210 1172 1604 1116 1588 1676 1304 1408 1514 
1027 686 445 641 180 1109 272 595 693 9999 3631 838 994 996 1078 1044 1132 1484 1371 1258 1659 827 1672 1831 1336 1485 1554 
3158 3441 3713 3470 3558 3333 3439 3280 3281 3631 9999 3050 3193 3186 2754 2712 2624 2198 2276 2414 2123 3035 2079 1871 2389 2233 2219 
294 1249 1207 1228 904 1572 857 1037 1141 838 3050 9999 291 287 300 345 428 860 825 667 943 29 978 1179 662 817 840 
42 1498 1407 1472 1099 1843 1076 1296 1404 994 3193 291 9999 7 479 572 633 1049 1049 890 1070 320 1118 1332 845 988 978 
37 1497 1408 1471 1100 1841 1076 1294 1402 996 3186 287 7 9999 472 565 627 1043 1042 884 1063 316 1111 1325 838 981 971 
456 1363 1393 1352 1109 1624 1035 1139 1230 1078 2754 300 479 472 9999 119 155 576 571 413 643 291 678 882 373 524 540 
554 1275 1330 1267 1056 1520 973 1050 1136 1044 2712 345 572 565 119 9999 92 516 483 325 629 327 654 844 324 481 523 
611 1336 1407 1331 1138 1562 1052 1110 1192 1132 2624 428 633 627 155 92 9999 432 416 258 537 412 562 754 234 391 432 
1022 1525 1681 1533 1453 1647 1347 1310 1364 1484 2198 860 1049 1043 576 516 432 9999 161 226 256 843 226 347 204 93 205 
1026 1372 1542 1382 1326 1486 1217 1160 1210 1371 2276 825 1049 1042 571 483 416 161 9999 159 417 803 387 475 247 234 354 
868 1329 1465 1334 1229 1488 1126 1109 1172 1258 2414 667 890 884 413 325 258 226 159 9999 434 647 428 573 147 240 342 
1036 1762 1894 1767 1648 1900 1550 1543 1604 1659 2123 943 1070 1063 643 629 537 256 417 434 9999 933 67 275 324 196 106 
323 1225 1190 1205 889 1545 838 1012 1116 827 3035 29 320 316 291 327 412 843 803 647 933 9999 966 1165 646 803 830 
1085 1749 1893 1755 1654 1872 1553 1531 1588 1672 2079 978 1118 1111 678 654 562 226 387 428 67 966 9999 217 337 189 140 
1299 1840 2017 1852 1797 1917 1689 1631 1676 1831 1871 1179 1332 1325 882 844 754 347 475 573 275 1165 217 9999 521 363 354 
818 1459 1574 1460 1324 1631 1228 1236 1304 1336 2389 662 845 838 373 324 234 204 247 147 324 646 337 521 9999 158 221 
958 1567 1705 1572 1465 1708 1364 1348 1408 1485 2233 817 988 981 524 481 391 93 234 240 196 803 189 363 158 9999 120 
945 1671 1795 1675 1545 1823 1449 1450 1514 1554 2219 840 978 971 540 523 432 205 354 342 106 830 140 354 221 120 9999 
