NAME: ds_729_courier_638
TYPE: TSP
COMMENT: nil
DIMENSION: 33
EDGE_WEIGHT_TYPE: EXPLICIT
EDGE_WEIGHT_FORMAT: FULL_MATRIX
EDGE_WEIGHT_SECTION
9999 80 1266 1372 1302 1190 1397 1215 8988 871 1779 1642 1085 1389 1409 1406 1466 1296 1350 1526 1651 624 653 397 491 613 1531 1308 1272 1087 1094 1715 1280 
80 9999 1289 1434 1368 1235 1458 1260 9022 904 1842 1703 1136 1401 1416 1410 1470 1333 1389 1570 1720 563 629 400 548 656 1586 1385 1324 1108 1097 1782 1341 
1266 1289 9999 796 849 391 780 398 7745 420 1072 927 509 215 303 341 381 255 311 493 1138 1166 824 899 854 689 719 1229 516 183 344 1129 735 
1372 1434 796 9999 111 417 39 403 7763 716 409 271 376 1000 1094 1135 1169 548 512 466 359 1614 1303 1180 889 825 238 519 280 820 1060 382 97 
1302 1368 849 111 9999 459 150 451 7867 712 479 357 381 1059 1151 1190 1227 611 585 565 371 1583 1284 1138 829 783 350 418 340 850 1087 418 115 
1190 1235 391 417 459 9999 407 25 7811 367 753 600 151 604 694 732 771 178 192 336 771 1289 955 903 707 579 412 842 144 405 646 778 346 
1397 1458 780 39 150 407 9999 392 7727 721 390 246 381 981 1075 1118 1149 529 489 433 364 1626 1311 1196 912 841 199 556 267 812 1053 378 117 
1215 1260 398 403 451 25 392 9999 7788 392 732 579 165 609 700 739 777 173 177 312 755 1313 979 929 731 604 389 840 126 422 663 760 337 
8988 9022 7745 7763 7867 7811 7727 7788 9999 8118 7437 7518 7936 7678 7696 7719 7670 7693 7641 7477 7662 8864 8542 8643 8517 8377 7544 8150 7755 7928 8007 7571 7830 
871 904 420 716 712 367 721 392 8118 9999 1099 946 341 596 653 672 729 431 490 683 1072 923 594 545 434 271 773 991 494 271 438 1098 624 
1779 1842 1072 409 479 753 390 732 7437 1099 9999 154 763 1246 1341 1387 1406 820 761 606 242 2013 1692 1587 1298 1232 354 717 612 1147 1384 155 505 
1642 1703 927 271 357 600 246 579 7518 946 154 9999 611 1108 1203 1249 1271 673 617 478 266 1861 1539 1438 1157 1084 209 669 458 996 1234 217 363 
1085 1136 509 376 381 151 381 165 7936 341 763 611 9999 724 809 843 888 326 342 461 733 1250 931 834 595 488 457 724 187 475 708 758 285 
1389 1401 215 1000 1059 604 981 609 7678 596 1246 1108 724 9999 95 141 168 453 497 645 1332 1191 865 1002 1019 853 899 1444 722 326 329 1317 944 
1409 1416 303 1094 1151 694 1075 700 7696 653 1341 1203 809 95 9999 47 79 547 592 739 1427 1169 854 1016 1065 899 994 1531 815 383 322 1412 1036 
1406 1410 341 1135 1190 732 1118 739 7719 672 1387 1249 843 141 47 9999 60 589 636 785 1471 1145 837 1011 1075 911 1040 1567 856 405 313 1457 1076 
1466 1470 381 1169 1227 771 1149 777 7670 729 1406 1271 888 168 79 60 9999 621 663 802 1499 1197 892 1071 1135 970 1063 1610 891 460 373 1482 1113 
1296 1333 255 548 611 178 529 173 7693 431 820 673 326 453 547 589 621 9999 68 273 883 1314 971 973 831 684 466 1010 272 344 570 874 496 
1350 1389 311 512 585 192 489 177 7641 490 761 617 342 497 592 636 663 68 9999 204 836 1381 1038 1034 879 737 408 993 247 412 636 822 470 
1526 1570 493 466 565 336 433 312 7477 683 606 478 461 645 739 785 802 273 204 9999 728 1584 1242 1227 1043 914 279 983 294 614 830 695 464 
1651 1720 1138 359 371 771 364 755 7662 1072 242 266 733 1332 1427 1471 1499 883 836 728 9999 1954 1652 1508 1190 1153 449 488 630 1176 1417 92 448 
624 563 1166 1614 1583 1289 1626 1313 8864 923 2013 1861 1250 1191 1169 1145 1197 1314 1381 1584 1954 9999 344 462 813 803 1695 1732 1416 994 863 1994 1518 
653 629 824 1303 1284 955 1311 979 8542 594 1692 1539 931 865 854 837 892 971 1038 1242 1652 344 9999 294 602 534 1365 1484 1087 650 536 1685 1208 
397 400 899 1180 1138 903 1196 929 8643 545 1587 1438 834 1002 1016 1011 1071 973 1034 1227 1508 462 294 9999 352 356 1290 1270 1014 716 699 1554 1083 
491 548 854 889 829 707 912 731 8517 434 1298 1157 595 1019 1065 1075 1135 831 879 1043 1190 813 602 352 9999 166 1040 920 782 694 791 1246 795 
613 656 689 825 783 579 841 604 8377 271 1232 1084 488 853 899 911 970 684 737 914 1153 803 534 356 166 9999 944 951 673 527 632 1198 728 
1531 1586 719 238 350 412 199 389 7544 773 354 209 457 899 994 1040 1063 466 408 279 449 1695 1365 1290 1040 944 9999 748 279 795 1032 420 287 
1308 1385 1229 519 418 842 556 840 8150 991 717 669 724 1444 1531 1567 1610 1010 993 983 488 1732 1484 1270 920 951 748 9999 746 1192 1415 579 527 
1272 1324 516 280 340 144 267 126 7755 494 612 458 187 722 815 856 891 272 247 294 630 1416 1087 1014 782 673 279 746 9999 548 788 635 224 
1087 1108 183 820 850 405 812 422 7928 271 1147 996 475 326 383 405 460 344 412 614 1176 994 650 716 694 527 795 1192 548 9999 241 1182 742 
1094 1097 344 1060 1087 646 1053 663 8007 438 1384 1234 708 329 322 313 373 570 636 830 1417 863 536 699 791 632 1032 1415 788 241 9999 1422 982 
1715 1782 1129 382 418 778 378 760 7571 1098 155 217 758 1317 1412 1457 1482 874 822 695 92 1994 1685 1554 1246 1198 420 579 635 1182 1422 9999 477 
1280 1341 735 97 115 346 117 337 7830 624 505 363 285 944 1036 1076 1113 496 470 464 448 1518 1208 1083 795 728 287 527 224 742 982 477 9999 
