,0,1,2,3,4,5,6,7
0,0.0,5454.850330394166,2940.6511323273717,3374.2260030088955,36.14906187993494,5449.138881316225,3434.6184735880433,5459.0882428473615
1,5454.850330394166,0.0,7280.703302546295,6979.928814730876,5419.570294849255,6.0432013918500225,5224.763069260309,5.623424160519806
2,2940.6511323273717,7280.703302546295,0.0,939.3500549525654,2963.838550253691,7276.084413521295,2703.5725565101516,7285.986557914227
3,3374.2260030088955,6979.928814730876,939.3500549525654,0.0,3389.3351903471284,6975.831654046097,2005.1303822990324,6985.410830792571
4,36.14906187993494,5419.570294849255,2963.838550253691,3389.3351903471284,0.0,5413.855991095749,3428.643597585672,5423.802856953451
5,5449.138881316225,6.0432013918500225,7276.084413521295,6975.831654046097,5413.855991095749,0.0,5221.430407397883,10.09675220366253
6,3434.6184735880433,5224.763069260309,2703.5725565101516,2005.1303822990324,3428.643597585672,5221.430407397883,0.0,5230.374954710377
7,5459.0882428473615,5.623424160519806,7285.986557914227,6985.410830792571,5423.802856953451,10.09675220366253,5230.374954710377,0.0
