NAME: ds_708_courier_2925
TYPE: TSP
COMMENT: nil
DIMENSION: 16
EDGE_WEIGHT_TYPE: EXPLICIT
EDGE_WEIGHT_FORMAT: FULL_MATRIX
EDGE_WEIGHT_SECTION
9999 3689 3698 4110 3266 4133 4537 3520 2902 4583 2845 3224 3012 4815 3304 4266 
3689 9999 34 455 709 451 857 596 1145 900 1255 1521 1324 1131 705 596 
3698 34 9999 434 691 437 843 569 1132 887 1241 1497 1305 1119 685 579 
4110 455 434 9999 950 110 433 732 1409 481 1512 1631 1516 711 927 159 
3266 709 691 950 9999 1019 1373 254 459 1422 565 839 615 1645 42 1105 
4133 451 437 110 1019 9999 406 814 1478 450 1583 1726 1599 682 999 154 
4537 857 843 433 1373 406 9999 1142 1829 49 1929 1993 1914 279 1348 274 
3520 596 569 732 254 814 1142 9999 690 1191 788 936 785 1409 219 881 
2902 1145 1132 1409 459 1478 1829 690 9999 1878 110 606 282 2098 482 1563 
4583 900 887 481 1422 450 49 1191 1878 9999 1978 2039 1963 232 1396 322 
2845 1255 1241 1512 565 1583 1929 788 110 1978 9999 558 232 2197 585 1665 
3224 1521 1497 1631 839 1726 1993 936 606 2039 558 9999 327 2230 830 1762 
3012 1324 1305 1516 615 1599 1914 785 282 1963 232 327 9999 2171 620 1662 
4815 1131 1119 711 1645 682 279 1409 2098 232 2197 2230 2171 9999 1618 553 
3304 705 685 927 42 999 1348 219 482 1396 585 830 620 1618 9999 1081 
4266 596 579 159 1105 154 274 881 1563 322 1665 1762 1662 553 1081 9999 
