,0,1,2,3,4,5,6,7,8,9,10,11,12,13,14,15,16,17,18,19,20,21,22
0,0.0,977.3608128372668,459.95641849086843,994.8395597641463,1736.4017338027606,1020.2750956734883,793.1279719945768,347.4900734847307,584.0868287141548,340.20541880157424,131.5592231067486,955.9249400230244,717.4558365165085,97.81955661207374,1643.0839435298824,843.1226042426058,1194.1979770651844,1144.04310539746,1451.074121930469,1313.6743550372673,214.12251215039393,1657.1591305419042,1476.9774051361908
1,977.3608128372668,0.0,1304.7223610855801,1467.9703152244294,2369.684358673254,1656.029551723274,403.4623329772207,775.7967087265472,419.956366189942,981.5511375918321,1044.1081632018956,1689.1688734827926,589.2780835368052,904.1001906421293,2191.9838391360154,971.5407943034346,1890.236821905817,1483.5678064920294,1871.3541955304636,1481.1143992058653,893.6103012959535,2203.354369557626,1590.2153389376945
2,459.95641849086843,1304.7223610855801,0.0,641.5407755061261,1281.8797033991275,586.6799223013311,1213.6635080284893,805.6542996365915,884.8253945529573,778.154316138102,531.3651797911637,499.02976081302324,1165.633759300908,555.4157935921148,1206.365370899077,751.554793513798,738.1400458548743,832.4881954941259,1065.043975404637,1058.6753623728014,419.186718494383,1220.7192692856831,1223.3112081017273
3,994.8395597641463,1467.9703152244294,641.5407755061261,0.0,905.3613347211409,277.6595868985948,1549.572456817578,1286.37926473742,1108.9624422333268,1334.6724668197064,1107.0231706766476,433.6315772165162,1574.2586196896873,1067.108402605492,726.8895187562673,529.9657349718119,503.6212238923903,208.34868548941466,459.85730195665633,466.59838874315847,828.9562513799727,738.9115887061068,618.0312249481478
4,1736.4017338027606,2369.684358673254,1281.8797033991275,905.3613347211409,0.0,734.4269284454019,2414.492066433401,2073.635529793953,1994.0974244968836,2059.914084888846,1812.8699716160636,783.0022667229762,2408.8567523567235,1827.7994086646092,253.82329562457352,1430.2850889523595,543.8949138548751,951.025375428464,621.8177032319168,1114.6531333582982,1632.8346151003027,253.3061224578628,1155.0235714642329
5,1020.2750956734883,1656.029551723274,586.6799223013311,277.6595868985948,734.4269284454019,0.0,1680.5624037764853,1348.2492214925464,1266.9430412803108,1354.2558043228132,1110.726161775161,180.7701991783851,1675.65631510245,1107.2531309932722,623.2150435784741,774.4653674263938,241.73723519510148,458.70153559258534,511.6512193373114,718.5453835613117,900.7430505404889,637.386791957983,853.008510106093
6,793.1279719945768,403.4623329772207,1213.6635080284893,1549.572456817578,2414.492066433401,1680.5624037764853,0.0,489.37213106164916,456.7205114232349,672.4779703249695,812.2847250085999,1670.2216991055848,190.30781943969666,699.6392984745936,2270.6030044363292,1132.4145186317094,1895.2444457035938,1617.0852273109329,1992.5881110401194,1675.955999512126,801.7670972692192,2283.378296676743,1808.957168277473
7,347.4900734847307,775.7967087265472,805.6542996365915,1286.37926473742,2073.635529793953,1348.2492214925464,489.37213106164916,0.0,490.25511695103773,206.69489811690184,330.188154008867,1297.3775905364969,378.02054563497603,250.45735951757376,1967.062933161321,1014.6608979050358,1534.154167993589,1408.2076504680529,1746.1958432168228,1538.6530266855118,457.80526492390396,1980.8631890158588,1694.0796208610113
8,584.0868287141548,419.956366189942,884.8253945529573,1108.9624422333268,1994.0974244968836,1266.9430412803108,456.7205114232349,490.25511695103773,0.0,685.5321646788739,673.749991960619,1283.668308540236,543.2709186853261,527.6654714747046,1835.0028800268246,675.8970411849289,1494.3645893784123,1163.5244174645177,1542.8784264668466,1220.193964652705,475.1737364982422,1847.293947231852,1356.0792816211915
9,340.20541880157424,981.5511375918321,778.154316138102,1334.6724668197064,2059.914084888846,1354.2558043228132,672.4779703249695,206.69489811690184,685.5321646788739,0.0,247.20990755657084,1276.9214193002917,527.8315292869883,274.1826147205726,1977.4524164428503,1137.9001479470826,1516.0541046797132,1479.490645747361,1791.2741382956415,1637.1018455711671,525.3633245509319,1991.6382280992839,1797.9092463833595
10,131.5592231067486,1044.1081632018956,531.3651797911637,1107.0231706766476,1812.8699716160636,1110.726161775161,812.2847250085999,330.188154008867,673.749991960619,247.20990755657084,0.0,1029.8681299977698,707.5128315372417,146.1955873919833,1733.5557306584117,974.6556750338661,1268.9849219590797,1263.9653039163989,1559.2188561115597,1440.4310955555961,345.64486660698833,1747.8027252179297,1604.380866974572
11,955.9249400230244,1689.1688734827926,499.02976081302324,433.6315772165162,783.0022667229762,180.7701991783851,1670.2216991055848,1297.3775905364969,1283.668308540236,1276.9214193002917,1029.8681299977698,0.0,1644.8874269360983,1049.0746208938021,726.5766222649944,874.7072749880829,239.13755992813458,629.820942339877,680.2053882041445,891.3440050001597,871.4780515952706,741.0677282235532,1030.536693688669
12,717.4558365165085,589.2780835368052,1165.633759300908,1574.2586196896873,2408.8567523567235,1675.65631510245,190.30781943969666,378.02054563497603,543.2709186853261,527.8315292869883,707.5128315372417,1644.8874269360983,0.0,619.7665180053393,2282.4089173547545,1205.3405934563414,1877.2664498380118,1664.2827788762982,2027.8430897589951,1750.1981821645447,776.3289256739093,2295.708603777887,1892.2185200005583
13,97.81955661207374,904.1001906421293,555.4157935921148,1067.108402605492,1827.7994086646092,1107.2531309932722,699.6392984745936,250.45735951757376,527.6654714747046,274.1826147205726,146.1955873919833,1049.0746208938021,619.7665180053393,0.0,1728.926541114523,871.2862729518988,1286.6938883133557,1206.664372593905,1525.7260606939856,1363.2449183005222,251.2754997798079,1742.9005506359485,1524.4828809915869
14,1643.0839435298824,2191.9838391360154,1206.365370899077,726.8895187562673,253.82329562457352,623.2150435784741,2270.6030044363292,1967.062933161321,1835.0028800268246,1977.4524164428503,1733.5557306584117,726.5766222649944,2282.4089173547545,1728.926541114523,0.0,1232.824237263149,507.7594483279283,733.2104616697682,376.3077275906602,872.4389027306836,1514.107650356,14.491554771935053,903.7547634946036
15,843.1226042426058,971.5407943034346,751.554793513798,529.9657349718119,1430.2850889523595,774.4653674263938,1132.4145186317094,1014.6608979050358,675.8970411849289,1137.9001479470826,974.6556750338661,874.7072749880829,1205.3405934563414,871.2862729518988,1232.824237263149,0.0,1015.3747526885078,512.327333090439,900.3110712483873,545.3530325079714,629.3808040664031,1243.3204009177189,688.4906606131219
16,1194.1979770651844,1890.236821905817,738.1400458548743,503.6212238923903,543.8949138548751,241.73723519510148,1895.2444457035938,1534.154167993589,1494.3645893784123,1516.0541046797132,1268.9849219590797,239.13755992813458,1877.2664498380118,1286.6938883133557,507.7594483279283,1015.3747526885078,0.0,652.4310408598085,559.2025914734136,898.253160239234,1101.5716112206267,522.0551006814676,1010.6593845487222
17,1144.04310539746,1483.5678064920294,832.4881954941259,208.34868548941466,951.025375428464,458.70153559258534,1617.0852273109329,1408.2076504680529,1163.5244174645177,1479.490645747361,1263.9653039163989,629.820942339877,1664.2827788762982,1206.664372593905,733.2104616697682,512.327333090439,652.4310408598085,0.0,387.99248853941805,261.66739100025967,958.863498170205,742.4813671516285,409.69461912127196
18,1451.074121930469,1871.3541955304636,1065.043975404637,459.85730195665633,621.8177032319168,511.6512193373114,1992.5881110401194,1746.1958432168228,1542.8784264668466,1791.2741382956415,1559.2188561115597,680.2053882041445,2027.8430897589951,1525.7260606939856,376.3077275906602,900.3110712483873,559.2025914734136,387.99248853941805,0.0,496.1856787239608,1288.8125479330595,382.12966695650505,536.765179583614
19,1313.6743550372673,1481.1143992058653,1058.6753623728014,466.59838874315847,1114.6531333582982,718.5453835613117,1675.955999512126,1538.6530266855118,1220.193964652705,1637.1018455711671,1440.4310955555961,891.3440050001597,1750.1981821645447,1363.2449183005222,872.4389027306836,545.3530325079714,898.253160239234,261.66739100025967,496.1856787239608,0.0,1112.00592899558,878.2986734163196,165.96001961929932
20,214.12251215039393,893.6103012959535,419.186718494383,828.9562513799727,1632.8346151003027,900.7430505404889,801.7670972692192,457.80526492390396,475.1737364982422,525.3633245509319,345.64486660698833,871.4780515952706,776.3289256739093,251.2754997798079,1514.107650356,629.3808040664031,1101.5716112206267,958.863498170205,1288.8125479330595,1112.00592899558,0.0,1527.7298978889212,1273.4811210982532
21,1657.1591305419042,2203.354369557626,1220.7192692856831,738.9115887061068,253.3061224578628,637.386791957983,2283.378296676743,1980.8631890158588,1847.293947231852,1991.6382280992839,1747.8027252179297,741.0677282235532,2295.708603777887,1742.9005506359485,14.491554771935053,1243.3204009177189,522.0551006814676,742.4813671516285,382.12966695650505,878.2986734163196,1527.7298978889212,0.0,907.0963944086354
22,1476.9774051361908,1590.2153389376945,1223.3112081017273,618.0312249481478,1155.0235714642329,853.008510106093,1808.957168277473,1694.0796208610113,1356.0792816211915,1797.9092463833595,1604.380866974572,1030.536693688669,1892.2185200005583,1524.4828809915869,903.7547634946036,688.4906606131219,1010.6593845487222,409.69461912127196,536.765179583614,165.96001961929932,1273.4811210982532,907.0963944086354,0.0
