NAME: ds_618_courier_4114
TYPE: TSP
COMMENT: nil
DIMENSION: 17
EDGE_WEIGHT_TYPE: EXPLICIT
EDGE_WEIGHT_FORMAT: FULL_MATRIX
EDGE_WEIGHT_SECTION
9999 2337 2277 2127 46 1948 1905 1970 1812 2055 2207 1983 2038 2087 1868 2128 2131 
2337 9999 61 366 2330 660 1485 470 545 460 133 1222 1238 908 519 359 207 
2277 61 9999 319 2271 609 1438 413 484 410 82 1178 1196 869 458 311 147 
2127 366 319 9999 2114 296 1120 157 338 98 328 860 879 555 265 8 269 
46 2330 2271 2114 9999 1930 1871 1957 1802 2041 2201 1954 2008 2063 1857 2115 2124 
1948 660 609 296 1930 9999 835 223 361 200 602 588 616 328 285 302 525 
1905 1485 1438 1120 1871 835 9999 1053 1128 1030 1436 276 287 602 1080 1127 1360 
1970 470 413 157 1957 223 1053 9999 200 103 391 811 839 540 117 158 309 
1812 545 484 338 1802 361 1128 200 9999 303 429 914 951 688 85 336 342 
2055 460 410 98 2041 200 1030 103 303 9999 409 774 796 481 220 104 339 
2207 133 82 328 2201 602 1436 391 429 409 9999 1183 1204 883 416 320 88 
1983 1222 1178 860 1954 588 276 811 914 774 1183 9999 57 326 855 868 1111 
2038 1238 1196 879 2008 616 287 839 951 796 1204 57 9999 332 889 886 1135 
2087 908 869 555 2063 328 602 540 688 481 883 326 332 9999 614 563 818 
1868 519 458 265 1857 285 1080 117 85 220 416 855 889 614 9999 264 328 
2128 359 311 8 2115 302 1127 158 336 104 320 868 886 563 264 9999 261 
2131 207 147 269 2124 525 1360 309 342 339 88 1111 1135 818 328 261 9999 
