NAME: ds_918_courier_1520
TYPE: TSP
COMMENT: nil
DIMENSION: 30
EDGE_WEIGHT_TYPE: EXPLICIT
EDGE_WEIGHT_FORMAT: FULL_MATRIX
EDGE_WEIGHT_SECTION
9999 1623 1969 1381 340 691 970 250 1815 1101 619 416 1910 1686 652 1550 1364 188 1177 458 321 892 902 1688 758 797 1024 1772 1712 224 
1623 9999 654 468 1352 998 658 1464 231 796 1106 1931 878 75 1037 514 280 1651 832 1724 1648 797 720 356 1716 1682 884 436 370 1840 
1969 654 9999 1112 1643 1480 1056 1754 743 1401 1589 2341 322 672 1317 419 869 2050 849 2187 2084 1315 1142 985 2248 2225 985 236 991 2192 
1381 468 1112 9999 1186 693 562 1285 530 361 784 1616 1294 481 934 869 270 1361 994 1374 1327 489 566 319 1309 1267 970 882 340 1579 
340 1352 1643 1186 9999 558 696 113 1560 974 539 751 1572 1420 330 1224 1114 482 838 721 580 715 646 1471 963 985 685 1456 1495 557 
691 998 1480 693 558 9999 431 634 1161 422 111 938 1521 1051 460 1091 721 671 891 727 652 209 342 1006 774 758 769 1253 1029 885 
970 658 1056 562 696 431 9999 806 865 546 538 1304 1092 725 393 660 424 1017 520 1133 1035 315 88 800 1205 1188 443 835 824 1190 
250 1464 1754 1285 113 634 806 9999 1670 1055 600 666 1677 1531 443 1335 1223 415 942 673 530 806 754 1574 940 969 790 1568 1599 456 
1815 231 743 530 1560 1161 865 1670 9999 890 1265 2100 1017 156 1252 714 451 1828 1062 1877 1813 954 918 270 1835 1795 1115 569 268 2027 
1101 796 1401 361 974 422 546 1055 890 9999 482 1286 1531 824 805 1086 535 1050 1062 1030 997 280 494 673 948 906 987 1165 692 1279 
619 1106 1589 784 539 111 538 600 1265 482 9999 837 1626 1158 510 1198 828 578 979 618 548 312 450 1100 668 656 850 1363 1123 800 
416 1931 2341 1616 751 938 1304 666 2100 1286 837 9999 2305 1987 1041 1925 1657 290 1578 287 290 1147 1225 1934 579 638 1426 2132 1957 255 
1910 878 322 1294 1572 1521 1092 1677 1017 1531 1626 2305 9999 916 1265 446 1029 2018 735 2188 2071 1389 1180 1230 2294 2279 887 450 1241 2129 
1686 75 672 481 1420 1051 725 1531 156 824 1158 1987 916 9999 1107 574 330 1710 906 1774 1703 847 784 316 1755 1719 958 467 326 1902 
652 1037 1317 934 330 460 393 443 1252 805 510 1041 1265 1107 9999 898 817 754 543 944 817 525 368 1191 1115 1119 392 1126 1216 875 
1550 514 419 869 1224 1091 660 1335 714 1086 1198 1925 446 574 898 9999 599 1635 454 1782 1674 947 748 865 1864 1846 576 259 881 1773 
1364 280 869 270 1114 721 424 1223 451 535 828 1657 1029 330 817 599 9999 1381 755 1445 1373 518 469 387 1437 1405 758 634 411 1578 
188 1651 2050 1361 482 671 1017 415 1828 1050 578 290 2018 1710 754 1635 1381 9999 1294 270 135 880 940 1676 574 617 1141 1843 1699 237 
1177 832 849 994 838 891 520 942 1062 1062 979 1578 735 906 543 454 755 1294 9999 1485 1359 829 589 1124 1632 1628 153 712 1146 1395 
458 1724 2187 1374 721 727 1133 673 1877 1030 618 287 2188 1774 944 1782 1445 270 1485 9999 143 927 1048 1693 321 373 1336 1968 1714 436 
321 1648 2084 1327 580 652 1035 530 1813 997 548 290 2071 1703 817 1674 1373 135 1359 143 9999 859 953 1645 439 483 1209 1869 1667 344 
892 797 1315 489 715 209 315 806 954 280 312 1147 1389 847 525 947 518 880 829 927 859 9999 241 799 937 911 734 1083 822 1091 
902 720 1142 566 646 342 88 754 918 494 450 1225 1180 784 368 748 469 940 589 1048 953 241 9999 829 1116 1100 496 920 854 1121 
1688 356 985 319 1471 1006 800 1574 270 673 1100 1934 1230 316 1191 865 387 1676 1124 1693 1645 799 829 9999 1619 1575 1141 783 25 1890 
758 1716 2248 1309 963 774 1205 940 1835 948 668 579 2294 1755 1115 1864 1437 574 1632 321 439 937 1116 1619 9999 63 1493 2018 1637 756 
797 1682 2225 1267 985 758 1188 969 1795 906 656 638 2279 1719 1119 1846 1405 617 1628 373 483 911 1100 1575 63 9999 1492 1994 1593 808 
1024 884 985 970 685 769 443 790 1115 987 850 1426 887 958 392 576 758 1141 153 1336 1209 734 496 1141 1493 1492 9999 829 1164 1242 
1772 436 236 882 1456 1253 835 1568 569 1165 1363 2132 450 467 1126 259 634 1843 712 1968 1869 1083 920 783 2018 1994 829 9999 793 1996 
1712 370 991 340 1495 1029 824 1599 268 692 1123 1957 1241 326 1216 881 411 1699 1146 1714 1667 822 854 25 1637 1593 1164 793 9999 1914 
224 1840 2192 1579 557 885 1190 456 2027 1279 800 255 2129 1902 875 1773 1578 237 1395 436 344 1091 1121 1890 756 808 1242 1996 1914 9999 
