NAME: ds_723_courier_487
TYPE: TSP
COMMENT: nil
DIMENSION: 13
EDGE_WEIGHT_TYPE: EXPLICIT
EDGE_WEIGHT_FORMAT: FULL_MATRIX
EDGE_WEIGHT_SECTION
9999 3733 2999 3036 2887 3041 3442 3267 3789 4292 2889 3653 4263 
3733 9999 1640 1733 1001 821 324 4614 5440 6097 892 82 6196 
2999 1640 9999 109 1757 1709 1357 2992 3819 4476 1547 1606 4584 
3036 1733 109 9999 1865 1817 1455 2914 3741 4396 1655 1701 4507 
2887 1001 1757 1865 9999 181 847 4417 5219 5866 216 923 5935 
3041 821 1709 1817 181 9999 684 4452 5261 5912 199 744 5986 
3442 324 1357 1455 847 684 9999 4310 5135 5792 685 264 5888 
3267 4614 2992 2914 4417 4452 4310 9999 827 1484 4256 4570 1595 
3789 5440 3819 3741 5219 5261 5135 827 9999 657 5064 5395 775 
4292 6097 4476 4396 5866 5912 5792 1484 657 9999 5714 6053 205 
2889 892 1547 1655 216 199 685 4256 5064 5714 9999 811 5788 
3653 82 1606 1701 923 744 264 4570 5395 6053 811 9999 6149 
4263 6196 4584 4507 5935 5986 5888 1595 775 205 5788 6149 9999 
