NAME: ds_730_courier_4474
TYPE: TSP
COMMENT: nil
DIMENSION: 24
EDGE_WEIGHT_TYPE: EXPLICIT
EDGE_WEIGHT_FORMAT: FULL_MATRIX
EDGE_WEIGHT_SECTION
9999 806 752 1152 675 658 1384 978 879 658 920 1535 1086 1518 2015 2025 1935 1854 1531 1397 1823 1794 1583 785 
806 9999 243 449 132 167 716 277 336 455 576 1545 800 1003 1210 1242 1173 1050 786 613 1018 989 1295 1087 
752 243 9999 400 216 305 639 232 145 226 796 1745 1024 1246 1328 1281 1185 1143 780 664 1124 1095 1530 867 
1152 449 400 9999 535 607 267 183 288 559 984 1961 1193 1262 996 889 786 791 381 307 786 760 1639 1139 
675 132 216 535 9999 89 798 353 349 380 587 1529 815 1075 1341 1363 1288 1179 893 733 1148 1119 1327 989 
658 167 305 607 89 9999 872 427 437 457 503 1440 730 1012 1360 1408 1341 1209 952 780 1173 1144 1246 1046 
1384 716 639 267 798 872 9999 445 505 749 1241 2215 1443 1463 954 736 603 734 240 347 754 733 1867 1244 
978 277 232 183 353 427 445 9999 168 427 839 1814 1056 1185 1105 1050 957 915 554 433 899 871 1528 1050 
879 336 145 288 349 437 505 168 9999 272 910 1871 1136 1315 1264 1178 1071 1068 666 582 1057 1029 1629 882 
658 455 226 559 380 457 749 427 272 9999 958 1865 1185 1452 1532 1446 1335 1338 932 853 1325 1298 1703 641 
920 576 796 984 587 503 1241 839 910 958 9999 977 228 598 1389 1581 1562 1309 1237 1023 1252 1227 746 1510 
1535 1545 1745 1961 1529 1440 2215 1814 1871 1865 977 9999 774 1001 2167 2459 2472 2155 2189 1970 2089 2068 568 2293 
1086 800 1024 1193 815 730 1443 1056 1136 1185 228 774 9999 487 1475 1717 1715 1426 1417 1198 1364 1341 524 1723 
1518 1003 1246 1262 1075 1012 1463 1185 1315 1452 598 1001 487 9999 1178 1512 1555 1198 1357 1144 1128 1112 473 2058 
2015 1210 1328 996 1341 1360 954 1105 1264 1532 1389 2167 1475 1178 9999 436 564 221 716 689 209 236 1650 2135 
2025 1242 1281 889 1363 1408 736 1050 1178 1446 1581 2459 1717 1512 436 9999 161 316 516 630 386 400 1982 1980 
1935 1173 1185 786 1288 1341 603 957 1071 1335 1562 2472 1715 1555 564 161 9999 396 406 564 462 467 2018 1845 
1854 1050 1143 791 1179 1209 734 915 1068 1338 1309 2155 1426 1198 221 316 396 9999 495 486 71 87 1669 1928 
1531 786 780 381 893 952 240 554 666 932 1237 2189 1417 1357 716 516 406 495 9999 220 519 501 1791 1470 
1397 613 664 307 733 780 347 433 582 853 1023 1970 1198 1144 689 630 564 486 220 9999 479 453 1573 1446 
1823 1018 1124 786 1148 1173 754 899 1057 1325 1252 2089 1364 1128 209 386 462 71 519 479 9999 29 1599 1926 
1794 989 1095 760 1119 1144 733 871 1029 1298 1227 2068 1341 1112 236 400 467 87 501 453 29 9999 1583 1899 
1583 1295 1530 1639 1327 1246 1867 1528 1629 1703 746 568 524 473 1650 1982 2018 1669 1791 1573 1599 1583 9999 2246 
785 1087 867 1139 989 1046 1244 1050 882 641 1510 2293 1723 2058 2135 1980 1845 1928 1470 1446 1926 1899 2246 9999 
