NAME: ds_808_courier_1103
TYPE: TSP
COMMENT: nil
DIMENSION: 23
EDGE_WEIGHT_TYPE: EXPLICIT
EDGE_WEIGHT_FORMAT: FULL_MATRIX
EDGE_WEIGHT_SECTION
9999 2815 1760 1876 2189 2118 2158 2126 2265 3211 3614 2146 462 417 471 306 951 694 986 582 1334 4195 486 
2815 9999 1317 1053 928 1487 1468 1762 2108 413 883 903 2888 2502 2449 2551 3737 3312 3325 2983 3997 6054 3023 
1760 1317 9999 295 456 510 535 716 1064 1725 2200 440 1999 1585 1548 1576 2709 2392 2540 2123 2766 4762 2113 
1876 1053 295 9999 344 713 724 961 1321 1465 1932 283 2054 1641 1596 1654 2825 2464 2569 2170 2970 5052 2177 
2189 928 456 344 9999 579 570 857 1217 1319 1803 77 2389 1975 1932 1982 3140 2796 2910 2507 3223 5127 2510 
2118 1487 510 713 579 9999 41 278 639 1856 2340 632 2417 2012 1982 1982 3047 2787 2974 2547 2949 4597 2520 
2158 1468 535 724 570 41 9999 293 648 1834 2318 626 2455 2049 2018 2020 3088 2826 3011 2584 2990 4624 2558 
2126 1762 716 961 857 278 293 9999 365 2126 2609 908 2465 2074 2050 2027 3027 2811 3030 2598 2837 4341 2557 
2265 2108 1064 1321 1217 639 648 365 9999 2459 2939 1271 2644 2274 2258 2211 3118 2958 3211 2778 2805 4051 2723 
3211 413 1725 1465 1319 1856 1834 2126 2459 9999 485 1302 3261 2884 2830 2939 4123 3685 3676 3350 4407 6444 3397 
3614 883 2200 1932 1803 2340 2318 2609 2939 485 9999 1783 3625 3266 3210 3331 4504 4045 4001 3704 4844 6928 3762 
2146 903 440 283 77 632 626 908 1271 1302 1783 9999 2335 1922 1878 1933 3097 2745 2851 2452 3202 5152 2458 
462 2888 1999 2054 2389 2417 2455 2465 2644 3261 3625 2335 9999 415 458 438 897 424 567 134 1609 4591 138 
417 2502 1585 1641 1975 2012 2049 2074 2274 2884 3266 1922 415 9999 57 127 1239 825 962 538 1750 4581 537 
471 2449 1548 1596 1932 1982 2018 2050 2258 2830 3210 1878 458 57 9999 171 1294 874 994 577 1804 4622 584 
306 2551 1576 1654 1982 1982 2020 2027 2211 2939 3331 1933 438 127 171 9999 1188 817 1003 571 1639 4454 539 
951 3737 2709 2825 3140 3047 3088 3027 3118 4123 4504 3097 897 1239 1294 1188 9999 523 830 855 1021 4109 762 
694 3312 2392 2464 2796 2787 2826 2811 2958 3685 4045 2745 424 825 874 817 523 9999 391 346 1419 4489 290 
986 3325 2540 2569 2910 2974 3011 3030 3211 3676 4001 2851 567 962 994 1003 830 391 9999 433 1796 4876 500 
582 2983 2123 2170 2507 2547 2584 2598 2778 3350 3704 2452 134 538 577 571 855 346 433 9999 1645 4660 132 
1334 3997 2766 2970 3223 2949 2990 2837 2805 4407 4844 3202 1609 1750 1804 1639 1021 1419 1796 1645 9999 3090 1515 
4195 6054 4762 5052 5127 4597 4624 4341 4051 6444 6928 5152 4591 4581 4622 4454 4109 4489 4876 4660 3090 9999 4529 
486 3023 2113 2177 2510 2520 2558 2557 2723 3397 3762 2458 138 537 584 539 762 290 500 132 1515 4529 9999 
