NAME: ds_610_courier_4849
TYPE: TSP
COMMENT: nil
DIMENSION: 25
EDGE_WEIGHT_TYPE: EXPLICIT
EDGE_WEIGHT_FORMAT: FULL_MATRIX
EDGE_WEIGHT_SECTION
9999 3526 2971 3345 3313 3484 3822 3507 3750 2692 3012 3086 3285 3357 3536 3340 3306 3217 3525 2800 2827 3543 3528 3127 3123 
3526 9999 578 533 647 686 499 201 961 882 682 443 327 252 400 191 225 388 258 780 734 919 987 777 1106 
2971 578 9999 483 533 697 876 537 1045 489 559 227 318 387 772 419 388 443 681 437 157 893 933 490 812 
3345 533 483 9999 114 219 495 345 567 969 957 580 276 307 910 533 531 719 773 905 566 442 497 281 579 
3313 647 533 114 9999 180 566 458 518 1021 1041 662 377 417 1021 640 635 816 885 966 587 362 408 199 467 
3484 686 697 219 180 9999 462 485 348 1186 1174 799 485 499 1081 726 730 926 941 1123 764 236 301 357 526 
3822 499 876 495 566 462 9999 370 566 1304 1164 853 560 505 866 652 676 872 733 1213 1003 623 694 764 988 
3507 201 537 345 458 485 370 9999 767 936 802 484 224 150 600 293 312 515 458 844 681 718 786 610 924 
3750 961 1045 567 518 348 566 767 9999 1534 1513 1141 821 820 1361 1041 1050 1252 1219 1471 1104 208 238 652 654 
2692 882 489 969 1021 1186 1304 936 1534 9999 345 453 757 800 846 692 659 530 835 109 473 1381 1418 956 1243 
3012 682 559 957 1041 1174 1164 802 1513 345 9999 378 692 701 529 512 490 294 553 253 636 1398 1449 1042 1371 
3086 443 227 580 662 799 853 484 1141 453 378 9999 325 353 553 255 220 216 478 360 365 1020 1070 674 1012 
3285 327 318 276 377 485 560 224 821 757 692 325 9999 80 656 265 258 443 527 676 458 716 772 464 805 
3357 252 387 307 417 499 505 150 820 800 701 353 80 9999 605 228 232 432 470 713 532 734 795 528 862 
3536 400 772 910 1021 1081 866 600 1361 846 529 553 656 605 9999 395 412 350 142 739 917 1317 1383 1119 1461 
3340 191 419 533 640 726 652 293 1041 692 512 255 265 228 395 9999 35 222 276 590 576 962 1023 725 1068 
3306 225 388 531 635 730 676 312 1050 659 490 220 258 232 412 35 9999 205 300 558 544 965 1024 711 1055 
3217 388 443 719 816 926 872 515 1252 530 294 216 443 432 350 222 205 9999 308 422 578 1158 1216 862 1206 
3525 258 681 773 885 941 733 458 1219 835 553 478 527 470 142 276 300 308 9999 727 833 1175 1242 992 1331 
2800 780 437 905 966 1123 1213 844 1471 109 253 360 676 713 739 590 558 422 727 9999 456 1328 1369 921 1224 
2827 734 157 566 587 764 1003 681 1104 473 636 365 458 532 917 576 544 578 833 456 9999 933 962 489 771 
3543 919 893 442 362 236 623 718 208 1381 1398 1020 716 734 1317 962 965 1158 1175 1328 933 9999 72 460 453 
3528 987 933 497 408 301 694 786 238 1418 1449 1070 772 795 1383 1023 1024 1216 1242 1369 962 72 9999 479 418 
3127 777 490 281 199 357 764 610 652 956 1042 674 464 528 1119 725 711 862 992 921 489 460 479 9999 345 
3123 1106 812 579 467 526 988 924 654 1243 1371 1012 805 862 1461 1068 1055 1206 1331 1224 771 453 418 345 9999 
