NAME: ds_712_courier_638
TYPE: TSP
COMMENT: nil
DIMENSION: 12
EDGE_WEIGHT_TYPE: EXPLICIT
EDGE_WEIGHT_FORMAT: FULL_MATRIX
EDGE_WEIGHT_SECTION
9999 25 1411 1812 1221 1025 1189 1827 1328 1441 742 8955 
25 9999 1434 1823 1237 1051 1199 1832 1337 1455 764 8975 
1411 1434 9999 1297 739 468 1026 1624 1098 837 677 7632 
1812 1823 1297 9999 690 1538 623 418 487 488 1328 7381 
1221 1237 739 690 9999 865 294 923 361 227 642 7770 
1025 1051 468 1538 865 9999 1086 1784 1202 1050 398 8097 
1189 1199 1026 623 294 1086 9999 720 143 362 780 7913 
1827 1832 1624 418 923 1784 720 9999 587 788 1500 7644 
1328 1337 1098 487 361 1202 143 587 9999 334 915 7815 
1441 1455 837 488 227 1050 362 788 334 9999 864 7577 
742 764 677 1328 642 398 780 1500 915 864 9999 8234 
8955 8975 7632 7381 7770 8097 7913 7644 7815 7577 8234 9999 
