NAME: ds_824_courier_1103
TYPE: TSP
COMMENT: nil
DIMENSION: 27
EDGE_WEIGHT_TYPE: EXPLICIT
EDGE_WEIGHT_FORMAT: FULL_MATRIX
EDGE_WEIGHT_SECTION
9999 3202 1940 2021 3205 3045 3622 3506 2019 2063 2165 2168 2057 2173 2101 2173 2141 2111 2196 2260 946 506 322 300 431 626 1319 
3202 9999 1718 1888 567 569 508 546 2177 1937 1693 1660 1684 1962 2180 2270 2346 2508 2529 2626 3492 3309 3175 3048 2923 3272 4453 
1940 1718 9999 243 1462 1318 1968 2210 526 321 242 235 120 424 568 686 739 874 925 1035 2620 2267 2069 1931 1866 2300 2977 
2021 1888 243 9999 1574 1442 2094 2398 297 78 212 239 211 192 328 444 501 646 690 799 2760 2387 2181 2046 1995 2432 2973 
3205 567 1462 1574 9999 160 525 1086 1835 1605 1363 1335 1393 1599 1820 1891 1972 2137 2142 2229 3640 3395 3235 3100 2991 3381 4379 
3045 569 1318 1442 160 9999 652 1111 1711 1478 1234 1204 1255 1480 1701 1778 1858 2023 2033 2123 3484 3236 3075 2940 2831 3222 4222 
3622 508 1968 2094 525 652 9999 788 2359 2127 1884 1855 1908 2124 2345 2416 2497 2662 2667 2753 3970 3765 3620 3489 3370 3736 4837 
3506 546 2210 2398 1086 1111 788 9999 2692 2452 2210 2177 2190 2486 2701 2796 2870 3030 3055 3155 3667 3543 3434 3317 3182 3487 4796 
2019 2177 526 297 1835 1711 2359 2692 9999 240 484 517 508 245 84 189 219 350 400 511 2826 2428 2217 2087 2056 2489 2854 
2063 1937 321 78 1605 1478 2127 2452 240 9999 246 278 276 121 258 371 432 582 621 729 2817 2439 2232 2098 2050 2487 2988 
2165 1693 242 212 1363 1234 1884 2210 484 246 9999 34 124 283 491 591 662 820 850 954 2861 2505 2304 2167 2105 2540 3162 
2168 1660 235 239 1335 1204 1855 2177 517 278 34 9999 115 317 525 626 696 853 884 988 2855 2502 2303 2165 2101 2535 3176 
2057 1684 120 211 1393 1255 1908 2190 508 276 124 115 9999 354 534 645 708 856 896 1005 2741 2388 2189 2051 1986 2421 3078 
2173 1962 424 192 1599 1480 2124 2486 245 121 283 317 354 9999 221 310 385 547 570 672 2935 2555 2347 2213 2168 2604 3070 
2101 2180 568 328 1820 1701 2345 2701 84 258 491 525 534 221 9999 120 174 329 363 471 2909 2512 2300 2171 2140 2572 2923 
2173 2270 686 444 1891 1778 2416 2796 189 371 591 626 645 310 120 9999 82 247 260 363 2998 2595 2382 2255 2229 2659 2950 
2141 2346 739 501 1972 1858 2497 2870 219 432 662 696 708 385 174 82 9999 165 189 297 2980 2572 2359 2233 2213 2640 2889 
2111 2508 874 646 2137 2023 2662 3030 350 582 820 853 856 547 329 247 165 9999 86 182 2976 2559 2345 2224 2214 2635 2790 
2196 2529 925 690 2142 2033 2667 3055 400 621 850 884 896 570 363 260 189 86 9999 111 3063 2645 2431 2310 2301 2721 2859 
2260 2626 1035 799 2229 2123 2753 3155 511 729 954 988 1005 672 471 363 297 182 111 9999 3138 2717 2503 2385 2380 2797 2877 
946 3492 2620 2760 3640 3484 3970 3667 2826 2817 2861 2855 2741 2935 2909 2998 2980 2976 3063 3138 9999 440 647 755 769 342 1775 
506 3309 2267 2387 3395 3236 3765 3543 2428 2439 2505 2502 2388 2555 2512 2595 2572 2559 2645 2717 440 9999 214 342 410 138 1524 
322 3175 2069 2181 3235 3075 3620 3434 2217 2232 2304 2303 2189 2347 2300 2382 2359 2345 2431 2503 647 214 9999 138 253 312 1504 
300 3048 1931 2046 3100 2940 3489 3317 2087 2098 2167 2165 2051 2213 2171 2255 2233 2224 2310 2385 755 342 138 9999 146 413 1575 
431 2923 1866 1995 2991 2831 3370 3182 2056 2050 2105 2101 1986 2168 2140 2229 2213 2214 2301 2380 769 410 253 146 9999 436 1720 
626 3272 2300 2432 3381 3222 3736 3487 2489 2487 2540 2535 2421 2604 2572 2659 2640 2635 2721 2797 342 138 312 413 436 9999 1651 
1319 4453 2977 2973 4379 4222 4837 4796 2854 2988 3162 3176 3078 3070 2923 2950 2889 2790 2859 2877 1775 1524 1504 1575 1720 1651 9999 
