NAME: ds_708_courier_638
TYPE: TSP
COMMENT: nil
DIMENSION: 20
EDGE_WEIGHT_TYPE: EXPLICIT
EDGE_WEIGHT_FORMAT: FULL_MATRIX
EDGE_WEIGHT_SECTION
9999 992 1046 1538 666 824 1112 7 1096 12831 1308 1008 1538 1136 1128 772 1549 1251 507 544 
992 9999 63 851 909 598 536 986 228 11896 317 44 795 496 501 752 859 403 487 567 
1046 63 9999 801 971 655 509 1041 246 11834 263 83 742 463 469 812 809 407 544 603 
1538 851 801 9999 1714 1442 428 1535 1026 11331 758 883 96 417 422 1586 11 1133 1158 995 
666 909 971 1714 9999 368 1314 660 861 12752 1181 895 1676 1305 1303 209 1723 934 593 863 
824 598 655 1442 368 9999 1079 817 504 12386 834 573 1391 1056 1057 168 1451 566 484 766 
1112 536 509 428 1314 1079 9999 1109 755 11738 609 578 428 64 51 1207 438 908 740 568 
7 986 1041 1535 660 817 1109 9999 1089 12827 1303 1003 1535 1133 1125 765 1546 1244 501 541 
1096 228 246 1026 861 504 755 1089 9999 11893 333 183 958 709 715 672 1033 183 596 751 
12831 11896 11834 11331 12752 12386 11738 12827 11893 9999 11590 11895 11311 11704 11714 12553 11320 11823 12365 12293 
1308 317 263 758 1181 834 609 1303 333 11590 9999 308 676 549 560 1000 762 384 805 855 
1008 44 83 883 895 573 578 1003 183 11895 308 9999 825 536 542 731 891 360 502 600 
1538 795 742 96 1676 1391 428 1535 958 11311 676 825 9999 402 410 1540 96 1056 1135 994 
1136 496 463 417 1305 1056 64 1133 709 11704 549 536 402 9999 13 1189 427 857 742 593 
1128 501 469 422 1303 1057 51 1125 715 11714 560 542 410 13 9999 1189 432 865 737 584 
772 752 812 1586 209 168 1207 765 672 12553 1000 731 1540 1189 1189 9999 1595 731 542 830 
1549 859 809 11 1723 1451 438 1546 1033 11320 762 891 96 427 432 1595 9999 1139 1168 1006 
1251 403 407 1133 934 566 908 1244 183 11823 384 360 1056 857 865 731 1139 9999 762 933 
507 487 544 1158 593 484 740 501 596 12365 805 502 1135 742 737 542 1168 762 9999 288 
544 567 603 995 863 766 568 541 751 12293 855 600 994 593 584 830 1006 933 288 9999 
