NAME: ds_714_courier_4849
TYPE: TSP
COMMENT: nil
DIMENSION: 31
EDGE_WEIGHT_TYPE: EXPLICIT
EDGE_WEIGHT_FORMAT: FULL_MATRIX
EDGE_WEIGHT_SECTION
9999 80 2026 3842 3694 3913 2245 3511 3090 3849 4151 1885 2893 2691 3447 2767 2906 3625 3097 3711 3510 3488 2117 2681 2242 3274 2561 2975 3256 1977 3862 
80 9999 1998 3819 3669 3885 2220 3493 3074 3826 4156 1858 2870 2672 3413 2754 2895 3611 3072 3684 3500 3484 2106 2673 2216 3256 2559 2960 3241 1948 3838 
2026 1998 9999 1826 1673 1888 227 1522 1137 1832 2436 141 882 718 1434 865 1025 1663 1077 1686 1599 1667 437 874 222 1289 921 1031 1304 71 1841 
3842 3819 1826 9999 171 264 1601 390 817 31 1407 1965 949 1162 645 1145 1060 432 750 241 660 927 1769 1298 1605 603 1522 925 687 1883 82 
3694 3669 1673 171 9999 272 1449 339 720 166 1505 1813 804 1029 486 1035 969 455 597 115 668 945 1641 1200 1453 504 1433 820 615 1728 168 
3913 3885 1888 264 272 9999 1669 604 990 233 1661 2028 1043 1278 541 1300 1240 686 828 207 912 1183 1890 1468 1672 776 1703 1087 887 1938 182 
2245 2220 227 1601 1449 1669 9999 1295 915 1607 2238 364 655 497 1232 659 820 1438 852 1466 1380 1461 413 697 7 1062 792 811 1081 291 1618 
3511 3493 1522 390 339 604 1295 9999 438 412 1273 1656 645 821 685 771 675 194 493 444 349 624 1412 915 1300 237 1134 551 298 1584 451 
3090 3074 1137 817 720 990 915 438 9999 835 1393 1264 343 419 839 333 250 536 365 795 469 612 980 482 921 216 713 115 168 1204 866 
3849 3826 1832 31 166 233 1607 412 835 9999 1436 1971 957 1173 629 1161 1080 461 755 222 689 956 1782 1317 1611 620 1543 942 709 1888 51 
4151 4156 2436 1407 1505 1661 2238 1273 1393 1436 9999 2538 1735 1763 1951 1579 1419 1085 1690 1617 966 786 2124 1569 2245 1375 1613 1465 1265 2507 1486 
1885 1858 141 1965 1813 2028 364 1656 1264 1971 2538 9999 1019 846 1573 979 1138 1794 1216 1827 1722 1777 469 970 360 1422 987 1156 1432 107 1981 
2893 2870 882 949 804 1043 655 645 343 957 1735 1019 9999 245 707 367 436 803 217 837 794 955 849 550 660 421 790 296 481 942 972 
2691 2672 718 1162 1029 1278 497 821 419 1173 1763 846 245 9999 950 211 354 949 459 1071 883 979 613 356 503 584 576 314 586 786 1193 
3447 3413 1434 645 486 541 1232 685 839 629 1951 1573 707 950 9999 1053 1062 867 514 407 1028 1293 1528 1239 1234 685 1484 890 831 1475 603 
2767 2754 865 1145 1035 1300 659 771 333 1161 1579 979 367 211 1053 9999 161 861 539 1097 751 803 651 186 666 542 431 220 492 935 1189 
2906 2895 1025 1060 969 1240 820 675 250 1080 1419 1138 436 354 1062 161 9999 737 557 1045 605 642 789 242 827 465 464 172 379 1096 1113 
3625 3611 1663 432 455 686 1438 194 536 461 1085 1794 803 949 867 861 737 9999 675 570 229 497 1512 978 1443 381 1175 650 370 1728 510 
3097 3072 1077 750 597 828 852 493 365 755 1690 1216 217 459 514 539 557 675 9999 622 725 936 1066 725 856 316 970 387 432 1133 765 
3711 3684 1686 241 115 207 1466 444 795 222 1617 1827 837 1071 407 1097 1045 570 622 9999 780 1057 1683 1269 1470 584 1507 888 706 1738 196 
3510 3500 1599 660 668 912 1380 349 469 689 966 1722 794 883 1028 751 605 229 725 780 9999 277 1394 834 1386 409 1003 569 313 1668 737 
3488 3484 1667 927 945 1183 1461 624 612 956 786 1777 955 979 1293 803 642 497 936 1057 277 9999 1395 823 1468 635 931 679 504 1738 1006 
2117 2106 437 1769 1641 1890 413 1412 980 1782 2124 469 849 613 1528 651 789 1512 1066 1683 1394 1395 9999 573 417 1177 529 865 1143 495 1804 
2681 2673 874 1298 1200 1468 697 915 482 1317 1569 970 550 356 1239 186 242 978 725 1269 834 823 573 9999 705 698 245 381 621 946 1348 
2242 2216 222 1605 1453 1672 7 1300 921 1611 2245 360 660 503 1234 666 827 1443 856 1470 1386 1468 417 705 9999 1068 799 818 1087 285 1622 
3274 3256 1289 603 504 776 1062 237 216 620 1375 1422 421 584 685 542 465 381 316 584 409 635 1177 698 1068 9999 929 322 146 1353 650 
2561 2559 921 1522 1433 1703 792 1134 713 1543 1613 987 790 576 1484 431 464 1175 970 1507 1003 931 529 245 799 929 9999 620 837 989 1576 
2975 2960 1031 925 820 1087 811 551 115 942 1465 1156 296 314 890 220 172 650 387 888 569 679 865 381 818 322 620 9999 281 1099 971 
3256 3241 1304 687 615 887 1081 298 168 709 1265 1432 481 586 831 492 379 370 432 706 313 504 1143 621 1087 146 837 281 9999 1371 745 
1977 1948 71 1883 1728 1938 291 1584 1204 1888 2507 107 942 786 1475 935 1096 1728 1133 1738 1668 1738 495 946 285 1353 989 1099 1371 9999 1896 
3862 3838 1841 82 168 182 1618 451 866 51 1486 1981 972 1193 603 1189 1113 510 765 196 737 1006 1804 1348 1622 650 1576 971 745 1896 9999 
