NAME: ds_910_courier_949
TYPE: TSP
COMMENT: nil
DIMENSION: 19
EDGE_WEIGHT_TYPE: EXPLICIT
EDGE_WEIGHT_FORMAT: FULL_MATRIX
EDGE_WEIGHT_SECTION
9999 4118 2315 2293 2265 2351 3240 3050 4109 3758 3110 3046 3445 3810 3791 3266 2574 2038 2318 
4118 9999 2454 2018 2275 2390 1154 1317 16 628 1009 1186 674 354 339 853 2091 2538 5709 
2315 2454 9999 610 257 64 1311 1138 2453 1887 1681 1289 1870 2284 2221 1782 372 289 4512 
2293 2018 610 9999 354 565 969 776 2014 1530 1131 836 1377 1793 1742 1254 472 552 4313 
2265 2275 257 354 9999 219 1157 971 2273 1736 1453 1093 1665 2082 2024 1563 309 275 4400 
2351 2390 64 565 219 9999 1247 1074 2389 1822 1622 1226 1808 2221 2158 1721 308 316 4535 
3240 1154 1311 969 1157 1247 9999 194 1154 579 704 275 676 1042 967 697 942 1430 5134 
3050 1317 1138 776 971 1074 194 9999 1316 766 712 227 774 1169 1100 747 776 1243 4967 
4109 16 2453 2014 2273 2389 1154 1316 9999 634 1000 1183 666 340 327 844 2091 2536 5696 
3758 628 1887 1530 1736 1822 579 766 634 9999 814 714 530 663 579 695 1516 2008 5541 
3110 1009 1681 1131 1453 1622 704 712 1000 814 9999 485 345 708 681 156 1371 1682 4758 
3046 1186 1289 836 1093 1226 275 227 1183 714 485 9999 583 994 933 529 945 1353 4885 
3445 674 1870 1377 1665 1808 676 774 666 530 345 583 9999 417 367 193 1528 1916 5098 
3810 354 2284 1793 2082 2221 1042 1169 340 663 708 994 417 9999 84 558 1936 2333 5359 
3791 339 2221 1742 2024 2158 967 1100 327 579 681 933 367 84 9999 527 1871 2278 5372 
3266 853 1782 1254 1563 1721 697 747 844 695 156 529 193 558 527 9999 1457 1802 4905 
2574 2091 372 472 309 308 942 776 2091 1516 1371 945 1528 1936 1871 1457 9999 560 4697 
2038 2538 289 552 275 316 1430 1243 2536 2008 1682 1353 1916 2333 2278 1802 560 9999 4223 
2318 5709 4512 4313 4400 4535 5134 4967 5696 5541 4758 4885 5098 5359 5372 4905 4697 4223 9999 
