NAME: ds_706_courier_949
TYPE: TSP
COMMENT: nil
DIMENSION: 13
EDGE_WEIGHT_TYPE: EXPLICIT
EDGE_WEIGHT_FORMAT: FULL_MATRIX
EDGE_WEIGHT_SECTION
9999 2799 2927 2529 4047 4044 3904 3905 3909 3761 3151 3399 26 
2799 9999 132 662 1728 1731 1559 1478 1478 1173 764 993 2778 
2927 132 9999 762 1630 1633 1461 1374 1373 1057 696 905 2905 
2529 662 762 9999 2389 2392 2220 2135 2135 1815 1421 1655 2510 
4047 1728 1630 2389 9999 9 169 276 279 649 1006 747 4021 
4044 1731 1633 2392 9 9999 172 282 285 656 1008 748 4019 
3904 1559 1461 2220 169 172 9999 143 148 505 839 578 3879 
3905 1478 1374 2135 276 282 143 9999 6 374 792 528 3881 
3909 1478 1373 2135 279 285 148 6 9999 371 794 529 3884 
3761 1173 1057 1815 649 656 505 374 371 9999 614 402 3736 
3151 764 696 1421 1006 1008 839 792 794 614 9999 265 3126 
3399 993 905 1655 747 748 578 528 529 402 265 9999 3374 
26 2778 2905 2510 4021 4019 3879 3881 3884 3736 3126 3374 9999 
