NAME: ds_906_courier_75
TYPE: TSP
COMMENT: nil
DIMENSION: 28
EDGE_WEIGHT_TYPE: EXPLICIT
EDGE_WEIGHT_FORMAT: FULL_MATRIX
EDGE_WEIGHT_SECTION
9999 1449 2401 2440 2475 2245 1416 1649 1760 2004 2452 2449 1713 1829 1710 963 1185 1340 804 778 1355 318 624 646 462 764 3960 1166 
1449 9999 1511 1616 1742 2231 694 765 753 967 2163 2174 465 385 267 491 284 711 649 686 326 1165 1267 1200 1083 812 2550 357 
2401 1511 9999 133 306 1363 1023 814 769 545 1028 1049 1865 1363 1390 1682 1532 1086 1779 1762 1284 2260 1849 1798 1941 1664 2929 1804 
2440 1616 133 9999 174 1262 1092 896 866 658 909 931 1983 1485 1507 1761 1621 1149 1850 1829 1375 2314 1872 1825 1984 1718 3054 1898 
2475 1742 306 174 9999 1121 1175 999 989 803 747 770 2125 1635 1650 1850 1726 1224 1928 1903 1484 2370 1888 1845 2026 1775 3225 2008 
2245 2231 1363 1262 1121 9999 1537 1529 1620 1597 439 418 2691 2311 2270 2073 2069 1524 2064 2015 1906 2290 1634 1632 1909 1808 4247 2347 
1416 694 1023 1092 1175 1537 9999 233 355 589 1483 1492 1154 826 759 675 575 82 758 739 372 1244 953 889 956 657 2990 866 
1649 765 814 896 999 1529 233 9999 140 356 1408 1421 1195 783 747 868 727 312 969 957 486 1471 1177 1114 1189 888 2858 1009 
1760 753 769 866 989 1620 355 140 9999 254 1467 1481 1153 703 687 934 767 436 1049 1043 518 1567 1307 1244 1302 996 2728 1035 
2004 967 545 658 803 1597 589 356 254 9999 1379 1396 1325 833 849 1186 1013 668 1303 1296 764 1818 1526 1466 1545 1242 2669 1272 
2452 2163 1028 909 747 439 1483 1408 1467 1379 9999 23 2603 2170 2151 2103 2053 1493 2127 2086 1851 2442 1828 1811 2063 1900 3955 2342 
2449 2174 1049 931 770 418 1492 1421 1481 1396 23 9999 2616 2184 2164 2109 2061 1501 2132 2090 1861 2442 1825 1809 2062 1903 3976 2350 
1713 465 1865 1983 2125 2691 1154 1195 1153 1325 2603 2616 9999 514 476 844 699 1175 979 1030 790 1401 1661 1598 1428 1205 2251 558 
1829 385 1363 1485 1635 2311 826 783 703 833 2170 2184 514 9999 120 867 646 877 1026 1057 554 1549 1594 1525 1444 1154 2217 729 
1710 267 1390 1507 1650 2270 759 747 687 849 2151 2164 476 120 9999 748 528 802 907 939 455 1430 1485 1417 1328 1041 2323 615 
963 491 1682 1761 1850 2073 675 868 934 1186 2103 2109 844 867 748 9999 224 634 159 196 436 694 818 756 597 366 3035 313 
1185 284 1532 1621 1726 2069 575 727 767 1013 2053 2061 699 646 528 224 9999 560 381 411 249 917 985 919 802 529 2834 291 
1340 711 1086 1149 1224 1524 82 312 436 668 1493 1501 1175 877 802 634 560 9999 703 680 385 1175 871 807 878 583 3056 849 
804 649 1779 1850 1928 2064 758 969 1049 1303 2127 2132 979 1026 907 159 381 703 9999 58 575 542 699 641 450 276 3188 427 
778 686 1762 1829 1903 2015 739 957 1043 1296 2086 2090 1030 1057 939 196 411 680 58 9999 585 532 642 584 402 220 3231 481 
1355 326 1284 1375 1484 1906 372 486 518 764 1851 1861 790 554 455 436 249 385 575 585 9999 1115 1046 977 930 624 2771 524 
318 1165 2260 2314 2370 2290 1244 1471 1567 1818 2442 2442 1401 1549 1430 694 917 1175 542 532 1115 9999 671 660 382 597 3651 861 
624 1267 1849 1872 1888 1634 953 1177 1307 1526 1828 1825 1661 1594 1485 818 985 871 699 642 1046 671 9999 69 315 458 3808 1122 
646 1200 1798 1825 1845 1632 889 1114 1244 1466 1811 1809 1598 1525 1417 756 919 807 641 584 977 660 69 9999 288 393 3740 1062 
462 1083 1941 1984 2026 1909 956 1189 1302 1545 2063 2062 1428 1444 1328 597 802 878 450 402 930 382 315 288 9999 312 3631 873 
764 812 1664 1718 1775 1808 657 888 996 1242 1900 1903 1205 1154 1041 366 529 583 276 220 624 597 458 393 312 9999 3360 677 
3960 2550 2929 3054 3225 4247 2990 2858 2728 2669 3955 3976 2251 2217 2323 3035 2834 3056 3188 3231 2771 3651 3808 3740 3631 3360 9999 2794 
1166 357 1804 1898 2008 2347 866 1009 1035 1272 2342 2350 558 729 615 313 291 849 427 481 524 861 1122 1062 873 677 2794 9999 
