,0,1,2,3,4,5,6,7,8
0,0.0,2929.647729873998,2744.344181545129,2562.2835297769543,2709.37700060345,2397.6283612954867,2422.8608910280427,2244.8089886764087,3034.031427321705
1,2929.647729873998,0.0,233.56096946640653,367.40880690866595,403.9754750026172,535.70266734871,514.1471796035594,5174.212073725554,177.80277958008128
2,2744.344181545129,233.56096946640653,0.0,228.75406823078478,465.44483545082176,353.308161761334,385.72536641526193,4988.577903772604,405.6142873211784
3,2562.2835297769543,367.40880690866595,228.75406823078478,0.0,344.2131690309828,176.5932804710505,158.72579864060688,4806.810531064513,489.0111203864915
4,2709.37700060345,403.9754750026172,465.44483545082176,344.2131690309828,0.0,481.1771302525294,364.12178747372235,4942.178717554043,384.68250726168174
5,2397.6283612954867,535.70266734871,353.308161761334,176.5932804710505,481.1771302525294,0.0,137.76822393807876,4642.427881824065,665.3169866409785
6,2422.8608910280427,514.1471796035594,385.72536641526193,158.72579864060688,364.12178747372235,137.76822393807876,0.0,4666.084928972068,612.6595669013171
7,2244.8089886764087,5174.212073725554,4988.577903772604,4806.810531064513,4942.178717554043,4642.427881824065,4666.084928972068,0.0,5275.866146159922
8,3034.031427321705,177.80277958008128,405.6142873211784,489.0111203864915,384.68250726168174,665.3169866409785,612.6595669013171,5275.866146159922,0.0
