NAME: ds_807_courier_4474
TYPE: TSP
COMMENT: nil
DIMENSION: 12
EDGE_WEIGHT_TYPE: EXPLICIT
EDGE_WEIGHT_FORMAT: FULL_MATRIX
EDGE_WEIGHT_SECTION
9999 2051 1019 1490 1429 1158 981 1462 1517 2167 629 1726 
2051 9999 1256 1881 629 1707 1150 2384 1776 124 1434 491 
1019 1256 9999 1813 778 1475 206 2076 1769 1348 475 1150 
1490 1881 1813 9999 1432 356 1619 561 118 1996 1417 1390 
1429 629 778 1432 9999 1183 611 1869 1346 750 826 372 
1158 1707 1475 356 1183 9999 1286 686 360 1828 1065 1224 
981 1150 206 1619 611 1286 9999 1907 1571 1253 368 981 
1462 2384 2076 561 1869 686 1907 9999 679 2503 1621 1895 
1517 1776 1769 118 1346 360 1571 679 9999 1890 1393 1286 
2167 124 1348 1996 750 1828 1253 2503 1890 9999 1547 608 
629 1434 475 1417 826 1065 368 1621 1393 1547 9999 1159 
1726 491 1150 1390 372 1224 981 1895 1286 608 1159 9999 
