NAME: ds_1001_courier_1103
TYPE: TSP
COMMENT: nil
DIMENSION: 22
EDGE_WEIGHT_TYPE: EXPLICIT
EDGE_WEIGHT_FORMAT: FULL_MATRIX
EDGE_WEIGHT_SECTION
9999 2228 2237 2931 3328 3117 1879 1887 2263 2180 2259 503 363 300 957 481 4185 1176 722 630 632 712 
2228 9999 185 1388 1728 1864 374 474 312 709 678 2060 2068 2020 3065 2246 4791 3363 2812 2653 2652 2676 
2237 185 9999 1566 1898 2047 469 609 127 531 495 2110 2105 2048 3104 2293 4631 3390 2850 2696 2694 2725 
2931 1388 1566 9999 402 517 1418 1275 1687 2096 2059 2548 2632 2644 3488 2713 6150 3842 3268 3099 3095 3077 
3328 1728 1898 402 9999 491 1798 1664 2012 2428 2382 2935 3023 3039 3858 3096 6513 4215 3643 3475 3471 3450 
3117 1864 2047 517 491 9999 1835 1673 2171 2572 2542 2684 2787 2820 3548 2830 6571 3910 3349 3185 3181 3148 
1879 374 469 1418 1798 1835 9999 179 568 836 845 1689 1701 1658 2696 1874 4740 2998 2444 2283 2281 2305 
1887 474 609 1275 1664 1673 179 9999 720 1013 1019 1651 1678 1646 2662 1837 4898 2976 2412 2248 2246 2262 
2263 312 127 1687 2012 2171 568 720 9999 416 373 2162 2150 2087 3147 2344 4528 3425 2894 2742 2741 2775 
2180 709 531 2096 2428 2572 836 1013 416 9999 89 2175 2134 2055 3112 2346 4115 3357 2860 2721 2721 2768 
2259 678 495 2059 2382 2542 845 1019 373 89 9999 2241 2205 2127 3186 2415 4175 3435 2934 2793 2793 2838 
503 2060 2110 2548 2935 2684 1689 1651 2162 2175 2241 9999 144 248 1010 186 4647 1333 762 597 595 616 
363 2068 2105 2632 3023 2787 1701 1678 2150 2134 2205 144 9999 113 999 224 4506 1299 746 593 592 634 
300 2020 2048 2644 3039 2820 1658 1646 2087 2055 2127 248 113 9999 1062 331 4400 1343 809 667 667 718 
957 3065 3104 3488 3858 3548 2696 2662 3147 3112 3186 1010 999 1062 9999 825 4776 363 254 413 416 413 
481 2246 2293 2713 3096 2830 1874 1837 2344 2346 2415 186 224 331 825 9999 4665 1151 578 412 409 432 
4185 4791 4631 6150 6513 6571 4740 4898 4528 4115 4175 4647 4506 4400 4776 4665 9999 4675 4680 4696 4701 4794 
1176 3363 3390 3842 4215 3910 2998 2976 3425 3357 3435 1333 1299 1343 363 1151 4675 9999 577 746 750 766 
722 2812 2850 3268 3643 3349 2444 2412 2894 2860 2934 762 746 809 254 578 4680 577 9999 170 173 207 
630 2653 2696 3099 3475 3185 2283 2248 2742 2721 2793 597 593 667 413 412 4696 746 170 9999 6 98 
632 2652 2694 3095 3471 3181 2281 2246 2741 2721 2793 595 592 667 416 409 4701 750 173 6 9999 93 
712 2676 2725 3077 3450 3148 2305 2262 2775 2768 2838 616 634 718 413 432 4794 766 207 98 93 9999 
