,0,1,2,3,4,5
0,0.0,44.555756023109744,4114.684952326294,4059.76917739954,4027.8784183688645,3969.727734731693
1,44.555756023109744,0.0,4153.288168361926,4098.530136891398,4066.506122103794,4008.801770649745
2,4114.684952326294,4153.288168361926,0.0,62.17207401591762,86.91151015428741,169.15894594991272
3,4059.76917739954,4098.530136891398,62.17207401591762,0.0,40.27473485796547,107.09266139586144
4,4027.8784183688645,4066.506122103794,86.91151015428741,40.27473485796547,0.0,100.58441485714994
5,3969.727734731693,4008.801770649745,169.15894594991272,107.09266139586144,100.58441485714994,0.0
