NAME: ds_902_courier_435
TYPE: TSP
COMMENT: nil
DIMENSION: 23
EDGE_WEIGHT_TYPE: EXPLICIT
EDGE_WEIGHT_FORMAT: FULL_MATRIX
EDGE_WEIGHT_SECTION
9999 1249 579 1356 853 231 615 1118 1583 630 913 255 1511 1237 547 968 1571 1348 1302 977 1228 623 494 
1249 9999 1372 1547 1177 1032 1217 1101 768 1380 1666 1064 1598 470 1000 739 753 124 174 359 65 1385 772 
579 1372 9999 819 404 551 178 718 1397 53 358 459 984 1149 371 775 1390 1493 1350 1020 1378 44 832 
1356 1547 819 9999 524 1238 741 446 1126 767 683 1151 169 1119 871 816 1128 1665 1434 1220 1586 778 1399 
853 1177 404 524 9999 716 257 313 1030 368 530 632 666 847 347 466 1026 1301 1109 821 1201 380 883 
231 1032 551 1238 716 9999 517 944 1357 593 909 94 1381 1007 376 752 1345 1136 1077 748 1015 589 316 
615 1217 178 741 257 517 9999 563 1219 167 460 425 897 973 227 598 1212 1339 1184 860 1227 175 751 
1118 1101 718 446 313 944 563 9999 769 681 793 874 518 684 573 373 767 1220 992 778 1140 693 1030 
1583 768 1397 1126 1030 1357 1219 769 9999 1375 1551 1333 1099 382 1098 637 15 834 594 701 832 1386 1248 
630 1380 53 767 368 593 167 681 1375 9999 322 500 933 1139 381 761 1369 1502 1351 1025 1388 12 865 
913 1666 358 683 530 909 460 793 1551 322 9999 817 848 1374 687 990 1548 1790 1619 1307 1681 323 1187 
255 1064 459 1151 632 94 425 874 1333 500 817 9999 1298 996 302 713 1322 1173 1094 759 1053 496 389 
1511 1598 984 169 666 1381 897 518 1099 933 848 1298 9999 1149 1009 889 1103 1712 1471 1290 1642 944 1522 
1237 470 1149 1119 847 1007 973 684 382 1139 1374 996 1149 9999 805 384 368 573 324 319 526 1148 870 
547 1000 371 871 347 376 227 573 1098 381 687 302 1009 805 9999 460 1089 1122 982 649 1007 386 545 
968 739 775 816 466 752 598 373 637 761 990 713 889 384 460 9999 628 861 650 405 773 770 735 
1571 753 1390 1128 1026 1345 1212 767 15 1369 1548 1322 1103 368 1089 628 9999 820 579 687 817 1379 1234 
1348 124 1493 1665 1301 1136 1339 1220 834 1502 1790 1173 1712 573 1122 861 820 9999 253 484 121 1507 862 
1302 174 1350 1434 1109 1077 1184 992 594 1351 1619 1094 1471 324 982 650 579 253 9999 339 239 1357 852 
977 359 1020 1220 821 748 860 778 701 1025 1307 759 1290 319 649 405 687 484 339 9999 380 1031 562 
1228 65 1378 1586 1201 1015 1227 1140 832 1388 1681 1053 1642 526 1007 773 817 121 239 380 9999 1393 743 
623 1385 44 778 380 589 175 693 1386 12 323 496 944 1148 386 770 1379 1507 1357 1031 1393 9999 864 
494 772 832 1399 883 316 751 1030 1248 865 1187 389 1522 870 545 735 1234 862 852 562 743 864 9999 
