NAME: ds_617_courier_2925
TYPE: TSP
COMMENT: nil
DIMENSION: 34
EDGE_WEIGHT_TYPE: EXPLICIT
EDGE_WEIGHT_FORMAT: FULL_MATRIX
EDGE_WEIGHT_SECTION
9999 3710 2250 2176 3515 3335 3604 3534 3325 2115 3523 3460 3248 2227 4385 4786 4769 4518 4656 4772 4578 2914 4543 4959 4625 4752 4385 4177 4026 2874 2833 3205 3275 2819 
3710 9999 1725 1916 614 655 239 313 783 1811 669 639 780 1758 704 1090 1063 809 964 1084 868 1386 834 1250 918 1042 696 499 323 1360 1251 1533 1169 1381 
2250 1725 9999 207 1340 1177 1543 1461 1128 137 1334 1285 1065 33 2298 2694 2700 2478 2565 2669 2536 668 2500 2894 2610 2703 2306 2101 2042 624 593 995 1026 569 
2176 1916 207 9999 1500 1345 1726 1643 1282 222 1488 1445 1227 176 2468 2860 2872 2655 2733 2834 2713 753 2677 3065 2789 2877 2478 2276 2230 723 732 1030 1127 672 
3515 614 1340 1500 9999 182 377 318 221 1455 58 55 275 1371 977 1362 1379 1181 1236 1335 1235 844 1200 1571 1324 1392 990 798 843 835 772 929 566 870 
3335 655 1177 1345 182 9999 423 343 138 1287 206 131 128 1209 1123 1517 1527 1315 1389 1492 1371 736 1336 1720 1453 1534 1133 933 930 716 629 890 530 743 
3604 239 1543 1726 377 423 9999 83 546 1639 432 400 551 1576 783 1184 1175 939 1054 1168 999 1159 963 1368 1067 1169 784 575 511 1137 1037 1295 930 1161 
3534 313 1461 1643 318 343 83 9999 470 1558 375 334 470 1494 856 1258 1252 1019 1128 1241 1078 1077 1042 1445 1148 1248 859 651 594 1055 954 1223 859 1078 
3325 783 1128 1282 221 138 546 470 9999 1246 206 169 88 1158 1198 1583 1600 1400 1457 1555 1455 627 1420 1792 1542 1613 1210 1018 1043 616 552 754 393 650 
2115 1811 137 222 1455 1287 1639 1558 1246 9999 1452 1400 1180 122 2403 2801 2804 2577 2671 2778 2636 804 2600 2998 2706 2804 2410 2204 2131 761 722 1131 1160 705 
3523 669 1334 1488 58 206 432 375 206 1452 9999 78 275 1364 1001 1381 1401 1210 1256 1352 1264 815 1229 1592 1354 1417 1015 829 889 810 757 881 520 847 
3460 639 1285 1445 55 131 400 334 169 1400 78 9999 220 1316 1029 1416 1432 1231 1290 1389 1286 796 1251 1624 1373 1444 1041 848 882 785 718 896 531 819 
3248 780 1065 1227 275 128 551 470 88 1180 275 220 9999 1096 1243 1633 1646 1438 1506 1607 1495 608 1459 1839 1578 1655 1254 1056 1058 588 505 779 428 616 
2227 1758 33 176 1371 1209 1576 1494 1158 122 1364 1316 1096 9999 2330 2725 2733 2511 2597 2701 2569 688 2533 2926 2642 2735 2338 2134 2075 647 621 1009 1050 592 
4385 704 2298 2468 977 1123 783 856 1198 2403 1001 1029 1243 2330 9999 402 404 235 272 387 277 1815 246 597 383 417 32 210 454 1810 1746 1827 1492 1847 
4786 1090 2694 2860 1362 1517 1184 1258 1583 2801 1381 1416 1633 2725 402 9999 100 317 130 49 272 2189 294 223 323 178 401 610 803 2189 2134 2168 1850 2228 
4769 1063 2700 2872 1379 1527 1175 1252 1600 2804 1401 1432 1646 2733 404 100 9999 261 156 145 207 2214 236 194 232 78 395 602 762 2211 2150 2209 1884 2248 
4518 809 2478 2655 1181 1315 939 1019 1400 2577 1210 1231 1438 2511 235 317 261 9999 226 333 60 2024 25 442 149 234 209 383 502 2016 1943 2053 1713 2050 
4656 964 2565 2733 1236 1389 1054 1128 1457 2671 1256 1290 1506 2597 272 130 156 226 9999 121 199 2066 207 337 288 206 271 480 684 2065 2008 2055 1732 2103 
4772 1084 2669 2834 1335 1492 1168 1241 1555 2778 1352 1389 1607 2701 387 49 145 333 121 9999 294 2158 311 265 357 222 389 596 805 2159 2107 2131 1816 2198 
4578 868 2536 2713 1235 1371 999 1078 1455 2636 1264 1286 1495 2569 277 272 207 60 199 294 9999 2078 36 383 112 174 254 439 560 2071 1999 2102 1763 2105 
2914 1386 668 753 844 736 1159 1077 627 804 815 796 608 688 1815 2189 2214 2024 2066 2158 2078 9999 2043 2404 2167 2231 1830 1642 1665 63 219 373 377 110 
4543 834 2500 2677 1200 1336 963 1042 1420 2600 1229 1251 1459 2533 246 294 236 25 207 311 36 2043 9999 417 137 209 223 403 527 2036 1964 2069 1730 2070 
4959 1250 2894 3065 1571 1720 1368 1445 1792 2998 1592 1624 1839 2926 597 223 194 442 337 265 383 2404 417 9999 365 210 589 795 943 2402 2342 2389 2069 2439 
4625 918 2610 2789 1324 1453 1067 1148 1542 2706 1354 1373 1578 2642 383 323 232 149 288 357 112 2167 137 365 9999 167 358 526 599 2158 2081 2202 1859 2191 
4752 1042 2703 2877 1392 1534 1169 1248 1613 2804 1417 1444 1655 2735 417 178 78 234 206 222 174 2231 209 210 167 9999 402 602 733 2226 2160 2239 1908 2262 
4385 696 2306 2478 990 1133 784 859 1210 2410 1015 1041 1254 2338 32 401 395 209 271 389 254 1830 223 589 358 402 9999 209 436 1824 1758 1848 1510 1860 
4177 499 2101 2276 798 933 575 651 1018 2204 829 848 1056 2134 210 610 602 383 480 596 439 1642 403 795 526 602 209 9999 296 1633 1560 1684 1337 1667 
4026 323 2042 2230 843 930 511 594 1043 2131 889 882 1058 2075 454 803 762 502 684 805 560 1665 527 943 599 733 436 296 9999 1646 1548 1770 1408 1671 
2874 1360 624 723 835 716 1137 1055 616 761 810 785 588 647 1810 2189 2211 2016 2065 2159 2071 63 2036 2402 2158 2226 1824 1633 1646 9999 160 435 405 55 
2833 1251 593 732 772 629 1037 954 552 722 757 718 505 621 1746 2134 2150 1943 2008 2107 1999 219 1964 2342 2081 2160 1758 1560 1548 160 9999 579 457 147 
3205 1533 995 1030 929 890 1295 1223 754 1131 881 896 779 1009 1827 2168 2209 2053 2055 2131 2102 373 2069 2389 2202 2239 1848 1684 1770 435 579 9999 365 481 
3275 1169 1026 1127 566 530 930 859 393 1160 520 531 428 1050 1492 1850 1884 1713 1732 1816 1763 377 1730 2069 1859 1908 1510 1337 1408 405 457 365 9999 459 
2819 1381 569 672 870 743 1161 1078 650 705 847 819 616 592 1847 2228 2248 2050 2103 2198 2105 110 2070 2439 2191 2262 1860 1667 1671 55 147 481 459 9999 
