NAME: ds_725_courier_2688
TYPE: TSP
COMMENT: nil
DIMENSION: 32
EDGE_WEIGHT_TYPE: EXPLICIT
EDGE_WEIGHT_FORMAT: FULL_MATRIX
EDGE_WEIGHT_SECTION
9999 4974 4515 4697 4752 4937 5187 5347 4655 4276 4384 4048 4120 2941 3014 4061 3335 3252 3911 3752 3428 2782 3077 3352 3488 3193 3189 4296 4039 5292 6245 3270 
4974 9999 467 377 296 212 242 384 472 751 591 926 871 2058 1981 946 1693 1763 1116 1264 1567 2213 1913 1632 1488 1994 1946 1254 1113 615 1475 1704 
4515 467 9999 242 258 437 672 831 286 301 139 472 405 1617 1540 553 1272 1335 653 799 1101 1770 1470 1188 1027 1539 1486 951 690 879 1836 1248 
4697 377 242 9999 81 246 512 672 101 423 374 685 581 1828 1750 793 1497 1555 793 950 1270 1977 1679 1398 1217 1646 1605 885 749 644 1609 1442 
4752 296 258 81 9999 185 443 605 180 485 397 723 632 1869 1792 809 1529 1591 856 1011 1327 2020 1721 1439 1267 1718 1675 965 825 624 1579 1491 
4937 212 437 246 185 9999 269 428 317 667 576 907 817 2053 1975 980 1708 1772 1037 1194 1511 2205 1905 1623 1452 1890 1850 1071 989 470 1404 1676 
5187 242 672 512 443 269 9999 161 586 928 806 1142 1069 2284 2207 1182 1925 1994 1299 1454 1767 2438 2138 1855 1699 2158 2117 1318 1258 433 1235 1919 
5347 384 831 672 605 428 161 9999 743 1089 964 1300 1230 2439 2362 1331 2077 2147 1460 1615 1928 2594 2294 2012 1858 2317 2277 1455 1416 452 1122 2078 
4655 472 286 101 180 317 586 743 9999 384 399 679 555 1809 1731 814 1491 1546 744 903 1227 1955 1659 1381 1186 1577 1540 785 673 654 1624 1413 
4276 751 301 423 485 667 928 1089 384 9999 249 329 179 1428 1351 525 1125 1173 371 527 847 1572 1278 1002 803 1244 1196 724 392 1037 2007 1030 
4384 591 139 374 397 576 806 964 399 249 9999 336 294 1480 1402 419 1132 1196 552 688 979 1633 1333 1050 897 1442 1384 961 636 1016 1975 1115 
4048 926 472 685 723 907 1142 1300 679 329 336 9999 163 1146 1069 236 813 870 326 410 660 1298 999 717 564 1172 1102 974 535 1327 2294 779 
4120 871 405 581 632 817 1069 1230 555 179 294 163 9999 1253 1176 388 945 995 260 396 698 1400 1104 826 636 1149 1090 819 402 1209 2180 862 
2941 2058 1617 1828 1869 2053 2284 2439 1809 1428 1480 1146 1253 9999 78 1124 398 312 1112 967 674 159 149 430 639 978 887 1750 1331 2463 3433 421 
3014 1981 1540 1750 1792 1975 2207 2362 1731 1351 1402 1069 1176 78 9999 1049 333 246 1037 894 606 233 73 352 564 946 852 1682 1259 2385 3355 349 
4061 946 553 793 809 980 1182 1331 814 525 419 236 388 1124 1049 9999 748 821 548 596 771 1282 985 711 638 1331 1252 1206 771 1432 2384 818 
3335 1693 1272 1497 1529 1708 1925 2077 1491 1125 1132 813 945 398 333 748 9999 88 869 757 570 556 289 203 447 1079 981 1579 1122 2140 3106 352 
3252 1763 1335 1555 1591 1772 1994 2147 1546 1173 1196 870 995 312 246 821 88 9999 898 774 553 471 202 196 450 1028 931 1593 1143 2197 3165 312 
3911 1116 653 793 856 1037 1299 1460 744 371 552 326 260 1112 1037 548 869 898 9999 159 486 1246 965 708 473 890 834 732 264 1386 2351 696 
3752 1264 799 950 1011 1194 1454 1615 903 527 688 410 396 967 894 596 757 774 159 9999 327 1096 822 579 332 764 699 822 370 1545 2509 548 
3428 1567 1101 1270 1327 1511 1767 1928 1227 847 979 660 698 674 606 771 570 553 486 327 9999 788 538 367 162 587 498 1076 667 1871 2836 261 
2782 2213 1770 1977 2020 2205 2438 2594 1955 1572 1633 1298 1400 159 233 1282 556 471 1246 1096 788 9999 300 583 775 1005 921 1857 1454 2609 3579 550 
3077 1913 1470 1679 1721 1905 2138 2294 1659 1278 1333 999 1104 149 73 985 289 202 965 822 538 300 9999 282 492 909 813 1613 1188 2313 3284 280 
3352 1632 1188 1398 1439 1623 1855 2012 1381 1002 1050 717 826 430 352 711 203 196 708 579 367 583 282 9999 254 891 794 1396 949 2035 3005 168 
3488 1488 1027 1217 1267 1452 1699 1858 1186 803 897 564 636 639 564 638 447 450 473 332 162 775 492 254 9999 748 657 1143 701 1839 2808 227 
3193 1994 1539 1646 1718 1890 2158 2317 1577 1244 1442 1172 1149 978 946 1331 1079 1028 890 764 587 1005 909 891 748 9999 98 1103 906 2159 3079 728 
3189 1946 1486 1605 1675 1850 2117 2277 1540 1196 1384 1102 1090 887 852 1252 981 931 834 699 498 921 813 794 657 98 9999 1114 877 2137 3067 630 
4296 1254 951 885 965 1071 1318 1455 785 724 961 974 819 1750 1682 1206 1579 1593 732 822 1076 1857 1613 1396 1143 1103 1114 9999 467 1163 2008 1334 
4039 1113 690 749 825 989 1258 1416 673 392 636 535 402 1331 1259 771 1122 1143 264 370 667 1454 1188 949 701 906 877 467 9999 1262 2206 910 
5292 615 879 644 624 470 433 452 654 1037 1016 1327 1209 2463 2385 1432 2140 2197 1386 1545 1871 2609 2313 2035 1839 2159 2137 1163 1262 9999 970 2066 
6245 1475 1836 1609 1579 1404 1235 1122 1624 2007 1975 2294 2180 3433 3355 2384 3106 3165 2351 2509 2836 3579 3284 3005 2808 3079 3067 2008 2206 970 9999 3036 
3270 1704 1248 1442 1491 1676 1919 2078 1413 1030 1115 779 862 421 349 818 352 312 696 548 261 550 280 168 227 728 630 1334 910 2066 3036 9999 
