NAME: ds_729_courier_1656
TYPE: TSP
COMMENT: nil
DIMENSION: 14
EDGE_WEIGHT_TYPE: EXPLICIT
EDGE_WEIGHT_FORMAT: FULL_MATRIX
EDGE_WEIGHT_SECTION
9999 3120 3953 3666 5219 2830 2949 3026 3319 2922 3912 3766 2882 50 
3120 9999 875 778 2199 311 1558 461 805 582 801 646 1513 3141 
3953 875 9999 441 1326 1130 2231 959 1313 1091 170 353 2206 3977 
3666 778 441 9999 1553 929 2308 642 1452 745 551 623 2270 3694 
5219 2199 1326 1553 9999 2436 3461 2194 2534 2297 1431 1625 3449 5247 
2830 311 1130 929 2436 9999 1586 374 988 423 1082 945 1529 2853 
2949 1558 2231 2308 3461 1586 9999 1947 929 2008 2081 1883 77 2946 
3026 461 959 642 2194 374 1947 9999 1263 146 968 894 1893 3053 
3319 805 1313 1452 2534 988 929 1263 9999 1371 1158 962 915 3329 
2922 582 1091 745 2297 423 2008 146 1371 9999 1108 1039 1951 2951 
3912 801 170 551 1431 1082 2081 968 1158 1108 9999 199 2059 3934 
3766 646 353 623 1625 945 1883 894 962 1039 199 9999 1860 3787 
2882 1513 2206 2270 3449 1529 77 1893 915 1951 2059 1860 9999 2879 
50 3141 3977 3694 5247 2853 2946 3053 3329 2951 3934 3787 2879 9999 
