NAME: ds_821_courier_4474
TYPE: TSP
COMMENT: nil
DIMENSION: 25
EDGE_WEIGHT_TYPE: EXPLICIT
EDGE_WEIGHT_FORMAT: FULL_MATRIX
EDGE_WEIGHT_SECTION
9999 1328 1797 1897 1842 1725 1876 2031 2042 620 1085 1100 1137 1231 1506 916 979 615 1225 1873 1306 1311 1145 1028 825 
1328 9999 471 583 632 519 558 704 721 1016 335 932 1066 1220 1611 524 585 820 524 1880 477 677 848 921 579 
1797 471 9999 220 380 442 104 234 253 1466 775 1291 1419 1557 1921 945 964 1262 799 2053 710 891 1133 1244 1038 
1897 583 220 9999 587 310 270 246 311 1503 829 1259 1378 1502 1845 1096 1134 1402 993 2271 909 1098 1331 1435 1100 
1842 632 380 587 9999 815 319 444 391 1632 967 1556 1689 1838 2221 930 896 1249 668 1747 572 690 952 1086 1192 
1725 519 442 310 815 9999 534 555 617 1265 641 970 1082 1200 1536 1032 1103 1302 1026 2369 961 1163 1360 1439 902 
1876 558 104 270 319 534 9999 171 166 1562 872 1395 1523 1661 2025 1006 1014 1327 830 2039 737 905 1156 1274 1132 
2031 704 234 246 444 555 171 9999 72 1689 1000 1483 1606 1736 2085 1172 1184 1492 1001 2188 907 1072 1325 1444 1267 
2042 721 253 311 391 617 166 72 9999 1719 1029 1530 1655 1787 2141 1170 1173 1491 980 2138 884 1041 1297 1421 1292 
620 1016 1466 1503 1632 1265 1562 1689 1719 9999 691 482 519 628 957 854 975 737 1174 2224 1220 1319 1269 1211 440 
1085 335 775 829 967 641 872 1000 1029 691 9999 618 752 910 1307 509 625 699 693 2005 690 861 949 973 271 
1100 932 1291 1259 1556 970 1395 1483 1530 482 618 9999 134 292 690 1032 1162 1059 1290 2522 1300 1454 1490 1475 539 
1137 1066 1419 1378 1689 1082 1523 1606 1655 519 752 134 9999 160 558 1153 1284 1159 1419 2634 1432 1583 1610 1589 658 
1231 1220 1557 1502 1838 1200 1661 1736 1787 628 910 292 160 9999 399 1311 1442 1305 1579 2785 1591 1743 1767 1742 815 
1506 1611 1921 1845 2221 1536 2025 2085 2141 957 1307 690 558 399 9999 1704 1835 1675 1977 3163 1990 2140 2158 2126 1209 
916 524 945 1096 930 1032 1006 1172 1170 854 509 1032 1153 1311 1704 9999 130 323 331 1506 398 465 459 465 496 
979 585 964 1134 896 1103 1014 1184 1173 975 625 1162 1284 1442 1835 130 9999 365 246 1382 332 352 330 351 626 
615 820 1262 1402 1249 1302 1327 1492 1491 737 699 1059 1159 1305 1675 323 365 9999 611 1489 695 698 564 481 548 
1225 524 799 993 668 1026 830 1001 980 1174 693 1290 1419 1579 1977 331 246 611 9999 1357 97 167 340 445 780 
1873 1880 2053 2271 1747 2369 2039 2188 2138 2224 2005 2522 2634 2785 3163 1506 1382 1489 1357 9999 1410 1207 1057 1048 1984 
1306 477 710 909 572 961 737 907 884 1220 690 1300 1432 1591 1990 398 332 695 97 1410 9999 203 423 537 810 
1311 677 891 1098 690 1163 905 1072 1041 1319 861 1454 1583 1743 2140 465 352 698 167 1207 203 9999 263 400 939 
1145 848 1133 1331 952 1360 1156 1325 1297 1269 949 1490 1610 1767 2158 459 330 564 340 1057 423 263 9999 144 952 
1028 921 1244 1435 1086 1439 1274 1444 1421 1211 973 1475 1589 1742 2126 465 351 481 445 1048 537 400 144 9999 936 
825 579 1038 1100 1192 902 1132 1267 1292 440 271 539 658 815 1209 496 626 548 780 1984 810 939 952 936 9999 
