NAME: ds_809_courier_2688
TYPE: TSP
COMMENT: nil
DIMENSION: 35
EDGE_WEIGHT_TYPE: EXPLICIT
EDGE_WEIGHT_FORMAT: FULL_MATRIX
EDGE_WEIGHT_SECTION
9999 5273 5227 5144 4588 4801 4826 4069 4284 4266 2921 2919 3000 3234 3442 3642 3675 2815 2473 3080 3258 4024 2724 3485 6014 5420 3956 4254 5090 3265 3133 3379 4120 4160 4794 
5273 9999 100 130 691 473 474 1214 1006 1009 2401 2414 2325 2111 1952 1744 1609 2460 2860 2194 2017 1259 2581 1807 950 342 1343 1613 732 2015 2222 1976 1202 1325 776 
5227 100 9999 110 662 441 469 1161 979 973 2343 2354 2266 2048 1884 1675 1575 2412 2802 2152 1976 1226 2526 1752 1044 443 1316 1643 805 1964 2197 1953 1183 1331 817 
5144 130 110 9999 566 346 362 1085 882 882 2272 2284 2196 1981 1824 1616 1483 2331 2730 2066 1889 1133 2451 1677 1058 424 1219 1534 718 1886 2100 1854 1082 1222 710 
4588 691 662 566 9999 220 246 566 317 322 1746 1762 1672 1473 1344 1148 919 1780 2200 1508 1330 568 1916 1148 1498 856 654 1137 762 1343 1536 1291 526 731 527 
4801 473 441 346 220 9999 127 753 538 536 1941 1956 1866 1658 1515 1311 1137 1989 2398 1722 1544 786 2116 1344 1326 674 874 1288 709 1547 1756 1512 743 921 554 
4826 474 469 362 246 127 9999 812 543 565 1992 2009 1919 1718 1587 1387 1152 2023 2445 1747 1568 802 2161 1394 1253 609 877 1199 584 1588 1752 1504 730 862 433 
4069 1214 1161 1085 566 753 812 9999 373 286 1189 1203 1113 907 781 592 498 1254 1646 1007 839 282 1367 593 2064 1419 388 1254 1284 804 1140 929 443 780 999 
4284 1006 979 882 317 538 543 373 9999 101 1479 1499 1409 1227 1133 956 609 1486 1924 1206 1027 260 1637 888 1763 1140 337 964 928 1063 1218 974 219 503 633 
4266 1009 973 882 322 536 565 286 101 9999 1432 1450 1360 1169 1061 877 602 1459 1883 1187 1009 255 1598 836 1806 1172 356 1060 999 1024 1232 994 283 594 713 
2921 2401 2343 2272 1746 1941 1992 1189 1479 1432 9999 39 80 315 533 724 933 296 459 455 568 1229 202 598 3238 2602 1205 1904 2389 426 847 927 1379 1571 2084 
2919 2414 2354 2284 1762 1956 2009 1203 1499 1450 39 9999 90 315 527 723 961 332 451 493 602 1251 213 615 3256 2618 1230 1938 2412 452 886 964 1403 1601 2108 
3000 2325 2266 2196 1672 1866 1919 1113 1409 1360 80 90 9999 235 456 644 875 336 537 440 531 1162 281 525 3166 2528 1142 1864 2323 367 842 901 1315 1518 2019 
3234 2111 2048 1981 1473 1658 1718 907 1227 1169 315 315 235 9999 226 409 752 526 765 501 510 993 516 345 2970 2327 992 1784 2152 294 896 889 1160 1398 1851 
3442 1952 1884 1824 1344 1515 1587 781 1133 1061 533 527 456 226 9999 210 759 749 969 682 642 925 736 339 2838 2188 951 1803 2059 429 1051 997 1105 1382 1766 
3642 1744 1675 1616 1148 1311 1387 592 956 877 724 723 644 409 210 9999 679 904 1171 776 688 772 925 323 2636 1985 818 1701 1876 508 1099 996 956 1257 1589 
3675 1609 1575 1483 919 1137 1152 498 609 602 933 961 875 752 759 679 9999 890 1353 602 423 351 1065 425 2356 1746 286 1044 1470 508 646 432 458 648 1164 
2815 2460 2412 2331 1780 1989 2023 1254 1486 1459 296 332 336 526 749 904 890 9999 493 297 470 1227 239 679 3245 2626 1176 1756 2358 453 610 751 1349 1481 2053 
2473 2860 2802 2730 2200 2398 2445 1646 1924 1883 459 451 537 765 969 1171 1353 493 9999 784 946 1669 288 1054 3687 3055 1634 2248 2821 861 1084 1243 1808 1966 2516 
3080 2194 2152 2066 1508 1722 1747 1007 1206 1187 455 493 440 501 682 776 602 297 784 9999 179 946 509 484 2958 2346 887 1472 2064 269 406 476 1058 1184 1759 
3258 2017 1976 1889 1330 1544 1568 839 1027 1009 568 602 531 510 642 688 423 470 946 179 9999 767 662 370 2779 2167 708 1336 1888 219 413 381 880 1020 1583 
4024 1259 1226 1133 568 786 802 282 260 255 1229 1251 1162 993 925 772 351 1227 1669 946 767 9999 1382 648 2020 1401 116 978 1162 808 978 741 184 508 859 
2724 2581 2526 2451 1916 2116 2161 1367 1637 1598 202 213 281 516 736 925 1065 239 288 509 662 1382 9999 774 3400 2770 1346 1980 2533 574 848 979 1520 1682 2228 
3485 1807 1752 1677 1148 1344 1394 593 888 836 598 615 525 345 339 323 425 679 1054 484 370 648 774 9999 2642 2004 648 1469 1809 230 777 678 815 1063 1507 
6014 950 1044 1058 1498 1326 1253 2064 1763 1806 3238 3256 3166 2970 2838 2636 2356 3245 3687 2958 2779 2020 3400 2642 9999 653 2070 1935 940 2825 2886 2638 1901 1869 1223 
5420 342 443 424 856 674 609 1419 1140 1172 2602 2618 2528 2327 2188 1985 1746 2626 3055 2346 2167 1401 2770 2004 653 9999 1464 1532 531 2196 2317 2067 1303 1340 706 
3956 1343 1316 1219 654 874 877 388 337 356 1205 1230 1142 992 951 818 286 1176 1634 887 708 116 1346 648 2070 1464 9999 897 1187 780 882 640 174 440 882 
4254 1613 1643 1534 1137 1288 1199 1254 964 1060 1904 1938 1864 1784 1803 1701 1044 1756 2248 1472 1336 978 1980 1469 1935 1532 897 9999 1026 1509 1198 1006 812 475 842 
5090 732 805 718 762 709 584 1284 928 999 2389 2412 2323 2152 2059 1876 1470 2358 2821 2064 1888 1162 2533 1809 940 531 1187 1026 9999 1965 1957 1711 1013 933 306 
3265 2015 1964 1886 1343 1547 1588 804 1063 1024 426 452 367 294 429 508 508 453 861 269 219 808 574 230 2825 2196 780 1509 1965 9999 623 595 954 1151 1660 
3133 2222 2197 2100 1536 1756 1752 1140 1218 1232 847 886 842 896 1051 1099 646 610 1084 406 413 978 848 777 2886 2317 882 1198 1957 623 9999 250 1023 1027 1663 
3379 1976 1953 1854 1291 1512 1504 929 974 994 927 964 901 889 997 996 432 751 1243 476 381 741 979 678 2638 2067 640 1006 1711 595 250 9999 774 785 1416 
4120 1202 1183 1082 526 743 730 443 219 283 1379 1403 1315 1160 1105 956 458 1349 1808 1058 880 184 1520 815 1901 1303 174 812 1013 954 1023 774 9999 338 708 
4160 1325 1331 1222 731 921 862 780 503 594 1571 1601 1518 1398 1382 1257 648 1481 1966 1184 1020 508 1682 1063 1869 1340 440 475 933 1151 1027 785 338 9999 650 
4794 776 817 710 527 554 433 999 633 713 2084 2108 2019 1851 1766 1589 1164 2053 2516 1759 1583 859 2228 1507 1223 706 882 842 306 1660 1663 1416 708 650 9999 
