NAME: ds_702_courier_638
TYPE: TSP
COMMENT: nil
DIMENSION: 23
EDGE_WEIGHT_TYPE: EXPLICIT
EDGE_WEIGHT_FORMAT: FULL_MATRIX
EDGE_WEIGHT_SECTION
9999 1166 1607 498 84 1037 1044 1600 1786 1390 1387 1269 1369 1225 1483 1443 3753 1197 1425 1425 1433 1093 1418 
1166 9999 513 1155 1122 169 125 709 628 389 383 140 216 192 391 343 4727 610 926 950 971 448 307 
1607 513 9999 1660 1549 682 630 353 273 234 234 376 442 615 578 555 4956 1053 1325 1353 1375 923 531 
498 1155 1660 9999 558 990 1033 1756 1772 1482 1477 1287 1312 1133 1361 1332 4156 927 1063 1055 1057 893 1319 
84 1122 1549 558 9999 1001 1002 1531 1736 1329 1326 1220 1329 1193 1452 1410 3747 1195 1437 1440 1448 1080 1384 
1037 169 682 990 1001 9999 77 862 784 547 540 308 336 198 456 412 4662 495 822 844 864 318 384 
1044 125 630 1033 1002 77 9999 791 753 479 473 255 328 232 477 430 4633 571 897 919 939 395 398 
1600 709 353 1756 1531 862 791 9999 605 321 328 581 731 868 901 870 4726 1312 1611 1638 1659 1157 839 
1786 628 273 1772 1736 784 753 605 9999 486 485 516 464 650 501 501 5217 1037 1259 1289 1310 946 495 
1390 389 234 1482 1329 547 479 321 486 9999 7 260 426 548 613 576 4731 991 1294 1320 1342 836 542 
1387 383 234 1477 1326 540 473 328 485 7 9999 253 420 542 607 570 4732 984 1287 1313 1335 829 536 
1269 140 376 1287 1220 308 255 581 516 260 253 9999 206 290 406 361 4767 731 1036 1062 1084 578 323 
1369 216 442 1312 1329 336 328 731 464 426 420 206 9999 188 200 156 4941 612 887 915 937 493 119 
1225 192 615 1133 1193 198 232 868 650 548 542 290 188 9999 259 217 4859 445 746 772 794 309 194 
1483 391 578 1361 1452 456 477 901 501 613 607 406 200 259 9999 48 5110 542 763 792 814 480 85 
1443 343 555 1332 1410 412 430 870 501 576 570 361 156 217 48 9999 5063 536 775 804 826 459 37 
3753 4727 4956 4156 3747 4662 4633 4726 5217 4731 4732 4767 4941 4859 5110 5063 9999 4942 5177 5177 5183 4815 5030 
1197 610 1053 927 1195 495 571 1312 1037 991 984 731 612 445 542 536 4942 9999 329 350 369 179 545 
1425 926 1325 1063 1437 822 897 1611 1259 1294 1287 1036 887 746 763 775 5177 329 9999 30 51 508 795 
1425 950 1353 1055 1440 844 919 1638 1289 1320 1313 1062 915 772 792 804 5177 350 30 9999 22 528 824 
1433 971 1375 1057 1448 864 939 1659 1310 1342 1335 1084 937 794 814 826 5183 369 51 22 9999 548 846 
1093 448 923 893 1080 318 395 1157 946 836 829 578 493 309 480 459 4815 179 508 528 548 9999 456 
1418 307 531 1319 1384 384 398 839 495 542 536 323 119 194 85 37 5030 545 795 824 846 456 9999 
