,0,1,2,3,4,5,6
0,0.0,2865.447857455501,2475.3556311897937,3013.3137621940577,2748.702801523556,101.2803172983649,2292.2172779223406
1,2865.447857455501,0.0,625.6029115578274,740.7439014044705,915.8108716957746,2965.871494231922,690.2154778820844
2,2475.3556311897937,625.6029115578274,0.0,565.4177411263124,458.3936573163979,2571.8036967470503,200.00571866551363
3,3013.3137621940577,740.7439014044705,565.4177411263124,0.0,345.93292287796214,3107.593496991383,765.2334851224423
4,2748.702801523556,915.8108716957746,458.3936573163979,345.93292287796214,0.0,2839.918915120122,633.0150647409287
5,101.2803172983649,2965.871494231922,2571.8036967470503,3107.593496991383,2839.918915120122,0.0,2389.6475651261
6,2292.2172779223406,690.2154778820844,200.00571866551363,765.2334851224423,633.0150647409287,2389.6475651261,0.0
