NAME: ds_721_courier_4474
TYPE: TSP
COMMENT: nil
DIMENSION: 17
EDGE_WEIGHT_TYPE: EXPLICIT
EDGE_WEIGHT_FORMAT: FULL_MATRIX
EDGE_WEIGHT_SECTION
9999 864 1195 1469 1748 777 839 1664 1226 1105 672 798 1560 1385 1751 1530 1215 
864 9999 807 1003 931 507 461 834 379 830 572 1209 734 521 975 908 489 
1195 807 9999 274 908 435 405 890 753 1634 1307 1852 1292 940 1576 1654 1234 
1469 1003 274 9999 825 702 660 841 851 1832 1539 2109 1357 1005 1640 1779 1374 
1748 931 908 825 9999 1068 983 109 555 1562 1470 2122 743 508 978 1264 979 
777 507 435 702 1068 9999 85 1007 667 1276 904 1420 1176 870 1443 1414 993 
839 461 405 660 983 85 9999 922 587 1258 907 1450 1105 792 1375 1364 940 
1664 834 890 841 109 1007 922 9999 456 1453 1366 2018 646 399 892 1162 870 
1226 379 753 851 555 667 587 456 9999 1068 919 1569 542 205 825 928 536 
1105 830 1634 1832 1562 1276 1258 1453 1068 9999 444 784 939 1054 953 571 588 
672 572 1307 1539 1470 904 907 1366 919 444 9999 652 1033 992 1160 877 646 
798 1209 1852 2109 2122 1420 1450 2018 1569 784 652 9999 1647 1643 1718 1354 1258 
1560 734 1292 1357 743 1176 1105 646 542 939 1033 1647 9999 355 285 527 390 
1385 521 940 1005 508 870 792 399 205 1054 992 1643 355 9999 640 807 474 
1751 975 1576 1640 978 1443 1375 892 825 953 1160 1718 285 640 9999 415 536 
1530 908 1654 1779 1264 1414 1364 1162 928 571 877 1354 527 807 415 9999 425 
1215 489 1234 1374 979 993 940 870 536 588 646 1258 390 474 536 425 9999 
