NAME: ds_619_courier_2688
TYPE: TSP
COMMENT: nil
DIMENSION: 11
EDGE_WEIGHT_TYPE: EXPLICIT
EDGE_WEIGHT_FORMAT: FULL_MATRIX
EDGE_WEIGHT_SECTION
9999 3146 3400 4256 4614 4779 4847 4870 4873 4855 4236 
3146 9999 260 1122 1469 1633 1706 1726 1728 1714 1103 
3400 260 9999 886 1214 1380 1448 1470 1477 1467 843 
4256 1122 886 9999 423 558 687 673 633 602 387 
4614 1469 1214 423 9999 168 264 260 275 300 418 
4779 1633 1380 558 168 9999 177 123 111 165 584 
4847 1706 1448 687 264 177 9999 85 226 312 614 
4870 1726 1470 673 260 123 85 9999 143 231 649 
4873 1728 1477 633 275 111 226 143 9999 90 693 
4855 1714 1467 602 300 165 312 231 90 9999 713 
4236 1103 843 387 418 584 614 649 693 713 9999 
