NAME: ds_908_courier_2925
TYPE: TSP
COMMENT: nil
DIMENSION: 22
EDGE_WEIGHT_TYPE: EXPLICIT
EDGE_WEIGHT_FORMAT: FULL_MATRIX
EDGE_WEIGHT_SECTION
9999 3193 4852 2849 4848 3120 2916 2164 2581 3510 2234 4757 3330 3034 3855 4936 4843 4320 4682 3293 3397 3547 
3193 9999 1789 489 1746 688 423 1134 854 384 1068 1688 137 450 796 1889 1734 1183 1598 110 6588 373 
4852 1789 9999 2266 140 2290 2194 2917 2632 1412 2854 101 1671 2161 1015 107 171 629 196 1725 8201 1420 
2849 489 2266 9999 2214 408 74 704 367 872 634 2165 596 195 1285 2368 2200 1649 2072 541 6242 847 
4848 1746 140 2214 9999 2216 2141 2879 2579 1375 2814 140 1622 2100 995 226 31 566 170 1675 8209 1373 
3120 688 2290 408 2216 9999 397 961 540 1008 893 2192 726 266 1395 2397 2197 1662 2095 672 6495 941 
2916 423 2194 74 2141 397 9999 776 438 803 706 2093 525 150 1216 2296 2127 1576 2000 469 6310 775 
2164 1134 2917 704 2879 961 776 9999 422 1506 71 2817 1262 879 1908 3015 2867 2317 2728 1213 5549 1507 
2581 854 2632 367 2579 540 438 422 9999 1237 356 2531 963 496 1650 2734 2564 2013 2438 907 5960 1213 
3510 384 1412 872 1375 1008 803 1506 1237 9999 1442 1311 288 807 413 1510 1365 820 1222 345 6896 108 
2234 1068 2854 634 2814 893 706 71 356 1442 9999 2753 1195 808 1847 2952 2802 2251 2664 1146 5620 1441 
4757 1688 101 2165 140 2192 2093 2817 2531 1311 2753 9999 1570 2061 916 205 162 530 98 1624 8109 1319 
3330 137 1671 596 1622 726 525 1262 963 288 1195 1570 9999 519 695 1772 1609 1058 1478 58 6725 251 
3034 450 2161 195 2100 266 150 879 496 807 808 2061 519 9999 1212 2265 2084 1536 1966 462 6426 759 
3855 796 1015 1285 995 1395 1216 1908 1650 413 1847 916 695 1212 9999 1110 989 480 833 753 7224 455 
4936 1889 107 2368 226 2397 2296 3015 2734 1510 2952 205 1772 2265 1110 9999 256 735 302 1827 8278 1521 
4843 1734 171 2200 31 2197 2127 2867 2564 1365 2802 162 1609 2084 989 256 9999 551 176 1661 8206 1361 
4320 1183 629 1649 566 1662 1576 2317 2013 820 2251 530 1058 1536 480 735 551 9999 433 1110 7697 810 
4682 1598 196 2072 170 2095 2000 2728 2438 1222 2664 98 1478 1966 833 302 176 433 9999 1532 8040 1227 
3293 110 1725 541 1675 672 469 1213 907 345 1146 1624 58 462 753 1827 1661 1110 1532 9999 6689 306 
3397 6588 8201 6242 8209 6495 6310 5549 5960 6896 5620 8109 6725 6426 7224 8278 8206 7697 8040 6689 9999 6937 
3547 373 1420 847 1373 941 775 1507 1213 108 1441 1319 251 759 455 1521 1361 810 1227 306 6937 9999 
