NAME: ds_525_courier_949
TYPE: TSP
COMMENT: nil
DIMENSION: 13
EDGE_WEIGHT_TYPE: EXPLICIT
EDGE_WEIGHT_FORMAT: FULL_MATRIX
EDGE_WEIGHT_SECTION
9999 2091 1917 4070 4074 2128 4067 3806 3820 3480 3698 3806 3145 
2091 9999 214 2633 2640 508 2630 2353 2358 2118 2385 2353 1531 
1917 214 9999 2623 2629 418 2619 2341 2347 2084 2349 2341 1531 
4070 2633 2623 9999 10 2215 3 282 276 590 403 282 1103 
4074 2640 2629 10 9999 2221 13 289 283 594 404 289 1110 
2128 508 418 2215 2221 9999 2211 1932 1940 1668 1932 1932 1136 
4067 2630 2619 3 13 2211 9999 279 272 588 402 279 1100 
3806 2353 2341 282 289 1932 279 9999 22 336 268 0 825 
3820 2358 2347 276 283 1940 272 22 9999 355 290 22 828 
3480 2118 2084 590 594 1668 588 336 355 9999 267 336 642 
3698 2385 2349 403 404 1932 402 268 290 267 9999 268 900 
3806 2353 2341 282 289 1932 279 0 22 336 268 9999 825 
3145 1531 1531 1103 1110 1136 1100 825 828 642 900 825 9999 
