NAME: ds_812_courier_2688
TYPE: TSP
COMMENT: nil
DIMENSION: 52
EDGE_WEIGHT_TYPE: EXPLICIT
EDGE_WEIGHT_FORMAT: FULL_MATRIX
EDGE_WEIGHT_SECTION
9999 2791 3947 4460 5051 4334 3185 3894 6094 6034 6007 3170 3082 3036 3184 3111 3945 4750 5134 4783 4657 4549 4435 4906 5146 5283 5252 4278 4282 3266 3245 3184 4032 4050 4026 4037 4273 4258 4260 2676 2855 3331 2674 3027 3524 2855 2836 2651 2620 3634 4015 3184 
2791 9999 1444 1783 2356 1767 663 1202 3407 3332 3316 1062 1042 1155 1350 748 1436 2237 2695 2393 2217 2098 1999 2377 2676 2838 2723 1809 2032 1173 1413 1448 1863 1859 1854 1685 1752 1758 1812 1108 1222 1468 976 1277 1451 812 972 1112 1165 1668 1542 592 
3947 1444 9999 623 1166 391 816 459 2167 2119 2084 819 910 1013 983 843 12 818 1258 949 775 656 555 970 1246 1403 1321 366 667 763 968 1065 627 601 617 323 329 322 368 1355 1238 924 1310 1098 672 1095 1147 1380 1432 798 103 862 
4460 1783 623 9999 590 336 1275 582 1639 1574 1550 1420 1508 1624 1606 1363 617 624 1079 923 737 659 653 704 1025 1192 1004 561 995 1377 1591 1688 1101 1067 1095 806 450 499 606 1951 1850 1544 1890 1716 1290 1653 1732 1975 2031 1389 625 1281 
5051 2356 1166 590 9999 789 1865 1166 1053 985 963 1983 2073 2179 2135 1950 1163 660 900 957 852 857 927 597 816 947 687 956 1294 1928 2110 2205 1484 1448 1480 1249 891 929 998 2518 2403 2053 2466 2259 1795 2235 2305 2543 2596 1849 1135 1870 
4334 1767 391 336 789 9999 1178 611 1776 1729 1694 1208 1299 1396 1346 1225 392 472 942 695 501 394 348 609 913 1078 957 225 663 1144 1321 1417 767 732 761 483 116 164 270 1743 1619 1265 1700 1471 1008 1486 1537 1768 1819 1080 347 1208 
3185 663 816 1275 1865 1178 9999 719 2911 2849 2823 496 523 673 819 176 810 1631 2073 1755 1588 1470 1364 1780 2062 2219 2131 1180 1371 580 866 929 1201 1197 1192 1028 1140 1138 1177 835 840 898 728 809 819 466 614 853 917 1041 907 97 
3894 1202 459 582 1166 611 719 9999 2218 2150 2128 984 1061 1201 1245 836 447 1078 1551 1299 1107 993 920 1203 1517 1684 1539 736 1115 982 1254 1347 1084 1059 1074 782 639 666 760 1479 1418 1235 1397 1317 1018 1142 1252 1502 1562 1193 550 710 
6094 3407 2167 1639 1053 1776 2911 2218 9999 112 93 2982 3073 3162 3087 2986 2167 1438 1280 1576 1597 1669 1776 1290 1210 1189 1022 1882 2078 2911 3050 3141 2320 2288 2320 2167 1855 1881 1913 3515 3382 2982 3476 3225 2731 3259 3313 3541 3590 2733 2115 2920 
6034 3332 2119 1574 985 1729 2849 2150 112 9999 66 2937 3027 3121 3052 2929 2118 1414 1293 1573 1580 1646 1749 1270 1218 1212 1026 1846 2063 2869 3018 3109 2301 2268 2300 2134 1812 1841 1878 3471 3342 2951 3428 3188 2698 3206 3265 3496 3546 2709 2071 2855 
6007 3316 2084 1550 963 1694 2823 2128 93 66 9999 2901 2992 3083 3011 2900 2084 1367 1233 1518 1531 1599 1704 1221 1160 1150 969 1805 2013 2832 2975 3066 2253 2220 2252 2091 1774 1802 1836 3435 3303 2907 3394 3148 2656 3175 3231 3460 3510 2662 2034 2831 
3170 1062 819 1420 1983 1208 496 984 2982 2937 2901 9999 91 217 323 336 821 1587 1966 1618 1488 1381 1266 1744 1976 2115 2086 1117 1139 120 371 434 911 920 904 867 1128 1105 1095 535 437 412 500 341 419 345 335 560 613 619 867 592 
3082 1042 910 1508 2073 1299 523 1061 3073 3027 2992 91 9999 152 312 351 911 1677 2052 1704 1576 1470 1355 1834 2064 2201 2176 1207 1219 190 372 417 986 997 979 955 1219 1196 1184 445 357 429 410 287 483 279 246 470 523 669 958 616 
3036 1155 1013 1624 2179 1396 673 1201 3162 3121 3083 217 152 9999 206 498 1016 1749 2102 1750 1635 1534 1420 1906 2120 2250 2242 1285 1246 252 277 293 1000 1016 994 1016 1309 1281 1258 363 226 353 375 136 489 352 237 389 430 636 1050 765 
3184 1350 983 1606 2135 1346 819 1245 3087 3052 3011 323 312 206 9999 654 988 1657 1978 1624 1526 1433 1321 1812 2003 2125 2137 1206 1106 269 72 111 851 872 846 921 1248 1215 1174 516 329 155 561 157 360 556 440 539 564 454 1000 915 
3111 748 843 1363 1950 1225 176 836 2986 2929 2900 336 351 498 654 9999 840 1660 2082 1752 1596 1480 1370 1812 2079 2231 2163 1194 1329 435 706 763 1135 1135 1126 1004 1172 1162 1184 669 664 746 570 635 703 309 443 688 751 921 922 266 
3945 1436 12 617 1163 392 810 447 2167 2118 2084 821 911 1016 988 840 9999 823 1264 958 782 663 563 974 1252 1410 1325 373 679 766 974 1071 639 613 629 336 333 328 377 1356 1241 930 1310 1102 680 1094 1147 1381 1433 808 114 855 
4750 2237 818 624 660 472 1631 1078 1438 1414 1367 1587 1677 1749 1657 1660 823 9999 474 322 193 232 338 157 441 607 504 472 664 1503 1617 1705 889 855 888 736 491 497 493 2110 1962 1546 2087 1800 1298 1895 1922 2136 2180 1295 739 1670 
5134 2695 1258 1079 900 942 2073 1551 1280 1293 1233 1966 2052 2102 1978 2082 1264 474 9999 354 486 603 713 377 89 149 280 893 881 1868 1927 2007 1139 1113 1142 1099 943 938 899 2465 2300 1848 2460 2131 1623 2293 2298 2491 2529 1563 1166 2119 
4783 2393 949 923 957 695 1755 1299 1576 1573 1518 1618 1704 1750 1624 1752 958 322 354 9999 194 306 395 364 388 501 556 586 529 1518 1573 1652 786 759 788 755 662 645 581 2113 1946 1493 2110 1777 1269 1949 1948 2138 2175 1211 852 1808 
4657 2217 775 737 852 501 1588 1107 1597 1580 1531 1488 1576 1635 1526 1596 782 193 486 194 9999 119 226 312 489 635 611 409 484 1395 1481 1566 723 691 723 621 474 461 412 1998 1841 1406 1985 1674 1167 1810 1822 2024 2064 1140 681 1636 
4549 2098 656 659 857 394 1470 993 1669 1646 1599 1381 1470 1534 1433 1480 663 232 603 306 119 9999 114 381 600 751 708 290 440 1291 1391 1478 658 624 656 518 357 342 296 1896 1743 1318 1879 1579 1073 1699 1716 1922 1964 1064 563 1518 
4435 1999 555 653 927 348 1364 920 1776 1749 1704 1266 1355 1420 1321 1370 563 338 713 395 226 114 9999 491 713 861 822 192 371 1176 1279 1368 563 528 561 404 282 255 188 1782 1629 1208 1765 1466 961 1586 1601 1807 1850 960 458 1415 
4906 2377 970 704 597 609 1780 1203 1290 1270 1221 1744 1834 1906 1812 1812 974 157 377 364 312 381 491 9999 322 490 351 628 796 1659 1770 1859 1031 999 1031 892 641 650 649 2266 2118 1699 2243 1956 1452 2051 2079 2292 2336 1443 893 1815 
5146 2676 1246 1025 816 913 2062 1517 1210 1218 1160 1976 2064 2120 2003 2079 1252 441 89 388 489 600 713 322 9999 168 196 886 916 1882 1954 2036 1173 1145 1175 1109 925 924 896 2483 2322 1876 2473 2154 1645 2299 2310 2509 2548 1597 1159 2104 
5283 2838 1403 1192 947 1078 2219 1684 1189 1212 1150 2115 2201 2250 2125 2231 1410 607 149 501 635 751 861 490 168 9999 268 1040 1024 2017 2073 2151 1283 1258 1286 1248 1086 1083 1046 2614 2448 1993 2609 2278 1770 2442 2447 2639 2676 1706 1313 2263 
5252 2723 1321 1004 687 957 2131 1539 1022 1026 969 2086 2176 2242 2137 2163 1325 504 280 556 611 708 822 351 196 268 9999 975 1073 1998 2092 2177 1325 1295 1326 1226 992 1001 993 2604 2450 2017 2586 2285 1778 2398 2422 2630 2672 1747 1242 2165 
4278 1809 366 561 956 225 1180 736 1882 1846 1805 1117 1207 1285 1206 1194 373 472 893 586 409 290 192 628 886 1040 975 9999 440 1036 1173 1266 550 514 544 294 119 75 46 1643 1501 1109 1616 1344 853 1424 1452 1668 1714 893 274 1227 
4282 2032 667 995 1294 663 1371 1115 2078 2063 2013 1139 1219 1246 1106 1329 679 664 881 529 484 440 371 796 916 1024 1073 440 9999 1030 1051 1127 258 234 261 357 558 512 398 1606 1432 970 1616 1261 758 1482 1459 1631 1664 682 568 1441 
3266 1173 763 1377 1928 1144 580 982 2911 2869 2832 120 190 252 269 435 766 1503 1868 1518 1395 1291 1176 1659 1882 2017 1998 1036 1030 9999 297 378 796 807 789 774 1058 1031 1011 607 475 318 592 342 299 462 431 633 679 500 799 677 
3245 1413 968 1591 2110 1321 866 1254 3050 3018 2975 371 372 277 72 706 974 1617 1927 1573 1481 1391 1279 1770 1954 2073 2092 1173 1051 297 9999 97 794 817 790 884 1221 1185 1139 583 393 86 632 222 320 625 512 606 627 389 978 963 
3184 1448 1065 1688 2205 1417 929 1347 3141 3109 3066 434 417 293 111 763 1071 1705 2007 1652 1566 1478 1368 1859 2036 2151 2177 1266 1127 378 97 9999 869 894 866 975 1315 1280 1231 544 347 160 611 194 412 644 512 564 577 452 1074 1025 
4032 1863 627 1101 1484 767 1201 1084 2320 2301 2253 911 986 1000 851 1135 639 889 1139 786 723 658 563 1031 1173 1283 1325 550 258 796 794 869 9999 36 10 314 652 604 504 1356 1179 712 1372 1007 511 1256 1219 1381 1412 424 548 1281 
4050 1859 601 1067 1448 732 1197 1059 2288 2268 2220 920 997 1016 872 1135 613 855 1113 759 691 624 528 999 1145 1258 1295 514 234 807 817 894 36 9999 32 284 617 568 468 1374 1199 736 1387 1027 527 1265 1232 1399 1431 452 520 1275 
4026 1854 617 1095 1480 761 1192 1074 2320 2300 2252 904 979 994 846 1126 629 888 1142 788 723 656 561 1031 1175 1286 1326 544 261 789 790 866 10 32 9999 306 645 597 498 1351 1174 708 1366 1002 505 1249 1213 1376 1407 423 539 1272 
4037 1685 323 806 1249 483 1028 782 2167 2134 2091 867 955 1016 921 1004 336 736 1099 755 621 518 404 892 1109 1248 1226 294 357 774 884 975 314 284 306 9999 369 324 257 1378 1226 817 1364 1064 564 1195 1201 1404 1446 601 236 1093 
4273 1752 329 450 891 116 1140 639 1855 1812 1774 1128 1219 1309 1248 1172 333 491 943 662 474 357 282 641 925 1086 992 119 558 1058 1221 1315 652 617 645 369 9999 49 161 1661 1530 1162 1625 1378 904 1420 1461 1686 1735 967 261 1180 
4258 1758 322 499 929 164 1138 666 1881 1841 1802 1105 1196 1281 1215 1162 328 497 938 645 461 342 255 650 924 1083 1001 75 512 1031 1185 1280 604 568 597 324 49 9999 114 1636 1501 1125 1603 1347 868 1403 1439 1662 1709 924 243 1181 
4260 1812 368 606 998 270 1177 760 1913 1878 1836 1095 1184 1258 1174 1184 377 493 899 581 412 296 188 649 896 1046 993 46 398 1011 1139 1231 504 468 498 257 161 114 9999 1618 1473 1073 1594 1314 819 1407 1430 1643 1688 852 271 1227 
2676 1108 1355 1951 2518 1743 835 1479 3515 3471 3435 535 445 363 516 669 1356 2110 2465 2113 1998 1896 1782 2266 2483 2614 2604 1643 1606 607 583 544 1356 1374 1351 1378 1661 1636 1618 9999 197 669 132 361 848 372 228 26 83 970 1400 906 
2855 1222 1238 1850 2403 1619 840 1418 3382 3342 3303 437 357 226 329 664 1241 1962 2300 1946 1841 1743 1629 2118 2322 2448 2450 1501 1432 475 393 347 1179 1199 1174 1226 1530 1501 1473 197 9999 479 284 172 678 421 253 217 235 782 1273 924 
3331 1468 924 1544 2053 1265 898 1235 2982 2951 2907 412 429 353 155 746 930 1546 1848 1493 1406 1318 1208 1699 1876 1993 2017 1109 970 318 86 160 712 736 708 817 1162 1125 1073 669 479 9999 716 308 258 694 590 692 713 303 925 995 
2674 976 1310 1890 2466 1700 728 1397 3476 3428 3394 500 410 375 561 570 1310 2087 2460 2110 1985 1879 1765 2243 2473 2609 2586 1616 1616 592 632 611 1372 1387 1366 1364 1625 1603 1594 132 284 716 9999 418 861 262 164 140 200 1008 1364 792 
3027 1277 1098 1716 2259 1471 809 1317 3225 3188 3148 341 287 136 157 635 1102 1800 2131 1777 1674 1579 1466 1956 2154 2278 2285 1344 1261 342 222 194 1007 1027 1002 1064 1378 1347 1314 361 172 308 418 9999 509 465 321 383 407 611 1124 901 
3524 1451 672 1290 1795 1008 819 1018 2731 2698 2656 419 483 489 360 703 680 1298 1623 1269 1167 1073 961 1452 1645 1770 1778 853 758 299 320 412 511 527 505 564 904 868 819 848 678 258 861 509 9999 760 709 873 907 222 669 912 
2855 812 1095 1653 2235 1486 466 1142 3259 3206 3175 345 279 352 556 309 1094 1895 2293 1949 1810 1699 1586 2051 2299 2442 2398 1424 1482 462 625 644 1256 1265 1249 1195 1420 1403 1407 372 421 694 262 465 760 9999 169 389 452 948 1160 534 
2836 972 1147 1732 2305 1537 614 1252 3313 3265 3231 335 246 237 440 443 1147 1922 2298 1948 1822 1716 1601 2079 2310 2447 2422 1452 1459 431 512 512 1219 1232 1213 1201 1461 1439 1430 228 253 590 164 321 709 169 9999 250 312 871 1200 690 
2651 1112 1380 1975 2543 1768 853 1502 3541 3496 3460 560 470 389 539 688 1381 2136 2491 2138 2024 1922 1807 2292 2509 2639 2630 1668 1631 633 606 564 1381 1399 1376 1404 1686 1662 1643 26 217 692 140 383 873 389 250 9999 63 994 1426 923 
2620 1165 1432 2031 2596 1819 917 1562 3590 3546 3510 613 523 430 564 751 1433 2180 2529 2175 2064 1964 1850 2336 2548 2676 2672 1714 1664 679 627 577 1412 1431 1407 1446 1735 1709 1688 83 235 713 200 407 907 452 312 63 9999 1017 1475 986 
3634 1668 798 1389 1849 1080 1041 1193 2733 2709 2662 619 669 636 454 921 808 1295 1563 1211 1140 1064 960 1443 1597 1706 1747 893 682 500 389 452 424 452 423 601 967 924 852 970 782 303 1008 611 222 948 871 994 1017 9999 768 1134 
4015 1542 103 625 1135 347 907 550 2115 2071 2034 867 958 1050 1000 922 114 739 1166 852 681 563 458 893 1159 1313 1242 274 568 799 978 1074 548 520 539 236 261 243 271 1400 1273 925 1364 1124 669 1160 1200 1426 1475 768 9999 957 
3184 592 862 1281 1870 1208 97 710 2920 2855 2831 592 616 765 915 266 855 1670 2119 1808 1636 1518 1415 1815 2104 2263 2165 1227 1441 677 963 1025 1281 1275 1272 1093 1180 1181 1227 906 924 995 792 901 912 534 690 923 986 1134 957 9999 
