NAME: ds_616_courier_1103
TYPE: TSP
COMMENT: nil
DIMENSION: 14
EDGE_WEIGHT_TYPE: EXPLICIT
EDGE_WEIGHT_FORMAT: FULL_MATRIX
EDGE_WEIGHT_SECTION
9999 111 600 2112 2072 1953 416 366 539 619 358 279 439 4308 
111 9999 686 2005 1975 1851 525 471 650 716 462 368 447 4265 
600 686 9999 2484 2343 2271 491 549 460 113 278 321 472 4861 
2112 2005 2484 9999 458 304 2527 2477 2644 2573 2395 2268 2012 4534 
2072 1975 2343 458 9999 219 2474 2436 2576 2443 2305 2176 1879 4933 
1953 1851 2271 304 219 9999 2362 2319 2471 2366 2209 2080 1801 4715 
416 525 491 2527 2474 2362 9999 83 136 429 252 345 681 4409 
366 471 549 2477 2436 2319 83 9999 216 498 289 356 682 4333 
539 650 460 2644 2576 2471 136 216 9999 373 291 411 744 4507 
619 716 113 2573 2443 2366 429 498 373 9999 266 351 565 4829 
358 462 278 2395 2305 2209 252 289 291 266 9999 129 453 4583 
279 368 321 2268 2176 2080 345 356 411 351 129 9999 337 4566 
439 447 472 2012 1879 1801 681 682 744 565 453 337 9999 4704 
4308 4265 4861 4534 4933 4715 4409 4333 4507 4829 4583 4566 4704 9999 
