NAME: ds_915_courier_1103
TYPE: TSP
COMMENT: nil
DIMENSION: 30
EDGE_WEIGHT_TYPE: EXPLICIT
EDGE_WEIGHT_FORMAT: FULL_MATRIX
EDGE_WEIGHT_SECTION
9999 3804 3059 2835 3213 3429 2845 2185 2297 2210 2220 2146 2221 2177 2042 2045 2189 1866 1941 1882 556 854 564 578 204 377 416 532 481 4187 
3804 9999 859 1260 1033 940 1309 3364 2935 3365 3075 2958 2664 3083 2356 2522 2372 2343 2315 2552 4343 4092 3935 3661 3601 3452 3409 3313 3380 7368 
3059 859 9999 419 399 522 481 2518 2097 2520 2232 2110 1819 2237 1498 1665 1520 1487 1457 1693 3610 3458 3265 2999 2859 2729 2686 2602 2672 6510 
2835 1260 419 9999 378 595 74 2105 1680 2107 1817 1699 1406 1824 1108 1266 1113 1130 1088 1312 3391 3321 3103 2848 2640 2531 2489 2419 2489 6128 
3213 1033 399 378 9999 217 378 2373 1933 2372 2080 1974 1678 2093 1436 1578 1412 1486 1437 1645 3769 3688 3475 3218 3018 2908 2865 2793 2863 6442 
3429 940 522 595 217 9999 593 2543 2099 2541 2250 2149 1855 2265 1636 1771 1602 1695 1644 1846 3985 3898 3687 3429 3234 3123 3080 3007 3077 6629 
2845 1309 481 74 378 593 9999 2056 1627 2057 1766 1650 1356 1774 1074 1227 1069 1110 1064 1281 3401 3347 3125 2873 2652 2548 2505 2438 2508 6092 
2185 3364 2518 2105 2373 2543 2056 9999 447 25 293 407 700 282 1065 880 1002 1188 1169 927 2601 3019 2725 2613 2104 2161 2142 2180 2220 4113 
2297 2935 2097 1680 1933 2099 1627 447 9999 442 158 152 292 187 718 539 610 895 852 651 2770 3088 2799 2647 2180 2199 2172 2185 2236 4559 
2210 3365 2520 2107 2372 2541 2057 25 442 9999 291 411 701 283 1073 888 1006 1200 1179 939 2626 3043 2749 2637 2128 2185 2166 2203 2243 4120 
2220 3075 2232 1817 2080 2250 1766 293 158 291 9999 142 413 44 808 623 724 961 929 704 2678 3028 2736 2597 2114 2146 2122 2144 2191 4402 
2146 2958 2110 1699 1974 2149 1650 407 152 411 142 9999 296 130 670 484 595 819 788 563 2619 2940 2650 2501 2030 2052 2026 2042 2092 4487 
2221 2664 1819 1406 1678 1855 1356 700 292 701 413 296 9999 418 435 269 318 630 577 415 2725 2974 2691 2517 2084 2078 2048 2046 2102 4778 
2177 3083 2237 1824 2093 2265 1774 282 187 283 44 130 418 9999 799 613 724 943 915 685 2634 2986 2694 2556 2072 2105 2081 2103 2150 4381 
2042 2356 1498 1108 1436 1636 1074 1065 718 1073 808 670 435 799 9999 186 172 223 153 210 2578 2725 2456 2253 1879 1837 1802 1778 1841 5020 
2045 2522 1665 1266 1578 1771 1227 880 539 888 623 484 269 613 186 9999 176 361 313 169 2568 2765 2488 2300 1894 1871 1838 1826 1885 4866 
2189 2372 1520 1113 1412 1602 1069 1002 610 1006 724 595 318 724 172 176 9999 395 323 312 2719 2887 2615 2417 2031 1997 1962 1942 2004 5030 
1866 2343 1487 1130 1486 1695 1110 1188 895 1200 961 819 630 943 223 361 395 9999 79 261 2410 2522 2257 2046 1694 1641 1603 1573 1637 5026 
1941 2315 1457 1088 1437 1644 1064 1169 852 1179 929 788 577 915 153 313 323 79 9999 250 2484 2600 2336 2125 1771 1719 1682 1652 1716 5053 
1882 2552 1693 1312 1645 1846 1281 927 651 939 704 563 415 685 210 169 312 261 250 9999 2408 2597 2321 2132 1728 1703 1669 1658 1717 4818 
556 4343 3610 3391 3769 3985 3401 2601 2770 2626 2678 2619 2725 2634 2578 2568 2719 2410 2484 2408 9999 759 604 824 752 890 934 1033 969 3948 
854 4092 3458 3321 3688 3898 3347 3019 3088 3043 3028 2940 2974 2986 2725 2765 2887 2522 2600 2597 759 9999 295 479 916 896 928 948 884 4694 
564 3935 3265 3103 3475 3687 3125 2725 2799 2749 2736 2650 2691 2694 2456 2488 2615 2257 2336 2321 604 295 9999 276 623 619 654 693 625 4544 
578 3661 2999 2848 3218 3429 2873 2613 2647 2637 2597 2501 2517 2556 2253 2300 2417 2046 2125 2132 824 479 276 9999 539 452 475 475 415 4714 
204 3601 2859 2640 3018 3234 2652 2104 2180 2128 2114 2030 2084 2072 1879 1894 2031 1694 1771 1728 752 916 623 539 9999 192 225 345 306 4338 
377 3452 2729 2531 2908 3123 2548 2161 2199 2185 2146 2052 2078 2105 1837 1871 1997 1641 1719 1703 890 896 619 452 192 9999 44 155 115 4529 
416 3409 2686 2489 2865 3080 2505 2142 2172 2166 2122 2026 2048 2081 1802 1838 1962 1603 1682 1669 934 928 654 475 225 44 9999 120 97 4557 
532 3313 2602 2419 2793 3007 2438 2180 2185 2203 2144 2042 2046 2103 1778 1826 1942 1573 1652 1658 1033 948 693 475 345 155 120 9999 70 4675 
481 3380 2672 2489 2863 3077 2508 2220 2236 2243 2191 2092 2102 2150 1841 1885 2004 1637 1716 1717 969 884 625 415 306 115 97 70 9999 4643 
4187 7368 6510 6128 6442 6629 6092 4113 4559 4120 4402 4487 4778 4381 5020 4866 5030 5026 5053 4818 3948 4694 4544 4714 4338 4529 4557 4675 4643 9999 
