NAME: ds_604_courier_3458
TYPE: TSP
COMMENT: nil
DIMENSION: 14
EDGE_WEIGHT_TYPE: EXPLICIT
EDGE_WEIGHT_FORMAT: FULL_MATRIX
EDGE_WEIGHT_SECTION
9999 6094 5925 5091 3286 20 4784 2183 2205 2064 2287 2343 1583 1637 
6094 9999 222 1004 2809 6113 1311 3937 3907 4073 3852 3766 4722 4716 
5925 222 9999 855 2639 5944 1156 3760 3731 3893 3671 3590 4534 4526 
5091 1004 855 9999 1809 5111 308 2944 2911 3082 2862 2770 3744 3742 
3286 2809 2639 1809 9999 3305 1501 1142 1107 1285 1072 966 1972 1982 
20 6113 5944 5111 3305 9999 4803 2203 2225 2084 2307 2363 1604 1657 
4784 1311 1156 308 1501 4803 9999 2638 2605 2777 2558 2464 3443 3442 
2183 3937 3760 2944 1142 2203 2638 9999 52 150 127 179 855 882 
2205 3907 3731 2911 1107 2225 2605 52 9999 197 146 141 901 930 
2064 4073 3893 3082 1285 2084 2777 150 197 9999 224 327 705 733 
2287 3852 3671 2862 1072 2307 2558 127 146 224 9999 164 901 917 
2343 3766 3590 2770 966 2363 2464 179 141 327 164 9999 1031 1055 
1583 4722 4534 3744 1972 1604 3443 855 901 705 901 1031 9999 83 
1637 4716 4526 3742 1982 1657 3442 882 930 733 917 1055 83 9999 
