NAME: ds_911_courier_4849
TYPE: TSP
COMMENT: nil
DIMENSION: 28
EDGE_WEIGHT_TYPE: EXPLICIT
EDGE_WEIGHT_FORMAT: FULL_MATRIX
EDGE_WEIGHT_SECTION
9999 2621 2960 3577 3732 3544 3323 3238 3674 3933 3292 2245 2241 3224 1382 2142 2359 2324 2271 2132 2335 2072 3312 2625 2864 3386 3575 3564 
2621 9999 341 961 1246 1088 725 656 1062 1318 689 452 452 729 1240 512 463 452 500 492 413 676 912 73 339 779 957 981 
2960 341 9999 619 947 810 391 338 721 976 353 750 779 552 1579 832 703 713 767 833 683 966 766 337 312 440 629 693 
3577 961 619 9999 566 560 274 373 111 357 295 1347 1387 686 2198 1440 1268 1290 1346 1452 1268 1550 846 952 807 201 200 430 
3732 1246 947 566 9999 190 586 611 500 577 625 1504 1698 1224 2394 1617 1375 1414 1464 1698 1408 1660 1403 1206 1230 580 764 994 
3544 1088 810 560 190 9999 490 486 530 680 526 1322 1536 1158 2211 1436 1189 1229 1278 1525 1225 1473 1352 1042 1108 508 759 984 
3323 725 391 274 586 490 9999 100 354 615 40 1084 1169 671 1949 1181 998 1022 1077 1211 1002 1282 873 706 648 74 389 570 
3238 656 338 373 611 486 100 9999 449 708 94 995 1106 706 1867 1095 903 929 984 1135 910 1189 916 630 623 175 484 652 
3674 1062 721 111 500 530 354 449 9999 260 383 1438 1493 788 2297 1533 1352 1376 1431 1553 1356 1637 938 1051 918 288 275 501 
3933 1318 976 357 577 680 615 708 260 9999 643 1698 1742 958 2554 1793 1611 1636 1692 1809 1616 1897 1070 1309 1150 548 430 605 
3292 689 353 295 625 526 40 94 383 643 9999 1055 1132 640 1916 1151 973 996 1051 1177 974 1256 844 672 607 95 390 559 
2245 452 750 1347 1504 1322 1084 995 1438 1698 1055 9999 456 1178 890 118 163 112 101 293 99 225 1351 421 783 1150 1378 1426 
2241 452 779 1387 1698 1536 1169 1106 1493 1742 1132 456 9999 989 871 400 595 549 557 206 514 605 1106 495 624 1218 1352 1324 
3224 729 552 686 1224 1158 671 706 788 958 640 1178 989 9999 1859 1223 1186 1179 1229 1136 1142 1403 217 776 397 652 531 385 
1382 1240 1579 2198 2394 2211 1949 1867 2297 2554 1916 890 871 1859 9999 778 1026 983 937 750 986 762 1968 1246 1487 2010 2193 2187 
2142 512 832 1440 1617 1436 1181 1095 1533 1793 1151 118 400 1223 778 9999 278 227 201 208 217 209 1384 496 826 1246 1460 1493 
2359 463 703 1268 1375 1189 998 903 1352 1611 973 163 595 1186 1026 278 9999 51 89 452 81 289 1374 410 802 1068 1321 1394 
2324 452 713 1290 1414 1229 1022 929 1376 1636 996 112 549 1179 983 227 51 9999 56 401 42 261 1363 405 791 1091 1336 1401 
2271 500 767 1346 1464 1278 1077 984 1431 1692 1051 101 557 1229 937 201 89 56 9999 393 87 205 1410 456 838 1146 1391 1455 
2132 492 833 1452 1698 1525 1211 1135 1553 1809 1177 293 206 1136 750 208 452 401 393 9999 375 404 1274 506 749 1268 1443 1444 
2335 413 683 1268 1408 1225 1002 910 1356 1616 974 99 514 1142 986 217 81 42 87 375 9999 284 1324 369 752 1070 1309 1369 
2072 676 966 1550 1660 1473 1282 1189 1637 1897 1256 225 605 1403 762 209 289 261 205 404 284 9999 1573 643 1007 1351 1593 1648 
3312 912 766 846 1403 1352 873 916 938 1070 844 1351 1106 217 1968 1384 1374 1363 1410 1274 1324 1573 9999 965 573 845 666 465 
2625 73 337 952 1206 1042 706 630 1051 1309 672 421 495 776 1246 496 410 405 456 506 369 643 965 9999 394 764 964 1005 
2864 339 312 807 1230 1108 648 623 918 1150 607 783 624 397 1487 826 802 791 838 749 752 1007 573 394 9999 673 739 701 
3386 779 440 201 580 508 74 175 288 548 95 1150 1218 652 2010 1246 1068 1091 1146 1268 1070 1351 845 764 673 9999 320 513 
3575 957 629 200 764 759 389 484 275 430 390 1378 1352 531 2193 1460 1321 1336 1391 1443 1309 1593 666 964 739 320 9999 230 
3564 981 693 430 994 984 570 652 501 605 559 1426 1324 385 2187 1493 1394 1401 1455 1444 1369 1648 465 1005 701 513 230 9999 
