NAME: ds_824_courier_1656
TYPE: TSP
COMMENT: nil
DIMENSION: 28
EDGE_WEIGHT_TYPE: EXPLICIT
EDGE_WEIGHT_FORMAT: FULL_MATRIX
EDGE_WEIGHT_SECTION
9999 4271 2843 3107 3879 4074 3876 4111 2647 3572 3540 2978 3216 3055 2847 3367 3973 3566 3161 3960 4515 5451 2982 5594 3295 3862 4138 61 
4271 9999 2076 1895 1194 2131 1009 1652 2615 1623 1391 1910 1062 1391 2256 1339 319 1114 1562 1691 699 6912 2603 1342 1333 1002 1340 4290 
2843 2076 9999 273 1161 3347 2399 3036 539 753 811 177 1448 761 203 752 1912 993 516 2963 2659 4960 623 3156 2086 2382 2839 2835 
3107 1895 273 9999 903 3327 2320 2984 748 480 561 138 1398 698 382 556 1762 785 359 2924 2512 5064 714 2917 2070 2304 2765 3102 
3879 1194 1161 903 9999 3074 1943 2647 1643 480 354 987 1275 882 1282 516 1197 378 722 2634 1886 5744 1531 2027 1931 1930 2369 3881 
4074 2131 3347 3327 3074 9999 1149 489 3804 3327 3074 3255 1932 2629 3549 2889 1943 2788 2985 446 1617 8247 3970 3045 1262 1160 805 4119 
3876 1009 2399 2320 1943 1149 9999 704 2907 2240 1983 2275 958 1640 2602 1824 795 1688 1963 703 720 7359 3011 2139 583 17 446 3907 
4111 1652 3036 2984 2647 489 704 9999 3522 2935 2679 2926 1590 2291 3239 2510 1484 2386 2632 158 1130 7981 3656 2568 989 717 316 4150 
2647 2615 539 748 1643 3804 2907 3522 9999 1186 1309 706 1950 1286 366 1284 2450 1522 1053 3439 3195 4459 342 3664 2551 2890 3342 2629 
3572 1623 753 480 480 3327 2240 2935 1186 9999 257 597 1421 813 836 451 1565 555 486 2900 2293 5291 1052 2502 2110 2225 2681 3569 
3540 1391 811 561 354 3074 1983 2679 1309 257 9999 635 1177 622 943 231 1315 300 380 2645 2050 5522 1231 2355 1865 1968 2425 3541 
2978 1910 177 138 987 3255 2275 2926 706 597 635 9999 1336 636 347 579 1756 819 349 2860 2505 5091 737 2979 1994 2258 2718 2974 
3216 1062 1448 1398 1275 1932 958 1590 1950 1421 1177 1336 9999 702 1652 971 757 923 1053 1526 1375 6405 2067 2401 691 941 1393 3237 
3055 1391 761 698 882 2629 1640 2291 1286 813 622 636 702 9999 963 392 1182 523 366 2228 1918 5721 1371 2605 1374 1623 2082 3063 
2847 2256 203 382 1282 3549 2602 3239 366 836 943 347 1652 963 9999 921 2103 1158 696 3166 2851 4758 422 3299 2288 2585 3042 2835 
3367 1339 752 556 516 2889 1824 2510 1284 451 231 579 971 392 921 9999 1213 242 242 2467 1961 5607 1268 2415 1662 1808 2269 3370 
3973 319 1912 1762 1197 1943 795 1484 2450 1565 1315 1756 757 1182 2103 1213 9999 1018 1411 1497 750 6820 2476 1658 1031 784 1188 3993 
3566 1114 993 785 378 2788 1688 2386 1522 555 300 819 923 523 1158 242 1018 9999 483 2356 1758 5809 1489 2175 1599 1673 2127 3571 
3161 1562 516 359 722 2985 1963 2632 1053 486 380 349 1053 366 696 242 1411 483 9999 2576 2160 5422 1068 2657 1735 1947 2408 3162 
3960 1691 2963 2924 2634 446 703 158 3439 2900 2645 2860 1526 2228 3166 2467 1497 2356 2576 9999 1219 7895 3585 2671 891 714 399 4001 
4515 699 2659 2512 1886 1617 720 1130 3195 2293 2050 2505 1375 1918 2851 1961 750 1758 2160 1219 9999 7566 3226 1457 1272 727 822 4543 
5451 6912 4960 5064 5744 8247 7359 7981 4459 5291 5522 5091 6405 5721 4758 5607 6820 5809 5422 7895 7566 9999 4355 7615 7005 7342 7797 5393 
2982 2603 623 714 1531 3970 3011 3656 342 1052 1231 737 2067 1371 422 1268 2476 1489 1068 3585 3226 4355 9999 3554 2709 2994 3453 2962 
5594 1342 3156 2917 2027 3045 2139 2568 3664 2502 2355 2979 2401 2605 3299 2415 1658 2175 2657 2671 1457 7615 3554 9999 2609 2141 2271 5610 
3295 1333 2086 2070 1931 1262 583 989 2551 2110 1865 1994 691 1374 2288 1662 1031 1599 1735 891 1272 7005 2709 2609 9999 570 888 3328 
3862 1002 2382 2304 1930 1160 17 717 2890 2225 1968 2258 941 1623 2585 1808 784 1673 1947 714 727 7342 2994 2141 570 9999 462 3894 
4138 1340 2839 2765 2369 805 446 316 3342 2681 2425 2718 1393 2082 3042 2269 1188 2127 2408 399 822 7797 3453 2271 888 462 9999 4174 
61 4290 2835 3102 3881 4119 3907 4150 2629 3569 3541 2974 3237 3063 2835 3370 3993 3571 3162 4001 4543 5393 2962 5610 3328 3894 4174 9999 
