NAME: ds_818_courier_435
TYPE: TSP
COMMENT: nil
DIMENSION: 17
EDGE_WEIGHT_TYPE: EXPLICIT
EDGE_WEIGHT_FORMAT: FULL_MATRIX
EDGE_WEIGHT_SECTION
9999 664 1193 1453 1446 770 1438 635 1190 1585 978 1347 1121 887 509 274 812 
664 9999 561 1343 1539 589 1294 298 551 1204 363 685 496 1136 206 539 1472 
1193 561 9999 1700 1988 1047 1636 801 29 1361 518 242 74 1662 765 1099 2003 
1453 1343 1700 9999 454 770 77 1057 1674 613 1183 1626 1676 761 1224 1191 1831 
1446 1539 1988 454 9999 956 526 1241 1964 1063 1475 1957 1951 580 1375 1227 1611 
770 589 1047 770 956 9999 732 293 1026 818 558 1057 1003 647 454 497 1394 
1438 1294 1636 77 526 732 9999 1013 1610 538 1121 1557 1614 788 1184 1172 1849 
635 298 801 1057 1241 293 1013 9999 784 1001 388 859 748 862 180 404 1381 
1190 551 29 1674 1964 1026 1610 784 9999 1331 493 221 83 1645 754 1090 2001 
1585 1204 1361 613 1063 818 538 1001 1331 9999 906 1216 1362 1201 1179 1313 2173 
978 363 518 1183 1475 558 1121 388 493 906 9999 499 493 1200 468 782 1757 
1347 685 242 1626 1957 1057 1557 859 221 1216 499 9999 301 1698 873 1212 2157 
1121 496 74 1676 1951 1003 1614 748 83 1362 493 301 9999 1610 701 1033 1931 
887 1136 1662 761 580 647 788 862 1645 1201 1200 1698 1610 9999 941 705 1075 
509 206 765 1224 1375 454 1184 180 754 1179 468 873 701 941 9999 339 1298 
274 539 1099 1191 1227 497 1172 404 1090 1313 782 1212 1033 705 339 9999 977 
812 1472 2003 1831 1611 1394 1849 1381 2001 2173 1757 2157 1931 1075 1298 977 9999 
