NAME: ds_716_courier_75
TYPE: TSP
COMMENT: nil
DIMENSION: 35
EDGE_WEIGHT_TYPE: EXPLICIT
EDGE_WEIGHT_FORMAT: FULL_MATRIX
EDGE_WEIGHT_SECTION
9999 843 1348 1710 1601 1605 1614 1519 1613 1229 922 753 721 797 635 1149 1068 1160 1330 1157 1146 1023 828 754 493 417 468 442 490 941 787 1070 1168 1330 1614 
843 9999 2016 2553 2427 2435 2444 2185 2284 1985 1727 1595 1503 1522 1376 1875 1868 1975 1511 1805 1792 1811 19 181 366 498 433 455 999 964 1053 1485 1467 1514 2457 
1348 2016 9999 1298 876 926 932 172 270 1679 1368 977 679 556 715 258 557 635 2536 1909 1907 1472 1997 2007 1763 1526 1776 1752 1724 2263 2053 2160 2327 2534 1241 
1710 2553 1298 9999 453 396 394 1321 1317 948 932 960 1175 1273 1332 1130 874 742 2239 1322 1331 923 2538 2452 2197 2098 2154 2128 1742 2260 1985 1815 2014 2234 96 
1601 2427 876 453 9999 57 59 878 866 1200 1045 879 941 987 1090 753 580 457 2395 1544 1549 1087 2410 2354 2092 1941 2067 2040 1760 2312 2049 1972 2168 2392 430 
1605 2435 926 396 57 9999 9 933 923 1159 1017 874 959 1014 1110 794 604 476 2368 1508 1513 1055 2418 2359 2097 1953 2069 2043 1748 2298 2032 1944 2141 2365 373 
1614 2444 932 394 59 9 9999 937 926 1165 1025 883 968 1023 1119 801 613 485 2376 1514 1519 1061 2428 2368 2106 1962 2079 2052 1757 2306 2040 1951 2149 2372 373 
1519 2185 172 1321 878 933 937 9999 100 1790 1494 1117 842 725 886 403 671 726 2694 2039 2039 1593 2166 2178 1934 1696 1948 1924 1889 2431 2217 2312 2482 2692 1275 
1613 2284 270 1317 866 923 926 100 9999 1837 1552 1185 927 817 978 483 729 768 2772 2098 2098 1646 2266 2277 2032 1795 2045 2021 1975 2520 2303 2386 2559 2770 1277 
1229 1985 1679 948 1200 1159 1165 1790 1837 9999 357 760 1143 1310 1251 1426 1123 1069 1307 376 385 235 1975 1840 1623 1642 1552 1531 1011 1427 1156 892 1089 1302 880 
922 1727 1368 932 1045 1017 1025 1494 1552 357 9999 412 792 961 895 1111 824 799 1351 547 547 122 1714 1598 1361 1339 1301 1276 822 1328 1053 927 1124 1348 843 
753 1595 977 960 879 874 883 1117 1185 760 412 9999 382 550 500 720 467 494 1608 935 933 530 1580 1502 1243 1139 1207 1180 889 1447 1194 1207 1388 1606 864 
721 1503 679 1175 941 959 968 842 927 1143 792 382 9999 169 157 445 367 484 1857 1294 1291 912 1486 1451 1191 1010 1183 1157 1048 1595 1376 1489 1650 1855 1085 
797 1522 556 1273 987 1014 1023 725 817 1310 961 550 169 9999 161 358 411 544 1999 1463 1459 1080 1504 1490 1236 1025 1239 1214 1174 1707 1502 1641 1797 1997 1188 
635 1376 715 1332 1090 1110 1119 886 978 1251 895 500 157 161 9999 516 511 634 1854 1367 1361 1017 1358 1336 1080 879 1081 1056 1021 1549 1349 1507 1656 1853 1242 
1149 1875 258 1130 753 794 801 403 483 1426 1111 720 445 358 516 9999 311 412 2291 1651 1650 1217 1857 1847 1593 1378 1596 1571 1493 2040 1820 1909 2079 2289 1061 
1068 1868 557 874 580 604 613 671 729 1123 824 467 367 411 511 311 9999 134 2074 1369 1369 922 1851 1810 1549 1376 1535 1508 1324 1883 1641 1674 1855 2071 795 
1160 1975 635 742 457 476 485 726 768 1069 799 494 484 544 634 412 134 9999 2095 1344 1345 885 1958 1910 1648 1487 1628 1602 1378 1937 1687 1686 1872 2092 664 
1330 1511 2536 2239 2395 2368 2376 2694 2772 1307 1351 1608 1857 1999 1854 2291 2074 2095 9999 935 924 1325 1513 1330 1297 1524 1210 1210 849 547 549 426 227 6 2161 
1157 1805 1909 1322 1544 1508 1514 2039 2098 376 547 935 1294 1463 1367 1651 1369 1344 935 9999 14 465 1798 1643 1460 1541 1379 1361 807 1115 859 530 721 930 1252 
1146 1792 1907 1331 1549 1513 1519 2039 2098 385 547 933 1291 1459 1361 1650 1369 1345 924 14 9999 468 1785 1630 1448 1529 1366 1348 794 1102 846 518 710 919 1259 
1023 1811 1472 923 1087 1055 1061 1593 1646 235 122 530 912 1080 1017 1217 922 885 1325 465 468 9999 1800 1676 1446 1440 1382 1358 875 1352 1076 899 1099 1321 840 
828 19 1997 2538 2410 2418 2428 2166 2266 1975 1714 1580 1486 1504 1358 1857 1851 1958 1513 1798 1785 1800 9999 183 354 479 423 444 991 967 1051 1482 1467 1516 2441 
754 181 2007 2452 2354 2359 2368 2178 2277 1840 1598 1502 1451 1490 1336 1847 1810 1910 1330 1643 1630 1676 183 9999 262 486 299 325 840 785 874 1307 1286 1334 2356 
493 366 1763 2197 2092 2097 2106 1934 2032 1623 1361 1243 1191 1236 1080 1593 1549 1648 1297 1460 1448 1446 354 262 9999 280 91 101 657 779 780 1192 1210 1300 2100 
417 498 1526 2098 1941 1953 1962 1696 1795 1642 1339 1139 1010 1025 879 1378 1376 1487 1524 1541 1529 1440 479 486 280 9999 341 331 779 1031 984 1359 1409 1525 2002 
468 433 1776 2154 2067 2069 2079 1948 2045 1552 1301 1207 1183 1239 1081 1596 1535 1628 1210 1379 1366 1382 423 299 91 341 9999 27 573 697 690 1101 1119 1212 2058 
442 455 1752 2128 2040 2043 2052 1924 2021 1531 1276 1180 1157 1214 1056 1571 1508 1602 1210 1361 1348 1358 444 325 101 331 27 9999 556 702 685 1092 1115 1212 2031 
490 999 1724 1742 1760 1748 1757 1889 1975 1011 822 889 1048 1174 1021 1493 1324 1378 849 807 794 875 991 840 657 779 573 556 9999 560 328 589 679 849 1649 
941 964 2263 2260 2312 2298 2306 2431 2520 1427 1328 1447 1595 1707 1549 2040 1883 1937 547 1115 1102 1352 967 785 779 1031 697 702 560 9999 276 634 541 550 2171 
787 1053 2053 1985 2049 2032 2040 2217 2303 1156 1053 1194 1376 1502 1349 1820 1641 1687 549 859 846 1076 1051 874 780 984 690 685 328 276 9999 436 430 550 1896 
1070 1485 2160 1815 1972 1944 1951 2312 2386 892 927 1207 1489 1641 1507 1909 1674 1686 426 530 518 899 1482 1307 1192 1359 1101 1092 589 634 436 9999 200 422 1736 
1168 1467 2327 2014 2168 2141 2149 2482 2559 1089 1124 1388 1650 1797 1656 2079 1855 1872 227 721 710 1099 1467 1286 1210 1409 1119 1115 679 541 430 200 9999 223 1935 
1330 1514 2534 2234 2392 2365 2372 2692 2770 1302 1348 1606 1855 1997 1853 2289 2071 2092 6 930 919 1321 1516 1334 1300 1525 1212 1212 849 550 550 422 223 9999 2156 
1614 2457 1241 96 430 373 373 1275 1277 880 843 864 1085 1188 1242 1061 795 664 2161 1252 1259 840 2441 2356 2100 2002 2058 2031 1649 2171 1896 1736 1935 2156 9999 
