NAME: ds_601_courier_2925
TYPE: TSP
COMMENT: nil
DIMENSION: 21
EDGE_WEIGHT_TYPE: EXPLICIT
EDGE_WEIGHT_FORMAT: FULL_MATRIX
EDGE_WEIGHT_SECTION
9999 3332 4419 4371 3510 3842 4587 4516 4857 2975 4879 2988 2870 3312 2247 2526 4720 2201 2243 2174 2994 
3332 9999 1178 1187 366 682 1438 1339 1707 566 1761 617 677 20 1188 993 1480 1236 1216 1175 365 
4419 1178 9999 149 914 578 323 215 552 1719 623 1756 1838 1195 2362 2170 306 2409 2391 2322 1542 
4371 1187 149 9999 890 538 253 153 520 1743 575 1785 1859 1203 2357 2180 361 2404 2389 2302 1545 
3510 366 914 890 9999 353 1131 1042 1406 923 1450 979 1027 375 1472 1315 1219 1519 1506 1413 681 
3842 682 578 538 353 9999 778 690 1053 1248 1097 1297 1359 695 1825 1661 878 1872 1859 1764 1025 
4587 1438 323 253 1131 778 9999 109 275 1995 322 2037 2111 1454 2603 2430 268 2649 2635 2541 1794 
4516 1339 215 153 1042 690 109 9999 368 1893 425 1934 2010 1355 2510 2332 251 2557 2542 2454 1698 
4857 1707 552 520 1406 1053 275 368 9999 2260 90 2300 2377 1723 2876 2700 323 2923 2908 2816 2065 
2975 566 1719 1743 923 1248 1995 1893 2260 9999 2317 70 121 553 734 479 2015 782 748 819 288 
4879 1761 623 575 1450 1097 322 425 90 2317 9999 2359 2434 1776 2922 2752 411 2968 2955 2855 2116 
2988 617 1756 1785 979 1297 2037 1934 2300 70 2359 9999 118 606 741 473 2049 789 751 845 357 
2870 677 1838 1859 1027 1359 2111 2010 2377 121 2434 118 9999 664 624 361 2134 672 634 730 364 
3312 20 1195 1203 375 695 1454 1355 1723 553 1776 606 664 9999 1169 977 1498 1218 1198 1155 347 
2247 1188 2362 2357 1472 1825 2603 2510 2876 734 2922 741 624 1169 9999 284 2666 49 47 242 823 
2526 993 2170 2180 1315 1661 2430 2332 2700 479 2752 473 361 977 284 9999 2470 327 283 462 636 
4720 1480 306 361 1219 878 268 251 323 2015 411 2049 2134 1498 2666 2470 9999 2714 2695 2627 1845 
2201 1236 2409 2404 1519 1872 2649 2557 2923 782 2968 789 672 1218 49 327 2714 9999 51 246 871 
2243 1216 2391 2389 1506 1859 2635 2542 2908 748 2955 751 634 1198 47 283 2695 51 9999 284 851 
2174 1175 2322 2302 1413 1764 2541 2454 2816 819 2855 845 730 1155 242 462 2627 246 284 9999 823 
2994 365 1542 1545 681 1025 1794 1698 2065 288 2116 357 364 347 823 636 1845 871 851 823 9999 
