,0,1,2,3,4,5,6
0,0.0,1820.1494912236053,1487.852415601203,36.95312868789587,1062.7229167754906,1124.3090000757772,901.736861590435
1,1820.1494912236053,0.0,722.4660788394509,1791.1474223338244,1260.535010079957,1745.8172553760198,1690.4733222490315
2,1487.852415601203,722.4660788394509,0.0,1452.2686386967657,1415.750435017002,1873.3230801958782,1736.397801144074
3,36.95312868789587,1791.1474223338244,1452.2686386967657,0.0,1057.1935719947985,1135.0470011524155,912.1244634061393
4,1062.7229167754906,1260.535010079957,1415.750435017002,1057.1935719947985,0.0,487.98145252605,450.0998527137201
5,1124.3090000757772,1745.8172553760198,1873.3230801958782,1135.0470011524155,487.98145252605,0.0,223.0064499358747
6,901.736861590435,1690.4733222490315,1736.397801144074,912.1244634061393,450.0998527137201,223.0064499358747,0.0
