NAME: ds_921_courier_4474
TYPE: TSP
COMMENT: nil
DIMENSION: 28
EDGE_WEIGHT_TYPE: EXPLICIT
EDGE_WEIGHT_FORMAT: FULL_MATRIX
EDGE_WEIGHT_SECTION
9999 910 904 680 1618 1413 1082 889 1244 1257 878 946 1473 1387 1295 1567 1964 1051 1670 1689 1798 2152 1916 1798 1636 1595 1848 768 
910 9999 140 269 847 709 669 159 1345 669 643 621 1572 1224 1113 664 1075 237 859 872 976 1274 1074 954 727 706 939 1127 
904 140 9999 224 962 838 806 295 1214 808 511 484 1439 1085 974 668 1061 153 795 810 918 1343 1164 1045 761 776 960 1214 
680 269 224 9999 1105 948 809 345 1141 870 468 479 1377 1083 972 892 1284 372 1002 1019 1128 1542 1343 1223 978 973 1181 1062 
1618 847 962 1105 9999 224 649 772 2168 424 1467 1427 2383 1985 1881 742 1016 938 1147 1140 1189 632 345 262 598 393 739 1427 
1413 709 838 948 224 9999 427 604 2053 203 1349 1319 2277 1904 1796 792 1131 847 1183 1181 1246 849 566 471 684 490 867 1205 
1082 669 806 809 649 427 9999 512 1948 225 1272 1268 2185 1878 1766 1067 1460 889 1406 1410 1497 1276 993 897 1012 851 1222 778 
889 159 295 345 772 604 512 9999 1472 532 777 764 1704 1372 1261 744 1161 392 989 999 1099 1264 1037 918 772 708 993 1000 
1244 1345 1214 1141 2168 2053 1948 1472 9999 2005 703 742 241 377 400 1648 1859 1233 1436 1460 1538 2432 2319 2208 1808 1910 1926 1982 
1257 669 808 870 424 203 225 532 2005 9999 1308 1290 2236 1892 1782 918 1288 853 1287 1288 1364 1052 768 674 836 658 1036 1003 
878 643 511 468 1467 1349 1272 777 703 1308 9999 84 929 616 506 1019 1319 541 932 955 1057 1780 1639 1524 1161 1233 1315 1468 
946 621 484 479 1427 1319 1268 764 742 1290 84 9999 959 609 498 948 1239 492 849 872 974 1717 1584 1471 1095 1177 1242 1509 
1473 1572 1439 1377 2383 2277 2185 1704 241 2236 929 959 9999 466 538 1829 2005 1446 1580 1604 1671 2615 2519 2410 1994 2109 2096 2218 
1387 1224 1085 1083 1985 1904 1878 1372 377 1892 616 609 466 9999 112 1383 1539 1057 1115 1139 1205 2168 2090 1986 1552 1682 1640 2059 
1295 1113 974 972 1881 1796 1766 1261 400 1782 506 498 538 112 9999 1294 1471 950 1047 1070 1143 2080 1994 1888 1461 1585 1558 1955 
1567 664 668 892 742 792 1067 744 1648 918 1019 948 1829 1383 1294 9999 418 535 405 398 455 787 727 640 174 355 299 1730 
1964 1075 1061 1284 1016 1131 1460 1161 1859 1288 1319 1239 2005 1539 1471 418 9999 914 425 401 344 761 855 820 451 642 280 2145 
1051 237 153 372 938 847 889 392 1233 853 541 492 1446 1057 950 535 914 9999 643 658 765 1251 1098 983 647 695 832 1356 
1670 859 795 1002 1147 1183 1406 989 1436 1287 932 849 1580 1115 1047 405 425 643 9999 24 129 1104 1107 1032 564 759 559 1985 
1689 872 810 1019 1140 1181 1410 999 1460 1288 955 872 1604 1139 1070 398 401 658 24 9999 109 1086 1094 1021 554 751 541 1996 
1798 976 918 1128 1189 1246 1497 1099 1538 1364 1057 974 1671 1205 1143 455 344 765 129 109 9999 1074 1111 1048 592 795 537 2098 
2152 1274 1343 1542 632 849 1276 1264 2432 1052 1780 1717 2615 2168 2080 787 761 1251 1104 1086 1074 9999 290 380 624 569 545 2053 
1916 1074 1164 1343 345 566 993 1037 2319 768 1639 1584 2519 2090 1994 727 855 1098 1107 1094 1111 290 9999 120 554 410 585 1771 
1798 954 1045 1223 262 471 897 918 2208 674 1524 1471 2410 1986 1888 640 820 983 1032 1021 1048 380 120 9999 470 303 542 1674 
1636 727 761 978 598 684 1012 772 1808 836 1161 1095 1994 1552 1461 174 451 647 564 554 592 624 554 470 9999 205 223 1721 
1595 706 776 973 393 490 851 708 1910 658 1233 1177 2109 1682 1585 355 642 695 759 751 795 569 410 303 205 9999 378 1593 
1848 939 960 1181 739 867 1222 993 1926 1036 1315 1242 2096 1640 1558 299 280 832 559 541 537 545 585 542 223 378 9999 1942 
768 1127 1214 1062 1427 1205 778 1000 1982 1003 1468 1509 2218 2059 1955 1730 2145 1356 1985 1996 2098 2053 1771 1674 1721 1593 1942 9999 
