NAME: ds_805_courier_435
TYPE: TSP
COMMENT: nil
DIMENSION: 12
EDGE_WEIGHT_TYPE: EXPLICIT
EDGE_WEIGHT_FORMAT: FULL_MATRIX
EDGE_WEIGHT_SECTION
9999 758 982 1223 922 1015 340 466 459 653 1019 347 
758 9999 821 613 310 689 441 337 515 211 593 583 
982 821 9999 1406 1127 1498 927 937 1127 969 1412 1107 
1223 613 1406 9999 320 418 887 764 798 586 300 916 
922 310 1127 320 9999 423 582 457 534 272 306 643 
1015 689 1498 418 423 9999 726 634 556 532 131 670 
340 441 927 887 582 726 9999 125 210 313 706 185 
466 337 937 764 457 634 125 9999 204 188 599 248 
459 515 1127 798 534 556 210 204 9999 319 565 120 
653 211 969 586 272 532 313 188 319 9999 465 407 
1019 593 1412 300 306 131 706 599 565 465 9999 684 
347 583 1107 916 643 670 185 248 120 407 684 9999 
