NAME: ds_909_courier_949
TYPE: TSP
COMMENT: nil
DIMENSION: 20
EDGE_WEIGHT_TYPE: EXPLICIT
EDGE_WEIGHT_FORMAT: FULL_MATRIX
EDGE_WEIGHT_SECTION
9999 3385 2661 1980 1897 4083 3720 3890 3129 3410 3986 3838 3853 4090 3876 3244 3515 3548 3507 3671 
3385 9999 910 1913 1746 719 336 570 324 184 770 470 505 738 508 149 149 275 365 446 
2661 910 9999 1004 862 1612 1199 1280 587 845 1673 1369 1411 1637 1405 766 989 1168 1210 1046 
1980 1913 1004 9999 291 2615 2201 2253 1591 1846 2670 2373 2415 2641 2408 1767 1992 2165 2193 2016 
1897 1746 862 291 9999 2461 2053 2142 1433 1703 2483 2214 2251 2483 2251 1597 1841 1983 1997 1906 
4083 719 1612 2615 2461 9999 415 514 1029 771 354 249 230 48 211 868 623 539 610 692 
3720 336 1199 2201 2053 415 9999 308 621 356 588 193 255 445 220 478 213 305 436 343 
3890 570 1280 2253 2142 514 308 9999 762 486 807 421 485 560 422 678 422 613 744 237 
3129 324 587 1591 1433 1029 621 762 9999 281 1093 783 824 1052 820 187 408 591 653 555 
3410 184 845 1846 1703 771 356 486 281 9999 892 536 587 799 569 210 155 432 540 303 
3986 770 1673 2670 2483 354 588 807 1093 892 9999 403 337 312 390 909 738 505 493 926 
3838 470 1369 2373 2214 249 193 421 783 536 403 9999 67 269 38 620 383 309 407 523 
3853 505 1411 2415 2251 230 255 485 824 587 337 67 9999 238 67 654 432 309 389 589 
4090 738 1637 2641 2483 48 445 560 1052 799 312 269 238 9999 232 887 649 543 604 733 
3876 508 1405 2408 2251 211 220 422 820 569 390 38 67 232 9999 657 417 344 438 541 
3244 149 766 1767 1597 868 478 678 187 210 909 620 654 887 657 9999 271 405 468 512 
3515 149 989 1992 1841 623 213 422 408 155 738 383 432 649 417 271 9999 302 424 315 
3548 275 1168 2165 1983 539 305 613 591 432 505 309 309 543 344 405 302 9999 133 593 
3507 365 1210 2193 1997 610 436 744 653 540 493 407 389 604 438 468 424 133 9999 724 
3671 446 1046 2016 1906 692 343 237 555 303 926 523 589 733 541 512 315 593 724 9999 
