NAME: ds_910_courier_1558
TYPE: TSP
COMMENT: nil
DIMENSION: 10
EDGE_WEIGHT_TYPE: EXPLICIT
EDGE_WEIGHT_FORMAT: FULL_MATRIX
EDGE_WEIGHT_SECTION
9999 481 1565 1634 46 43 2168 1968 2098 2051 
481 9999 1088 1163 502 488 2447 2322 2517 2479 
1565 1088 9999 128 1589 1576 3155 3165 3464 3442 
1634 1163 128 9999 1660 1647 3139 3169 3484 3466 
46 502 1589 1660 9999 14 2195 1986 2105 2056 
43 488 1576 1647 14 9999 2203 1996 2117 2069 
2168 2447 3155 3139 2195 2203 9999 490 1004 1080 
1968 2322 3165 3169 1986 1996 490 9999 537 602 
2098 2517 3464 3484 2105 2117 1004 537 9999 97 
2051 2479 3442 3466 2056 2069 1080 602 97 9999 
