NAME: ds_616_courier_2925
TYPE: TSP
COMMENT: nil
DIMENSION: 11
EDGE_WEIGHT_TYPE: EXPLICIT
EDGE_WEIGHT_FORMAT: FULL_MATRIX
EDGE_WEIGHT_SECTION
9999 3562 4148 2876 4579 3347 4382 4540 3634 3291 4499 
3562 9999 590 1181 1025 430 823 1002 417 535 941 
4148 590 9999 1680 435 927 234 423 725 1025 387 
2876 1181 1680 9999 2083 763 1879 2099 970 659 1911 
4579 1025 435 2083 9999 1345 207 116 1113 1438 243 
3347 430 927 763 1345 9999 1139 1350 288 106 1201 
4382 823 234 1879 207 1139 9999 232 911 1232 200 
4540 1002 423 2099 116 1350 232 9999 1135 1447 339 
3634 417 725 970 1113 288 911 1135 9999 350 945 
3291 535 1025 659 1438 106 1232 1447 350 9999 1286 
4499 941 387 1911 243 1201 200 339 945 1286 9999 
