NAME: ds_731_courier_1656
TYPE: TSP
COMMENT: nil
DIMENSION: 14
EDGE_WEIGHT_TYPE: EXPLICIT
EDGE_WEIGHT_FORMAT: FULL_MATRIX
EDGE_WEIGHT_SECTION
9999 2846 2966 4096 3977 2792 6258 2584 4085 4649 2874 3474 5462 57 
2846 9999 2251 2768 2495 1647 3585 1869 2744 2531 298 1728 5241 2843 
2966 2251 9999 1146 1093 605 3999 468 1138 2017 1979 1020 7263 3005 
4096 2768 1146 9999 294 1396 3233 1519 26 1208 2471 1043 7994 4132 
3977 2495 1093 294 9999 1215 3062 1395 269 1024 2198 767 7729 4011 
2792 1647 605 1396 1215 9999 3730 348 1379 1890 1373 720 6719 2822 
6258 3585 3999 3233 3062 3730 9999 4064 3217 2038 3449 3029 7961 6270 
2584 1869 468 1519 1395 348 4064 9999 1506 2181 1618 1038 6802 2618 
4085 2744 1138 26 269 1379 3217 1506 9999 1190 2447 1019 7971 4121 
4649 2531 2017 1208 1024 1890 2038 2181 1190 9999 2271 1179 7684 4673 
2874 298 1979 2471 2198 1373 3449 1618 2447 2271 9999 1431 5535 2877 
3474 1728 1020 1043 767 720 3029 1038 1019 1179 1431 9999 6963 3500 
5462 5241 7263 7994 7729 6719 7961 6802 7971 7684 5535 6963 9999 5408 
57 2843 3005 4132 4011 2822 6270 2618 4121 4673 2877 3500 5408 9999 
