NAME: ds_717_courier_2688
TYPE: TSP
COMMENT: nil
DIMENSION: 45
EDGE_WEIGHT_TYPE: EXPLICIT
EDGE_WEIGHT_FORMAT: FULL_MATRIX
EDGE_WEIGHT_SECTION
9999 80 3707 6148 2837 3270 4825 4761 4600 4617 4105 4893 3404 3228 3990 3771 4803 3841 3545 3320 5148 2271 3622 4480 4596 4811 5104 5220 4144 4195 4034 4181 2965 4068 4097 4354 3010 3102 3106 3476 3269 2931 2746 2705 4045 
80 9999 3665 6107 2781 3204 4784 4719 4557 4578 4062 4853 3353 3177 3951 3729 4764 3799 3495 3276 5104 2212 3579 4447 4561 4775 5068 5185 4120 4166 4001 4145 2940 4040 4065 4325 2984 3072 3073 3450 3238 2896 2713 2679 4009 
3707 3665 9999 2443 1128 1441 1128 1055 893 949 399 1195 522 665 330 83 1126 136 403 396 1440 1639 88 971 994 1181 1450 1606 1078 911 669 633 1075 876 704 999 1053 860 767 857 697 844 1062 1225 519 
6148 6107 2443 9999 3460 3423 1327 1388 1550 1552 2048 1258 2817 2998 2161 2378 1364 2308 2664 2835 1009 4027 2528 1793 1622 1406 1116 1098 2321 2148 2214 2017 3313 2280 2154 1999 3274 3126 3088 2844 2943 3236 3439 3541 2143 
2837 2781 1128 3460 9999 686 2203 2103 1946 2060 1462 2265 649 474 1457 1210 2224 1254 803 776 2455 581 1069 2094 2121 2300 2556 2724 2074 1971 1733 1753 1320 1896 1783 2089 1339 1213 1102 1546 1222 931 1011 1228 1627 
3270 3204 1441 3423 686 9999 2308 2182 2047 2234 1643 2359 932 855 1736 1519 2363 1530 1038 1224 2468 1054 1420 2378 2347 2484 2691 2883 2505 2351 2109 2055 1960 2308 2144 2437 1971 1820 1699 2090 1784 1562 1677 1899 1955 
4825 4784 1128 1327 2203 2308 9999 142 263 251 746 69 1554 1730 835 1058 121 992 1401 1523 380 2749 1210 611 408 306 386 589 1180 954 940 718 2006 1067 888 847 1968 1811 1766 1565 1626 1909 2114 2224 832 
4761 4719 1055 1388 2103 2182 142 9999 162 301 661 178 1453 1632 785 991 249 921 1300 1447 392 2657 1140 685 489 433 523 728 1240 1005 956 725 1986 1108 911 916 1950 1784 1730 1568 1600 1862 2071 2194 822 
4600 4557 893 1550 1946 2047 263 162 9999 271 499 320 1297 1474 629 829 324 759 1143 1285 551 2497 978 635 463 483 644 840 1160 920 840 605 1838 1010 800 853 1804 1634 1576 1434 1450 1704 1914 2041 688 
4617 4578 949 1552 2060 2234 251 301 271 9999 605 315 1418 1586 633 873 188 815 1268 1343 631 2587 1025 384 195 251 501 665 941 709 690 471 1766 818 637 614 1728 1575 1537 1317 1392 1690 1890 1990 592 
4105 4062 399 2048 1462 1643 746 661 499 605 9999 811 815 988 240 346 762 270 665 787 1043 2003 486 754 704 853 1095 1269 1071 848 652 481 1420 874 650 872 1391 1207 1131 1097 1029 1233 1449 1597 451 
4893 4853 1195 1258 2265 2359 69 178 320 315 811 9999 1616 1793 904 1126 157 1059 1463 1590 319 2813 1277 662 458 327 348 555 1233 1010 1004 784 2074 1126 951 898 2037 1879 1835 1631 1695 1978 2183 2293 899 
3404 3353 522 2817 649 932 1554 1453 1297 1418 815 1616 9999 181 840 604 1578 631 154 333 1810 1210 490 1488 1493 1662 1910 2083 1573 1425 1182 1153 1204 1377 1221 1520 1200 1016 894 1200 925 840 1032 1247 1040 
3228 3177 665 2998 474 855 1730 1632 1474 1586 988 1793 181 9999 992 748 1750 786 334 371 1990 1029 616 1636 1652 1828 2082 2251 1674 1544 1302 1296 1164 1484 1346 1650 1167 996 873 1237 937 777 947 1170 1177 
3990 3951 330 2161 1457 1736 835 785 629 633 240 904 840 992 9999 248 816 209 706 714 1177 1964 397 649 665 856 1133 1281 859 652 432 319 1218 657 444 708 1186 1010 947 864 827 1077 1286 1413 238 
3771 3729 83 2378 1210 1519 1058 991 829 873 346 1126 604 748 248 9999 1051 76 481 470 1379 1718 153 888 913 1102 1374 1527 1010 835 594 550 1092 806 626 919 1066 877 793 835 706 888 1103 1256 438 
4803 4764 1126 1364 2224 2363 121 249 324 188 762 157 1578 1750 816 1051 9999 990 1426 1521 472 2760 1204 506 303 186 333 520 1077 857 866 656 1952 976 811 741 1913 1763 1725 1497 1579 1878 2078 2178 779 
3841 3799 136 2308 1254 1530 992 921 759 815 270 1059 631 786 209 76 990 9999 497 532 1307 1772 219 858 867 1049 1316 1474 1024 836 601 526 1166 819 626 908 1140 951 868 895 779 963 1179 1332 427 
3545 3495 403 2664 803 1038 1401 1300 1143 1268 665 1463 154 334 706 481 1426 497 9999 350 1657 1363 392 1354 1349 1514 1759 1933 1477 1314 1072 1023 1232 1276 1107 1400 1223 1032 914 1163 917 895 1100 1306 918 
3320 3276 396 2835 776 1224 1523 1447 1285 1343 787 1590 333 371 714 470 1521 532 350 9999 1829 1252 318 1328 1375 1570 1844 1995 1311 1196 957 987 884 1126 1007 1313 876 688 568 874 592 549 759 959 858 
5148 5104 1440 1009 2455 2468 380 392 551 631 1043 319 1810 1990 1177 1379 472 1307 1657 1829 9999 3019 1527 977 774 615 482 662 1549 1328 1319 1095 2373 1444 1268 1212 2337 2174 2122 1942 1989 2253 2463 2584 1203 
2271 2212 1639 4027 581 1054 2749 2657 2497 2587 2003 2813 1210 1029 1964 1718 2760 1772 1363 1252 3019 9999 1568 2574 2627 2819 3088 3245 2459 2398 2175 2236 1478 2304 2231 2534 1511 1453 1373 1847 1530 1164 1131 1291 2103 
3622 3579 88 2528 1069 1420 1210 1140 978 1025 486 1277 490 616 397 153 1204 219 392 318 1527 1568 9999 1024 1060 1252 1526 1678 1087 935 692 683 997 888 733 1035 976 782 686 809 625 757 974 1140 561 
4480 4447 971 1793 2094 2378 611 685 635 384 754 662 1488 1636 649 888 506 858 1354 1328 977 2574 1024 9999 204 392 678 747 571 360 447 341 1550 488 384 236 1508 1384 1374 1059 1211 1557 1734 1795 471 
4596 4561 994 1622 2121 2347 408 489 463 195 704 458 1493 1652 665 913 303 867 1349 1375 774 2627 1060 204 9999 218 516 628 774 556 593 416 1697 678 533 439 1657 1519 1496 1223 1340 1665 1854 1934 552 
4811 4775 1181 1406 2300 2484 306 433 483 251 853 327 1662 1828 856 1102 186 1049 1514 1570 615 2819 1252 392 218 9999 297 425 953 752 810 631 1916 880 750 617 1875 1738 1713 1438 1558 1880 2071 2152 766 
5104 5068 1450 1116 2556 2691 386 523 644 501 1095 348 1910 2082 1133 1374 333 1316 1759 1844 482 3088 1526 678 516 297 9999 207 1216 1033 1107 927 2213 1164 1045 886 2172 2035 2009 1733 1855 2173 2366 2450 1060 
5220 5185 1606 1098 2724 2883 589 728 840 665 1269 555 2083 2251 1281 1527 520 1474 1933 1995 662 3245 1678 747 628 425 207 9999 1231 1079 1193 1042 2297 1214 1130 922 2255 2130 2115 1803 1955 2290 2475 2542 1179 
4144 4120 1078 2321 2074 2505 1180 1240 1160 941 1071 1233 1573 1674 859 1010 1077 1024 1477 1311 1549 2459 1087 571 774 953 1216 1231 9999 242 427 606 1181 204 421 337 1136 1074 1113 673 944 1323 1448 1443 624 
4195 4166 911 2148 1971 2351 954 1005 920 709 848 1010 1425 1544 652 835 857 836 1314 1196 1328 2398 935 360 556 752 1033 1079 242 9999 243 372 1238 134 210 161 1194 1094 1107 731 937 1306 1461 1493 414 
4034 4001 669 2214 1733 2109 940 956 840 690 652 1004 1182 1302 432 594 866 601 1072 957 1319 2175 692 447 593 810 1107 1193 427 243 9999 235 1107 225 63 359 1066 937 928 632 764 1116 1288 1349 200 
4181 4145 633 2017 1753 2055 718 725 605 471 481 784 1153 1296 319 550 656 526 1023 987 1095 2236 683 341 416 631 927 1042 606 372 235 9999 1297 425 200 395 1258 1111 1082 848 929 1250 1440 1526 137 
2965 2940 1075 3313 1320 1960 2006 1986 1838 1766 1420 2074 1204 1164 1218 1092 1952 1166 1232 884 2373 1478 997 1550 1697 1916 2213 2297 1181 1238 1107 1297 9999 1107 1169 1398 45 216 320 511 392 398 347 263 1175 
4068 4040 876 2280 1896 2308 1067 1108 1010 818 874 1126 1377 1484 657 806 976 819 1276 1126 1444 2304 888 488 678 880 1164 1214 204 134 225 425 1107 9999 228 294 1063 970 990 599 819 1193 1340 1364 424 
4097 4065 704 2154 1783 2144 888 911 800 637 650 951 1221 1346 444 626 811 626 1107 1007 1268 2231 733 384 533 750 1045 1130 421 210 63 200 1169 228 9999 306 1128 1001 992 690 828 1178 1351 1412 206 
4354 4325 999 1999 2089 2437 847 916 853 614 872 898 1520 1650 708 919 741 908 1400 1313 1212 2534 1035 236 439 617 886 922 337 161 359 395 1398 294 306 9999 1355 1253 1261 892 1092 1458 1617 1653 482 
3010 2984 1053 3274 1339 1971 1968 1950 1804 1728 1391 2037 1200 1167 1186 1066 1913 1140 1223 876 2337 1511 976 1508 1657 1875 2172 2255 1136 1194 1066 1258 45 1063 1128 1355 9999 195 309 466 362 410 381 308 1137 
3102 3072 860 3126 1213 1820 1811 1784 1634 1575 1207 1879 1016 996 1010 877 1763 951 1032 688 2174 1453 782 1384 1519 1738 2035 2130 1074 1094 937 1111 216 970 1001 1253 195 9999 124 409 185 294 374 415 984 
3106 3073 767 3088 1102 1699 1766 1730 1576 1537 1131 1835 894 873 947 793 1725 868 914 568 2122 1373 686 1374 1496 1713 2009 2115 1113 1107 928 1082 320 990 992 1261 309 124 9999 474 171 212 360 466 949 
3476 3450 857 2844 1546 2090 1565 1568 1434 1317 1097 1631 1200 1237 864 835 1497 895 1163 874 1942 1847 809 1059 1223 1438 1733 1803 673 731 632 848 511 599 690 892 466 409 474 9999 326 684 781 771 746 
3269 3238 697 2943 1222 1784 1626 1600 1450 1392 1029 1695 925 937 827 706 1579 779 917 592 1989 1530 625 1211 1340 1558 1855 1955 944 937 764 929 392 819 828 1092 362 185 171 326 9999 379 525 598 800 
2931 2896 844 3236 931 1562 1909 1862 1704 1690 1233 1978 840 777 1077 888 1878 963 895 549 2253 1164 757 1557 1665 1880 2173 2290 1323 1306 1116 1250 398 1193 1178 1458 410 294 212 684 379 9999 218 411 1114 
2746 2713 1062 3439 1011 1677 2114 2071 1914 1890 1449 2183 1032 947 1286 1103 2078 1179 1100 759 2463 1131 974 1734 1854 2071 2366 2475 1448 1461 1288 1440 347 1340 1351 1617 381 374 360 781 525 218 9999 226 1306 
2705 2679 1225 3541 1228 1899 2224 2194 2041 1990 1597 2293 1247 1170 1413 1256 2178 1332 1306 959 2584 1291 1140 1795 1934 2152 2450 2542 1443 1493 1349 1526 263 1364 1412 1653 308 415 466 771 598 411 226 9999 1399 
4045 4009 519 2143 1627 1955 832 822 688 592 451 899 1040 1177 238 438 779 427 918 858 1203 2103 561 471 552 766 1060 1179 624 414 200 137 1175 424 206 482 1137 984 949 746 800 1114 1306 1399 9999 
