NAME: ds_924_courier_75
TYPE: TSP
COMMENT: nil
DIMENSION: 29
EDGE_WEIGHT_TYPE: EXPLICIT
EDGE_WEIGHT_FORMAT: FULL_MATRIX
EDGE_WEIGHT_SECTION
9999 2166 2179 1341 1565 1796 2095 2522 2527 1171 1516 1460 1709 1871 1850 1690 1773 7270 464 1178 809 1186 940 1048 1377 1403 1483 1721 1697 
2166 9999 43 1852 1974 1888 2171 1607 1449 2206 2751 2781 2179 2285 2214 1654 2066 6127 1827 1547 2098 2673 2048 2241 2225 2254 2514 2533 2790 
2179 43 9999 1837 1955 1864 2144 1569 1409 2197 2740 2771 2159 2262 2191 1631 2044 6084 1833 1537 2096 2667 2042 2234 2211 2241 2501 2516 2776 
1341 1852 1837 9999 238 458 759 1328 1400 431 918 966 438 601 556 426 445 5943 917 356 608 949 464 540 376 404 666 698 938 
1565 1974 1955 238 9999 279 530 1225 1326 529 893 962 221 372 321 375 209 5740 1151 568 798 1014 652 666 374 386 626 565 861 
1796 1888 1864 458 279 9999 348 956 1070 808 1138 1215 355 406 334 240 199 5485 1359 691 1059 1288 914 944 647 654 872 748 1073 
2095 2171 2144 759 530 348 9999 977 1134 1013 1188 1281 435 337 303 572 325 5225 1676 1034 1321 1421 1176 1157 813 805 948 736 1067 
2522 1607 1569 1328 1225 956 977 9999 189 1739 2090 2170 1294 1277 1218 903 1132 4823 2057 1350 1918 2239 1783 1864 1599 1608 1826 1672 2006 
2527 1449 1409 1400 1326 1070 1134 189 9999 1823 2208 2283 1419 1418 1355 978 1256 4885 2064 1375 1972 2332 1842 1940 1699 1711 1941 1805 2137 
1171 2206 2197 431 529 808 1013 1739 1823 9999 553 574 583 729 725 846 697 6237 852 660 364 518 258 144 212 234 368 559 646 
1516 2751 2740 918 893 1138 1188 2090 2208 553 9999 101 797 852 894 1266 958 6279 1316 1205 811 365 772 569 545 521 268 459 205 
1460 2781 2771 966 962 1215 1281 2170 2283 574 101 9999 881 944 984 1332 1041 6380 1288 1234 791 285 771 565 601 581 344 557 300 
1709 2179 2159 438 221 355 435 1294 1419 583 797 881 9999 167 144 542 163 5655 1320 784 912 993 772 727 378 369 538 394 719 
1871 2285 2262 601 372 406 337 1277 1418 729 852 944 167 9999 72 631 219 5520 1486 940 1070 1094 932 872 518 503 614 403 736 
1850 2214 2191 556 321 334 303 1218 1355 725 894 984 144 72 9999 560 149 5513 1454 886 1055 1118 914 870 519 507 647 456 790 
1690 1654 1631 426 375 240 572 903 978 846 1266 1332 542 631 560 9999 413 5581 1236 527 1021 1357 882 964 734 751 999 927 1234 
1773 2066 2044 445 209 199 325 1132 1256 697 958 1041 163 219 149 413 9999 5546 1360 755 996 1140 851 840 508 507 697 552 881 
7270 6127 6084 5943 5740 5485 5225 4823 4885 6237 6279 6380 5655 5520 5513 5581 5546 9999 6816 6101 6538 6592 6392 6381 6032 6020 6103 5841 6093 
464 1827 1833 917 1151 1359 1676 2057 2064 852 1316 1288 1320 1486 1454 1236 1360 6816 9999 717 510 1060 595 765 1034 1065 1209 1409 1465 
1178 1547 1537 356 568 691 1034 1350 1375 660 1205 1234 784 940 886 527 755 6101 717 9999 635 1146 537 708 695 727 978 1048 1260 
809 2098 2096 608 798 1059 1321 1918 1972 364 811 791 912 1070 1055 1021 996 6538 510 635 9999 598 146 257 568 594 704 921 955 
1186 2673 2667 949 1014 1288 1421 2239 2332 518 365 285 993 1094 1118 1357 1140 6592 1060 1146 598 9999 625 438 641 636 490 752 569 
940 2048 2042 464 652 914 1176 1783 1842 258 772 771 772 932 914 882 851 6392 595 537 146 625 9999 206 444 473 622 814 892 
1048 2241 2234 540 666 944 1157 1864 1940 144 569 565 727 872 870 964 840 6381 765 708 257 438 206 9999 354 373 447 673 701 
1377 2225 2211 376 374 647 813 1599 1699 212 545 601 378 518 519 734 508 6032 1034 695 568 641 444 354 9999 34 290 385 567 
1403 2254 2241 404 386 654 805 1608 1711 234 521 581 369 503 507 751 507 6020 1065 727 594 636 473 373 34 9999 262 351 536 
1483 2514 2501 666 626 872 948 1826 1941 368 268 344 538 614 647 999 697 6103 1209 978 704 490 622 447 290 262 9999 268 284 
1721 2533 2516 698 565 748 736 1672 1805 559 459 557 394 403 456 927 552 5841 1409 1048 921 752 814 673 385 351 268 9999 334 
1697 2790 2776 938 861 1073 1067 2006 2137 646 205 300 719 736 790 1234 881 6093 1465 1260 955 569 892 701 567 536 284 334 9999 
