NAME: ds_825_courier_2925
TYPE: TSP
COMMENT: nil
DIMENSION: 25
EDGE_WEIGHT_TYPE: EXPLICIT
EDGE_WEIGHT_FORMAT: FULL_MATRIX
EDGE_WEIGHT_SECTION
9999 4781 3126 4175 4713 2570 4493 4912 3291 4771 4595 3294 3336 2234 2818 3874 4843 3225 2170 3509 4375 3637 3108 4182 4961 
4781 9999 2228 639 105 2581 383 189 2252 311 187 1685 1646 2878 2271 968 87 1697 2741 1474 448 1214 1807 634 187 
3126 2228 9999 1619 2128 557 1850 2272 210 2062 2064 627 650 895 383 1308 2249 690 1014 782 1786 1104 659 1621 2409 
4175 639 1619 9999 552 1944 320 741 1667 602 458 1051 1013 2239 1636 330 683 1059 2106 847 200 575 1168 9 826 
4713 105 2128 552 9999 2487 279 206 2149 236 134 1591 1552 2788 2178 879 131 1607 2658 1378 356 1126 1717 547 282 
2570 2581 557 1944 2487 9999 2219 2655 734 2463 2403 897 936 344 310 1615 2616 889 494 1114 2133 1375 790 1949 2767 
4493 383 1850 320 279 2219 9999 437 1869 283 253 1323 1283 2526 1909 627 400 1345 2409 1107 131 873 1459 312 560 
4912 189 2272 741 206 2655 437 9999 2278 228 338 1759 1719 2962 2344 1061 102 1782 2844 1541 541 1308 1895 734 197 
3291 2252 210 1667 2149 734 1869 2278 9999 2060 2097 752 766 1059 592 1373 2264 834 1210 864 1819 1194 824 1668 2427 
4771 311 2062 602 236 2463 283 228 2060 9999 339 1571 1530 2777 2153 899 262 1603 2675 1350 411 1142 1718 595 414 
4595 187 2064 458 134 2403 253 338 2097 339 9999 1509 1471 2697 2094 788 252 1517 2556 1301 278 1032 1625 454 372 
3294 1685 627 1051 1591 897 1323 1759 752 1571 1509 9999 42 1207 587 724 1719 112 1135 224 1237 494 200 1055 1871 
3336 1646 650 1013 1552 936 1283 1719 766 1530 1471 42 9999 1248 626 687 1680 137 1178 182 1198 462 237 1017 1832 
2234 2878 895 2239 2788 344 2526 2962 1059 2777 2697 1207 1248 9999 636 1910 2918 1181 343 1429 2432 1665 1072 2244 3065 
2818 2271 383 1636 2178 310 1909 2344 592 2153 2094 587 626 636 9999 1307 2306 585 661 804 1823 1070 495 1640 2458 
3874 968 1308 330 879 1615 627 1061 1373 899 788 724 687 1910 1307 9999 1010 729 1783 528 524 247 838 334 1155 
4843 87 2249 683 131 2616 400 102 2264 262 252 1719 1680 2918 2306 1010 9999 1737 2789 1505 486 1256 1848 678 165 
3225 1697 690 1059 1607 889 1345 1782 834 1603 1517 112 137 1181 585 729 1737 9999 1080 286 1251 487 118 1063 1884 
2170 2741 1014 2106 2658 494 2409 2844 1210 2675 2556 1135 1178 343 661 1783 2789 1080 9999 1357 2305 1536 962 2112 2928 
3509 1474 782 847 1378 1114 1107 1541 864 1350 1301 224 182 1429 804 528 1505 286 1357 9999 1026 330 402 850 1659 
4375 448 1786 200 356 2133 131 541 1819 411 278 1237 1198 2432 1823 524 486 1251 2305 1026 9999 770 1362 194 634 
3637 1214 1104 575 1126 1375 873 1308 1194 1142 1032 494 462 1665 1070 247 1256 487 1536 330 770 9999 593 580 1401 
3108 1807 659 1168 1717 790 1459 1895 824 1718 1625 200 237 1072 495 838 1848 118 962 402 1362 593 9999 1172 1994 
4182 634 1621 9 547 1949 312 734 1668 595 454 1055 1017 2244 1640 334 678 1063 2112 850 194 580 1172 9999 821 
4961 187 2409 826 282 2767 560 197 2427 414 372 1871 1832 3065 2458 1155 165 1884 2928 1659 634 1401 1994 821 9999 
