NAME: ds_714_courier_4474
TYPE: TSP
COMMENT: nil
DIMENSION: 29
EDGE_WEIGHT_TYPE: EXPLICIT
EDGE_WEIGHT_FORMAT: FULL_MATRIX
EDGE_WEIGHT_SECTION
9999 1285 994 1180 1593 1841 1648 903 873 1455 1479 1040 1045 2188 1507 784 1848 1920 1322 1483 1497 1895 22 1672 1821 1823 1705 1700 1426 
1285 9999 1907 1829 2172 1960 2084 1381 1683 179 207 664 554 2457 1087 728 1809 1955 310 606 751 2189 1296 1399 1898 1906 1537 1372 152 
994 1907 9999 375 689 1215 832 607 232 2031 2044 1336 1418 1378 1462 1183 1347 1336 1779 1771 1691 1123 972 1428 1236 1232 1362 1487 2059 
1180 1829 375 9999 415 841 489 448 320 1925 1934 1194 1293 1044 1188 1109 976 961 1646 1579 1473 770 1159 1101 861 857 1016 1164 1975 
1593 2172 689 415 9999 700 224 821 723 2250 2255 1515 1621 702 1372 1474 913 832 1957 1841 1713 489 1572 1194 754 746 1064 1261 2313 
1841 1960 1215 841 700 9999 476 938 1116 1984 1980 1317 1425 508 935 1398 243 132 1683 1476 1321 310 1824 654 76 66 494 714 2077 
1648 2084 832 489 224 476 9999 799 808 2146 2149 1421 1530 555 1208 1416 693 608 1848 1705 1567 292 1628 1001 531 523 863 1068 2219 
903 1381 607 448 821 938 799 9999 381 1481 1491 756 851 1308 870 662 964 1021 1207 1170 1084 1012 886 895 921 922 874 944 1528 
873 1683 232 320 723 1116 808 381 9999 1803 1816 1103 1187 1362 1247 956 1212 1227 1547 1539 1462 1083 852 1239 1124 1122 1189 1294 1835 
1455 179 2031 1925 2250 1984 2146 1481 1803 9999 29 735 632 2488 1076 848 1816 1967 302 550 709 2230 1465 1389 1918 1926 1537 1355 126 
1479 207 2044 1934 2255 1980 2149 1491 1816 29 9999 742 641 2485 1068 863 1809 1961 301 537 697 2228 1489 1381 1914 1922 1529 1345 150 
1040 664 1336 1194 1515 1317 1421 756 1103 735 742 9999 110 1805 558 256 1192 1327 452 468 457 1531 1039 831 1260 1267 941 826 799 
1045 554 1418 1293 1621 1425 1530 851 1187 632 641 110 9999 1914 636 275 1296 1433 361 438 466 1641 1046 923 1367 1374 1040 913 692 
2188 2457 1378 1044 702 508 555 1308 1362 2488 2485 1805 1914 9999 1442 1858 719 561 2186 1984 1829 296 2169 1155 579 570 994 1211 2578 
1507 1087 1462 1188 1372 935 1208 870 1247 1076 1068 558 636 1442 9999 773 744 900 785 545 387 1213 1501 313 864 873 462 286 1182 
784 728 1183 1109 1474 1398 1416 662 956 848 863 256 275 1858 773 9999 1313 1432 615 709 713 1571 784 1008 1352 1357 1092 1016 879 
1848 1809 1347 976 913 243 693 964 1212 1816 1809 1192 1296 719 744 1313 9999 159 1519 1289 1130 552 1834 441 170 180 283 494 1916 
1920 1955 1336 961 832 132 608 1021 1227 1967 1961 1327 1433 561 900 1432 159 9999 1669 1445 1287 418 1904 600 103 105 440 653 2065 
1322 310 1779 1646 1957 1683 1848 1207 1547 302 301 452 361 2186 785 615 1519 1669 9999 300 441 1928 1327 1098 1618 1626 1242 1068 398 
1483 606 1771 1579 1841 1476 1705 1170 1539 550 537 468 438 1984 545 709 1289 1445 300 9999 161 1745 1484 853 1407 1416 1007 813 667 
1497 751 1691 1473 1713 1321 1567 1084 1462 709 697 457 466 1829 387 713 1130 1287 441 161 9999 1595 1496 693 1251 1260 847 652 823 
1895 2189 1123 770 489 310 292 1012 1083 2230 2228 1531 1641 296 1213 1571 552 418 1928 1745 1595 9999 1876 951 384 374 794 1014 2315 
22 1296 972 1159 1572 1824 1628 886 852 1465 1489 1039 1046 2169 1501 784 1834 1904 1327 1484 1496 1876 9999 1662 1805 1807 1693 1690 1437 
1672 1399 1428 1101 1194 654 1001 895 1239 1389 1381 831 923 1155 313 1008 441 600 1098 853 693 951 1662 9999 579 589 161 67 1495 
1821 1898 1236 861 754 76 531 921 1124 1918 1914 1260 1367 579 864 1352 170 103 1618 1407 1251 384 1805 579 9999 10 419 639 2013 
1823 1906 1232 857 746 66 523 922 1122 1926 1922 1267 1374 570 873 1357 180 105 1626 1416 1260 374 1807 589 10 9999 429 648 2021 
1705 1537 1362 1016 1064 494 863 874 1189 1537 1529 941 1040 994 462 1092 283 440 1242 1007 847 794 1693 161 419 429 9999 220 1639 
1700 1372 1487 1164 1261 714 1068 944 1294 1355 1345 826 913 1211 286 1016 494 653 1068 813 652 1014 1690 67 639 648 220 9999 1464 
1426 152 2059 1975 2313 2077 2219 1528 1835 126 150 799 692 2578 1182 879 1916 2065 398 667 823 2315 1437 1495 2013 2021 1639 1464 9999 
