NAME: ds_706_courier_4849
TYPE: TSP
COMMENT: nil
DIMENSION: 19
EDGE_WEIGHT_TYPE: EXPLICIT
EDGE_WEIGHT_FORMAT: FULL_MATRIX
EDGE_WEIGHT_SECTION
9999 3236 3458 3123 3111 3895 3450 3551 3488 3506 3431 3567 3368 3224 2669 2062 2640 3345 2894 
3236 9999 592 732 306 848 420 1062 999 503 316 391 310 124 613 1363 611 902 489 
3458 592 9999 395 428 440 193 485 433 141 309 799 853 715 1079 1424 895 386 586 
3123 732 395 9999 436 817 511 491 416 510 588 1060 1040 848 992 1066 715 266 412 
3111 306 428 436 9999 814 346 830 760 415 323 675 616 416 652 1144 487 640 230 
3895 848 440 817 814 9999 471 654 652 399 540 855 1001 947 1431 1863 1301 705 1008 
3450 420 193 511 346 471 9999 678 626 83 117 607 663 539 965 1453 833 568 556 
3551 1062 485 491 830 654 678 9999 75 616 795 1281 1337 1186 1457 1491 1201 226 887 
3488 999 433 416 760 652 626 75 9999 568 741 1232 1279 1123 1384 1427 1126 152 812 
3506 503 141 510 415 399 83 616 568 9999 193 666 737 620 1045 1494 902 527 613 
3431 316 309 588 323 540 117 795 741 193 9999 495 546 429 892 1463 797 676 551 
3567 391 799 1060 675 855 607 1281 1232 666 495 9999 215 352 899 1749 982 1171 877 
3368 310 853 1040 616 1001 663 1337 1279 737 546 215 9999 211 699 1602 824 1195 781 
3224 124 715 848 416 947 539 1186 1123 620 429 352 211 9999 567 1405 632 1025 570 
2669 613 1079 992 652 1431 965 1457 1384 1045 892 899 699 567 9999 1014 328 1245 581 
2062 1363 1424 1066 1144 1863 1453 1491 1427 1494 1463 1749 1602 1405 1014 9999 779 1284 914 
2640 611 895 715 487 1301 833 1201 1126 902 797 982 824 632 328 779 9999 979 319 
3345 902 386 266 640 705 568 226 152 527 676 1171 1195 1025 1245 1284 979 9999 669 
2894 489 586 412 230 1008 556 887 812 613 551 877 781 570 581 914 319 669 9999 
