NAME: ds_524_courier_949
TYPE: TSP
COMMENT: nil
DIMENSION: 21
EDGE_WEIGHT_TYPE: EXPLICIT
EDGE_WEIGHT_FORMAT: FULL_MATRIX
EDGE_WEIGHT_SECTION
9999 4033 2836 2594 2870 2640 3927 3865 3081 3507 3897 4048 3589 4052 3895 2323 23 3507 4053 3836 2801 
4033 9999 1449 2155 1633 2132 301 368 952 527 435 32 858 38 142 1997 4010 526 40 263 1427 
2836 1449 9999 742 277 730 1232 1486 784 996 1562 1476 769 1482 1312 570 2815 1003 1483 1194 84 
2594 2155 742 9999 523 46 1907 2224 1511 1732 2301 2184 1366 2190 2024 482 2577 1739 2191 1894 797 
2870 1633 277 523 9999 500 1386 1713 1053 1222 1792 1662 856 1667 1502 547 2851 1230 1669 1371 357 
2640 2132 730 46 500 9999 1880 2207 1505 1716 2285 2161 1336 2167 2001 509 2623 1723 2168 1870 789 
3927 301 1232 1907 1386 1880 9999 601 891 480 685 333 571 339 245 1796 3905 484 340 137 1223 
3865 368 1486 2224 1713 2207 601 9999 823 491 89 352 1063 350 357 1988 3843 484 349 491 1444 
3081 952 784 1511 1053 1505 891 823 9999 430 879 967 845 971 816 1199 3059 429 971 778 717 
3507 527 996 1732 1222 1716 480 491 430 9999 571 545 661 549 388 1511 3485 10 549 355 957 
3897 435 1562 2301 1792 2285 685 89 879 571 9999 415 1151 412 440 2056 3874 563 412 578 1518 
4048 32 1476 2184 1662 2161 333 352 967 545 415 9999 890 6 166 2023 4026 543 7 293 1453 
3589 858 769 1366 856 1336 571 1063 845 661 1151 890 9999 896 754 1334 3568 670 897 605 791 
4052 38 1482 2190 1667 2167 339 350 971 549 412 6 896 9999 171 2028 4030 547 1 299 1458 
3895 142 1312 2024 1502 2001 245 357 816 388 440 166 754 171 9999 1857 3872 388 172 150 1288 
2323 1997 570 482 547 509 1796 1988 1199 1511 2056 2023 1334 2028 1857 9999 2304 1517 2029 1749 573 
23 4010 2815 2577 2851 2623 3905 3843 3059 3485 3874 4026 3568 4030 3872 2304 9999 3485 4030 3814 2781 
3507 526 1003 1739 1230 1723 484 484 429 10 563 543 670 547 388 1517 3485 9999 548 358 963 
4053 40 1483 2191 1669 2168 340 349 971 549 412 7 897 1 172 2029 4030 548 9999 300 1459 
3836 263 1194 1894 1371 1870 137 491 778 355 578 293 605 299 150 1749 3814 358 300 9999 1176 
2801 1427 84 797 357 789 1223 1444 717 957 1518 1453 791 1458 1288 573 2781 963 1459 1176 9999 
