NAME: ds_903_courier_435
TYPE: TSP
COMMENT: nil
DIMENSION: 20
EDGE_WEIGHT_TYPE: EXPLICIT
EDGE_WEIGHT_FORMAT: FULL_MATRIX
EDGE_WEIGHT_SECTION
9999 1303 1268 600 1331 907 803 921 1089 1329 962 977 632 1408 604 575 871 252 195 3137 
1303 9999 94 709 703 1453 1287 584 410 716 373 658 734 115 1902 1878 2150 1553 1270 2219 
1268 94 9999 669 780 1479 1311 502 321 793 315 571 678 147 1871 1842 2125 1519 1223 2170 
600 709 669 9999 925 1052 887 391 513 928 363 488 141 811 1204 1173 1464 852 564 2634 
1331 703 780 925 9999 1006 881 1089 1006 14 836 1199 1042 780 1833 1851 2018 1533 1400 2888 
907 1453 1479 1052 1006 9999 172 1434 1499 995 1297 1538 1183 1565 1093 1162 1175 945 1088 3628 
803 1287 1311 887 881 172 9999 1265 1327 871 1125 1370 1020 1400 1082 1137 1203 883 972 3456 
921 584 502 391 1089 1434 1265 9999 201 1097 257 115 295 643 1515 1465 1790 1167 818 2247 
1089 410 321 513 1006 1499 1327 201 9999 1015 206 251 458 453 1690 1646 1960 1339 1003 2138 
1329 716 793 928 14 995 871 1097 1015 9999 845 1207 1046 793 1827 1846 2011 1529 1400 2902 
962 373 315 363 836 1297 1125 257 206 845 9999 363 363 461 1566 1533 1827 1214 908 2334 
977 658 571 488 1199 1538 1370 115 251 1207 363 9999 373 703 1559 1501 1837 1216 855 2170 
632 734 678 141 1042 1183 1020 295 458 1046 363 373 9999 824 1232 1189 1503 882 551 2539 
1408 115 147 811 780 1565 1400 643 453 793 461 703 824 9999 2008 1982 2260 1658 1367 2122 
604 1902 1871 1204 1833 1093 1082 1515 1690 1827 1566 1559 1232 2008 9999 112 284 352 705 3688 
575 1878 1842 1173 1851 1162 1137 1465 1646 1846 1533 1501 1189 1982 112 9999 371 330 648 3613 
871 2150 2125 1464 2018 1175 1203 1790 1960 2011 1827 1837 1503 2260 284 371 9999 623 986 3971 
252 1553 1519 852 1533 945 883 1167 1339 1529 1214 1216 882 1658 352 330 623 9999 374 3363 
195 1270 1223 564 1400 1088 972 818 1003 1400 908 855 551 1367 705 648 986 374 9999 2990 
3137 2219 2170 2634 2888 3628 3456 2247 2138 2902 2334 2170 2539 2122 3688 3613 3971 3363 2990 9999 
