NAME: ds_705_courier_487
TYPE: TSP
COMMENT: nil
DIMENSION: 8
EDGE_WEIGHT_TYPE: EXPLICIT
EDGE_WEIGHT_FORMAT: FULL_MATRIX
EDGE_WEIGHT_SECTION
9999 3567 3700 3127 2461 3189 3417 3620 
3567 9999 148 478 1401 4942 5044 453 
3700 148 9999 588 1487 5003 5099 402 
3127 478 588 9999 931 4491 4601 546 
2461 1401 1487 931 9999 3569 3687 1260 
3189 4942 5003 4491 3569 9999 242 4683 
3417 5044 5099 4601 3687 242 9999 4769 
3620 453 402 546 1260 4683 4769 9999 
