NAME: ds_904_courier_2925
TYPE: TSP
COMMENT: nil
DIMENSION: 19
EDGE_WEIGHT_TYPE: EXPLICIT
EDGE_WEIGHT_FORMAT: FULL_MATRIX
EDGE_WEIGHT_SECTION
9999 4945 3031 4330 4636 4898 3480 3795 3651 4869 3857 3256 3292 4160 4968 4628 2961 3172 4496 
4945 9999 2197 631 310 94 1508 1159 1339 78 1100 1733 2048 804 158 347 2354 2345 9293 
3031 2197 9999 1580 1910 2186 774 1132 906 2131 1172 617 270 1416 2279 1851 174 369 7522 
4330 631 1580 9999 331 608 876 535 708 560 473 1102 1454 173 699 298 1743 1760 8709 
4636 310 1910 331 9999 277 1203 850 1037 234 792 1428 1777 501 369 125 2071 2079 8990 
4898 94 2186 608 277 9999 1479 1123 1313 74 1066 1703 2046 778 102 346 2346 2347 9233 
3480 1508 774 876 1203 1479 9999 369 172 1435 418 227 753 704 1565 1170 947 1054 7904 
3795 1159 1132 535 850 1123 369 9999 230 1084 63 584 1071 366 1205 833 1304 1381 8184 
3651 1339 906 708 1037 1313 172 230 9999 1267 266 399 842 536 1401 1000 1076 1152 8071 
4869 78 2131 560 234 74 1435 1084 1267 9999 1025 1660 1987 732 174 284 2290 2286 9215 
3857 1100 1172 473 792 1066 418 63 266 1025 9999 638 1098 304 1149 771 1342 1409 8247 
3256 1733 617 1102 1428 1703 227 584 399 1660 638 9999 669 930 1787 1396 789 943 7689 
3292 2048 270 1454 1777 2046 753 1071 842 1987 1098 669 9999 1301 2144 1703 346 311 7785 
4160 804 1416 173 501 778 704 366 536 732 304 930 1301 9999 867 469 1581 1610 8548 
4968 158 2279 699 369 102 1565 1205 1401 174 1149 1787 2144 867 9999 447 2441 2445 9287 
4628 347 1851 298 125 346 1170 833 1000 284 771 1396 1703 469 447 9999 2008 2002 9003 
2961 2354 174 1743 2071 2346 947 1304 1076 2290 1342 789 346 1581 2441 2008 9999 274 7457 
3172 2345 369 1760 2079 2347 1054 1381 1152 2286 1409 943 311 1610 2445 2002 274 9999 7667 
4496 9293 7522 8709 8990 9233 7904 8184 8071 9215 8247 7689 7785 8548 9287 9003 7457 7667 9999 
