NAME: ds_1010_courier_1656
TYPE: TSP
COMMENT: nil
DIMENSION: 14
EDGE_WEIGHT_TYPE: EXPLICIT
EDGE_WEIGHT_FORMAT: FULL_MATRIX
EDGE_WEIGHT_SECTION
9999 40 45 5419 5424 5421 2918 2870 3211 3455 4034 3197 3066 3246 
40 9999 11 5421 5426 5423 2950 2910 3249 3492 4073 3236 3105 3285 
45 11 9999 5410 5415 5412 2947 2912 3249 3491 4075 3238 3107 3290 
5419 5421 5410 9999 14 2 4366 5762 5181 5158 6059 5773 5711 6435 
5424 5426 5415 14 9999 15 4363 5760 5178 5154 6055 5770 5708 6433 
5421 5423 5412 2 15 9999 4369 5764 5183 5160 6062 5775 5713 6438 
2918 2950 2947 4366 4363 4369 9999 1419 845 915 1845 1407 1346 2079 
2870 2910 2912 5762 5760 5764 1419 9999 791 1007 1183 348 235 678 
3211 3249 3249 5181 5178 5183 845 791 9999 258 1029 627 617 1349 
3455 3492 3491 5158 5154 5160 915 1007 258 9999 938 779 805 1497 
4034 4073 4075 6059 6055 6062 1845 1183 1029 938 9999 841 970 1194 
3197 3236 3238 5773 5770 5775 1407 348 627 779 841 9999 132 724 
3066 3105 3107 5711 5708 5713 1346 235 617 805 970 132 9999 744 
3246 3285 3290 6435 6433 6438 2079 678 1349 1497 1194 724 744 9999 
