NAME: ds_905_courier_2925
TYPE: TSP
COMMENT: nil
DIMENSION: 22
EDGE_WEIGHT_TYPE: EXPLICIT
EDGE_WEIGHT_FORMAT: FULL_MATRIX
EDGE_WEIGHT_SECTION
9999 4492 3548 3114 3190 4930 2923 4846 4598 4047 2956 3315 3127 4113 4675 4757 2326 3583 3322 2164 3979 4262 
4492 9999 7449 6485 6533 8799 6534 8652 8446 7867 6396 7054 6863 7937 8535 8628 6013 7536 7069 5854 7796 8055 
3548 7449 9999 1214 1221 1395 974 1298 1053 506 1203 471 620 568 1133 1220 1436 139 452 1597 442 721 
3114 6485 1214 9999 78 2362 384 2193 2016 1467 167 744 643 1533 2108 2201 817 1347 763 961 1403 1621 
3190 6533 1221 78 9999 2331 445 2159 1988 1447 246 754 672 1512 2080 2173 895 1356 773 1039 1385 1594 
4930 8799 1395 2362 2331 9999 2266 211 353 934 2423 1747 1939 863 265 175 2805 1348 1732 2971 1005 747 
2923 6534 974 384 445 2266 9999 2120 1913 1335 274 527 354 1405 2002 2095 602 1093 543 772 1265 1521 
4846 8652 1298 2193 2159 211 2120 9999 257 809 2263 1610 1806 739 208 189 2676 1270 1597 2845 879 603 
4598 8446 1053 2016 1988 353 1913 257 9999 581 2073 1394 1586 510 91 185 2453 1017 1379 2620 652 396 
4047 7867 506 1467 1447 934 1335 809 581 9999 1508 813 1005 71 669 762 1872 517 798 2040 71 216 
2956 6396 1203 167 246 2423 274 2263 2073 1508 9999 736 597 1577 2164 2258 651 1330 754 798 1442 1677 
3315 7054 471 744 754 1747 527 1610 1394 813 736 9999 196 884 1482 1575 1067 603 19 1237 743 1008 
3127 6863 620 643 672 1939 354 1806 1586 1005 597 196 9999 1076 1675 1766 871 740 209 1041 934 1203 
4113 7937 568 1533 1512 863 1405 739 510 71 1577 884 1076 9999 599 691 1943 569 869 2110 142 155 
4675 8535 1133 2108 2080 265 2002 208 91 669 2164 1482 1675 599 9999 94 2540 1092 1468 2707 740 488 
4757 8628 1220 2201 2173 175 2095 189 185 762 2258 1575 1766 691 94 9999 2631 1174 1560 2797 832 581 
2326 6013 1436 817 895 2805 602 2676 2453 1872 651 1067 871 1943 2540 2631 9999 1526 1079 172 1801 2073 
3583 7536 139 1347 1356 1348 1093 1270 1017 517 1330 603 740 569 1092 1174 1526 9999 585 1682 466 725 
3322 7069 452 763 773 1732 543 1597 1379 798 754 19 209 869 1468 1560 1079 585 9999 1249 728 994 
2164 5854 1597 961 1039 2971 772 2845 2620 2040 798 1237 1041 2110 2707 2797 172 1682 1249 9999 1969 2242 
3979 7796 442 1403 1385 1005 1265 879 652 71 1442 743 934 142 740 832 1801 466 728 1969 9999 283 
4262 8055 721 1621 1594 747 1521 603 396 216 1677 1008 1203 155 488 581 2073 725 994 2242 283 9999 
