NAME: ds_714_courier_2925
TYPE: TSP
COMMENT: nil
DIMENSION: 16
EDGE_WEIGHT_TYPE: EXPLICIT
EDGE_WEIGHT_FORMAT: FULL_MATRIX
EDGE_WEIGHT_SECTION
9999 3022 2812 3888 3299 3686 2209 2974 3272 3918 3346 3543 3548 3059 3298 3714 
3022 9999 230 1337 422 1161 841 165 404 5987 458 642 705 41 539 1101 
2812 230 9999 1529 633 1344 616 173 612 5868 673 866 921 271 599 1295 
3888 1337 1529 9999 919 207 2012 1498 934 6049 891 762 667 1303 1687 236 
3299 422 633 919 9999 753 1197 580 27 6024 47 249 288 386 815 684 
3686 1161 1344 207 753 9999 1810 1325 765 5922 731 635 535 1130 1549 115 
2209 841 616 2012 1197 1810 9999 769 1172 5455 1242 1444 1480 881 1103 1788 
2974 165 173 1498 580 1325 769 9999 564 6036 613 787 857 195 438 1263 
3272 404 612 934 27 765 1172 564 9999 6002 74 275 311 370 813 698 
3918 5987 5868 6049 6024 5922 5455 6036 6002 9999 6060 6192 6136 6008 6466 6015 
3346 458 673 891 47 731 1242 613 74 6060 9999 202 248 421 826 657 
3543 642 866 762 249 635 1444 787 275 6192 202 9999 101 603 926 540 
3548 705 921 667 288 535 1480 857 311 6136 248 101 9999 667 1021 442 
3059 41 271 1303 386 1130 881 195 370 6008 421 603 667 9999 539 1068 
3298 539 599 1687 815 1549 1103 438 813 6466 826 926 1021 539 9999 1462 
3714 1101 1295 236 684 115 1788 1263 698 6015 657 540 442 1068 1462 9999 
