NAME: ds_529_courier_3073
TYPE: TSP
COMMENT: nil
DIMENSION: 21
EDGE_WEIGHT_TYPE: EXPLICIT
EDGE_WEIGHT_FORMAT: FULL_MATRIX
EDGE_WEIGHT_SECTION
9999 1324 1516 1332 1406 1532 1477 858 1558 1358 1322 1016 1350 1632 1307 1403 1532 1455 1569 1669 1256 
1324 9999 387 250 84 316 155 480 246 168 23 326 424 353 308 401 415 147 311 380 192 
1516 387 9999 197 379 109 329 766 286 229 410 644 201 223 209 136 27 290 170 259 293 
1332 250 197 9999 283 202 278 570 298 92 273 453 175 318 66 155 220 232 250 358 99 
1406 84 379 283 9999 291 83 559 179 192 85 402 455 298 347 421 406 97 269 319 250 
1532 316 109 202 291 9999 230 745 178 186 337 608 283 128 244 221 130 195 64 167 279 
1477 155 329 278 83 230 9999 635 97 189 163 480 439 217 344 395 355 46 196 236 275 
858 480 766 570 559 745 635 9999 725 559 474 159 671 819 577 697 790 622 764 851 474 
1558 246 286 298 179 178 97 725 9999 224 257 572 435 125 360 381 308 103 125 140 325 
1358 168 229 92 192 186 189 559 224 9999 191 424 264 274 157 234 255 145 212 312 104 
1322 23 410 273 85 337 163 474 257 191 9999 318 447 367 331 424 437 161 328 393 213 
1016 326 644 453 402 608 480 159 572 424 318 9999 581 671 473 594 669 470 621 702 354 
1350 424 201 175 455 283 439 671 435 264 447 581 9999 410 119 66 205 393 347 449 250 
1632 353 223 318 298 128 217 819 125 274 367 671 410 9999 367 347 236 207 68 40 377 
1307 308 209 66 347 244 344 577 360 157 331 473 119 367 9999 121 226 298 299 408 132 
1403 401 136 155 421 221 395 697 381 234 424 594 66 347 121 9999 140 350 285 386 247 
1532 415 27 220 406 130 355 790 308 255 437 669 205 236 226 140 9999 316 188 270 317 
1455 147 290 232 97 195 46 622 103 145 161 470 393 207 298 350 316 9999 173 233 235 
1569 311 170 250 269 64 196 764 125 212 328 621 347 68 299 285 188 173 9999 109 313 
1669 380 259 358 319 167 236 851 140 312 393 702 449 40 408 386 270 233 109 9999 415 
1256 192 293 99 250 279 275 474 325 104 213 354 250 377 132 247 317 235 313 415 9999 
