NAME: ds_1001_courier_435
TYPE: TSP
COMMENT: nil
DIMENSION: 19
EDGE_WEIGHT_TYPE: EXPLICIT
EDGE_WEIGHT_FORMAT: FULL_MATRIX
EDGE_WEIGHT_SECTION
9999 1116 1495 894 1422 1216 125 1117 1101 628 1084 369 857 1668 385 872 153 192 266 
1116 9999 714 1774 491 101 1005 1916 117 1435 575 967 1610 1042 1133 1748 1267 1297 1111 
1495 714 9999 1825 254 687 1370 1884 613 1521 417 1190 1612 341 1316 1803 1640 1632 1360 
894 1774 1825 9999 1876 1864 919 241 1709 339 1444 819 227 1833 653 25 840 749 716 
1422 491 254 1876 9999 447 1298 1965 408 1553 436 1162 1676 594 1308 1852 1572 1578 1329 
1216 101 687 1864 447 9999 1105 2001 165 1525 610 1062 1696 1023 1227 1839 1367 1398 1208 
125 1005 1370 919 1298 1105 9999 1129 984 621 959 269 850 1546 333 895 274 293 222 
1117 1916 1884 241 1965 2001 1129 9999 1841 514 1529 992 306 1848 835 257 1074 983 915 
1101 117 613 1709 408 165 984 1841 9999 1371 459 916 1537 934 1079 1684 1253 1276 1068 
628 1435 1521 339 1553 1525 621 514 1371 9999 1126 484 229 1565 322 314 622 534 403 
1084 575 417 1444 436 610 959 1529 459 1126 9999 773 1241 611 902 1420 1226 1216 943 
369 967 1190 819 1162 1062 269 992 916 484 773 9999 691 1326 167 794 483 452 170 
857 1610 1612 227 1676 1696 850 306 1537 229 1241 691 9999 1609 538 211 842 752 630 
1668 1042 341 1833 594 1023 1546 1848 934 1565 611 1326 1609 9999 1422 1814 1802 1778 1490 
385 1133 1316 653 1308 1227 333 835 1079 322 902 167 538 1422 9999 628 450 391 118 
872 1748 1803 25 1852 1839 895 257 1684 314 1420 794 211 1814 628 9999 820 729 692 
153 1267 1640 840 1572 1367 274 1074 1253 622 1226 483 842 1802 450 820 9999 91 341 
192 1297 1632 749 1578 1398 293 983 1276 534 1216 452 752 1778 391 729 91 9999 294 
266 1111 1360 716 1329 1208 222 915 1068 403 943 170 630 1490 118 692 341 294 9999 
