NAME: ds_826_courier_4474
TYPE: TSP
COMMENT: nil
DIMENSION: 22
EDGE_WEIGHT_TYPE: EXPLICIT
EDGE_WEIGHT_FORMAT: FULL_MATRIX
EDGE_WEIGHT_SECTION
9999 918 1518 869 692 963 955 661 1739 1975 1650 2038 2126 1759 1134 1458 1455 767 717 933 1323 962 
918 9999 628 478 245 45 133 269 879 1082 732 1162 1212 1145 1138 1674 1317 979 818 862 513 45 
1518 628 9999 780 873 586 665 859 695 733 280 854 739 1267 1652 2204 1743 1332 1410 1400 655 583 
869 478 780 9999 531 494 609 391 1284 1435 1006 1536 1502 1622 1513 2011 1740 561 1120 1234 973 485 
692 245 873 531 9999 288 263 149 1056 1284 966 1352 1434 1200 985 1497 1211 912 615 705 651 290 
963 45 586 494 288 9999 133 312 841 1040 687 1122 1168 1128 1159 1699 1328 1009 850 885 485 10 
955 133 665 609 263 133 9999 347 798 1021 717 1091 1174 1018 1034 1578 1196 1096 747 763 406 142 
661 269 859 391 149 312 347 9999 1140 1350 994 1428 1479 1335 1122 1622 1357 770 732 843 753 309 
1739 879 695 1284 1056 841 798 1140 9999 274 436 301 512 648 1374 1896 1334 1835 1323 1205 419 847 
1975 1082 733 1435 1284 1040 1021 1350 274 9999 455 127 252 856 1646 2163 1592 1995 1593 1479 676 1045 
1650 732 280 1006 966 687 717 994 436 455 9999 574 498 1053 1588 2136 1627 1567 1416 1362 537 688 
2038 1162 854 1536 1352 1122 1091 1428 301 127 574 9999 331 791 1636 2139 1557 2095 1617 1488 721 1127 
2126 1212 739 1502 1434 1168 1174 1479 512 252 498 331 9999 1106 1884 2407 1841 2061 1802 1704 877 1171 
1759 1145 1267 1622 1200 1128 1018 1335 648 856 1053 791 1106 9999 976 1406 807 2104 1133 937 670 1137 
1134 1138 1652 1513 985 1159 1034 1122 1374 1646 1588 1636 1884 976 9999 552 332 1773 435 281 1053 1167 
1458 1674 2204 2011 1497 1699 1578 1622 1896 2163 2136 2139 2407 1406 552 9999 599 2185 891 814 1600 1706 
1455 1317 1743 1740 1211 1328 1196 1357 1334 1592 1627 1557 1841 807 332 599 9999 2057 742 542 1098 1337 
767 979 1332 561 912 1009 1096 770 1835 1995 1567 2095 2061 2104 1773 2185 2057 9999 1339 1516 1492 1001 
717 818 1410 1120 615 850 747 732 1323 1593 1416 1617 1802 1133 435 891 742 1339 9999 220 926 856 
933 862 1400 1234 705 885 763 843 1205 1479 1362 1488 1704 937 281 814 542 1516 220 9999 840 893 
1323 513 655 973 651 485 406 753 419 676 537 721 877 670 1053 1600 1098 1492 926 840 9999 494 
962 45 583 485 290 10 142 309 847 1045 688 1127 1171 1137 1167 1706 1337 1001 856 893 494 9999 
