NAME: ds_919_courier_2925
TYPE: TSP
COMMENT: nil
DIMENSION: 16
EDGE_WEIGHT_TYPE: EXPLICIT
EDGE_WEIGHT_FORMAT: FULL_MATRIX
EDGE_WEIGHT_SECTION
9999 2245 3021 3515 2968 4868 4895 1949 2187 3895 4192 4266 4665 3168 3198 2254 
2245 9999 784 1355 723 2788 2887 853 190 1815 2154 2228 2634 938 1080 13 
3021 784 9999 640 143 2070 2207 1353 840 1140 1488 1557 1949 354 489 773 
3515 1355 640 9999 773 1440 1567 1666 1350 502 850 917 1310 838 326 1342 
2968 723 143 773 9999 2192 2336 1375 809 1274 1622 1690 2079 272 631 714 
4868 2788 2070 1440 2192 9999 292 2934 2764 982 679 606 264 2178 1714 2776 
4895 2887 2207 1567 2336 292 9999 2949 2843 1075 732 659 258 2351 1807 2874 
1949 853 1353 1666 1375 2934 2949 9999 667 1978 2255 2329 2723 1641 1340 850 
2187 190 840 1350 809 2764 2843 667 9999 1783 2113 2187 2595 1051 1051 184 
3895 1815 1140 502 1274 982 1075 1978 1783 9999 349 418 820 1328 736 1802 
4192 2154 1488 850 1622 679 732 2255 2113 349 9999 75 482 1667 1075 2141 
4266 2228 1557 917 1690 606 659 2329 2187 418 75 9999 408 1728 1148 2215 
4665 2634 1949 1310 2079 264 258 2723 2595 820 482 408 9999 2096 1554 2621 
3168 938 354 838 272 2178 2351 1641 1051 1328 1667 1728 2096 9999 797 930 
3198 1080 489 326 631 1714 1807 1340 1051 736 1075 1148 1554 797 9999 1067 
2254 13 773 1342 714 2776 2874 850 184 1802 2141 2215 2621 930 1067 9999 
