,0,1,2,3,4,5
0,0.0,3518.0411948618826,4874.664070610017,4484.648564868492,4303.5466657867355,3213.6980958537883
1,3518.0411948618826,0.0,1471.1050224067,1068.322099923267,951.7666244229605,319.8035656966291
2,4874.664070610017,1471.1050224067,0.0,404.4451315828816,571.1272328017229,1786.958938727101
3,4484.648564868492,1068.322099923267,404.4451315828816,0.0,208.74734660361585,1383.0749932426656
4,4303.5466657867355,951.7666244229605,571.1272328017229,208.74734660361585,0.0,1254.8518437021478
5,3213.6980958537883,319.8035656966291,1786.958938727101,1383.0749932426656,1254.8518437021478,0.0
