NAME: ds_609_courier_4849
TYPE: TSP
COMMENT: nil
DIMENSION: 25
EDGE_WEIGHT_TYPE: EXPLICIT
EDGE_WEIGHT_FORMAT: FULL_MATRIX
EDGE_WEIGHT_SECTION
9999 2470 2605 2569 3594 3588 2786 3921 3583 3600 3535 3566 2378 3073 2991 3322 3103 3494 2096 3356 3024 3893 2639 2499 2806 
2470 9999 195 254 1145 1139 388 1643 1173 1149 1070 1112 291 624 567 1125 894 1067 495 1014 587 1470 233 134 399 
2605 195 9999 385 990 985 421 1452 1000 996 931 1027 270 468 393 929 699 900 549 825 421 1303 39 296 213 
2569 254 385 9999 1143 1137 218 1728 1209 1144 1042 1001 545 660 642 1265 1049 1093 722 1104 646 1483 411 123 526 
3594 1145 990 1143 9999 7 953 729 183 15 145 493 1221 523 603 687 711 139 1510 414 570 342 955 1159 788 
3588 1139 985 1137 7 9999 946 734 186 15 140 488 1216 518 598 688 710 138 1505 414 565 349 949 1153 783 
2786 388 421 218 953 946 9999 1579 1037 952 842 783 655 512 525 1168 973 918 883 970 515 1295 428 300 469 
3921 1643 1452 1728 729 734 1579 9999 571 739 874 1212 1596 1071 1089 601 821 689 1850 629 1083 507 1413 1704 1243 
3583 1173 1000 1209 183 186 1037 571 9999 197 317 673 1205 555 608 525 591 121 1488 279 586 312 962 1207 788 
3600 1149 996 1144 15 15 952 739 197 9999 136 480 1228 528 610 702 725 153 1517 429 576 344 961 1161 795 
3535 1070 931 1042 145 140 842 874 317 136 9999 357 1178 468 563 782 766 231 1467 498 524 469 899 1070 742 
3566 1112 1027 1001 493 488 783 1212 673 480 357 9999 1295 638 745 1125 1072 587 1574 839 700 751 1004 1067 888 
2378 291 270 545 1221 1216 655 1596 1205 1228 1178 1295 9999 710 619 1025 788 1117 290 991 655 1515 291 424 436 
3073 624 468 660 523 518 512 1071 555 528 468 638 710 9999 107 678 523 444 1000 459 62 846 434 652 275 
2991 567 393 642 603 598 525 1089 608 610 563 745 619 107 9999 643 460 507 908 462 44 910 356 615 185 
3322 1125 929 1265 687 688 1168 601 525 702 782 1125 1025 678 643 9999 237 556 1262 286 658 759 892 1212 742 
3103 894 699 1049 711 710 973 821 591 725 766 1072 788 523 460 237 9999 572 1030 312 486 878 663 987 524 
3494 1067 900 1093 139 138 918 689 121 153 231 587 1117 444 507 556 572 9999 1403 277 481 404 863 1095 691 
2096 495 549 722 1510 1505 883 1850 1488 1517 1467 1574 290 1000 908 1262 1030 1403 9999 1262 945 1799 575 602 725 
3356 1014 825 1104 414 414 970 629 279 429 498 839 991 459 462 286 312 277 1262 9999 460 571 786 1075 615 
3024 587 421 646 570 565 515 1083 586 576 524 700 655 62 44 658 486 481 945 460 9999 884 385 627 220 
3893 1470 1303 1483 342 349 1295 507 312 344 469 751 1515 846 910 759 878 404 1799 571 884 9999 1266 1493 1094 
2639 233 39 411 955 949 428 1413 962 961 899 1004 291 434 356 892 663 863 575 786 385 1266 9999 328 175 
2499 134 296 123 1159 1153 300 1704 1207 1161 1070 1067 424 652 615 1212 987 1095 602 1075 627 1493 328 9999 471 
2806 399 213 526 788 783 469 1243 788 795 742 888 436 275 185 742 524 691 725 615 220 1094 175 471 9999 
