NAME: ds_827_courier_4474
TYPE: TSP
COMMENT: nil
DIMENSION: 21
EDGE_WEIGHT_TYPE: EXPLICIT
EDGE_WEIGHT_FORMAT: FULL_MATRIX
EDGE_WEIGHT_SECTION
9999 1858 1166 1039 678 785 1174 1511 804 856 1176 1598 1992 2097 1852 1958 1714 1602 1356 1910 766 
1858 9999 754 1103 1247 1077 2069 2309 1766 1452 960 556 362 249 316 139 159 259 557 420 1814 
1166 754 9999 387 508 403 1718 2026 1328 1059 765 791 1006 1003 878 880 596 533 485 975 1066 
1039 1103 387 9999 389 492 1853 2184 1436 1226 1068 1174 1385 1349 1260 1237 945 907 864 1360 720 
678 1247 508 389 9999 239 1487 1825 1066 892 872 1134 1452 1495 1314 1364 1093 1005 835 1395 660 
785 1077 403 492 239 9999 1373 1699 964 736 637 904 1245 1319 1105 1182 930 823 614 1179 899 
1174 2069 1718 1853 1487 1373 9999 345 421 660 1110 1558 1990 2231 1880 2098 1990 1843 1530 1870 1905 
1511 2309 2026 2184 1825 1699 345 9999 763 970 1364 1773 2186 2448 2090 2321 2246 2098 1791 2063 2248 
804 1766 1328 1436 1066 964 421 763 9999 315 824 1306 1747 1955 1623 1815 1667 1523 1210 1635 1500 
856 1452 1059 1226 892 736 660 970 315 9999 510 994 1435 1639 1309 1500 1356 1211 898 1324 1433 
1176 960 765 1068 872 637 1110 1364 824 510 9999 485 925 1134 799 996 883 736 428 816 1523 
1598 556 791 1174 1134 904 1558 1773 1306 994 485 9999 441 675 322 549 546 424 312 331 1786 
1992 362 1006 1385 1452 1245 1990 2186 1747 1435 925 441 9999 302 140 247 481 478 637 123 2068 
2097 249 1003 1349 1495 1319 2231 2448 1955 1639 1134 675 302 9999 360 142 408 496 766 415 2062 
1852 316 878 1260 1314 1105 1880 2090 1623 1309 799 322 140 360 9999 251 396 360 497 112 1935 
1958 139 880 1237 1364 1182 2098 2321 1815 1500 996 549 247 142 251 9999 293 360 624 333 1944 
1714 159 596 945 1093 930 1990 2246 1667 1356 883 546 481 408 396 293 9999 148 461 508 1655 
1602 259 533 907 1005 823 1843 2098 1523 1211 736 424 478 496 360 360 148 9999 314 468 1598 
1356 557 485 864 835 614 1530 1791 1210 898 428 312 637 766 497 624 461 314 9999 565 1480 
1910 420 975 1360 1395 1179 1870 2063 1635 1324 816 331 123 415 112 333 508 468 565 9999 2026 
766 1814 1066 720 660 899 1905 2248 1500 1433 1523 1786 2068 2062 1935 1944 1655 1598 1480 2026 9999 
