NAME: ds_606_courier_4322
TYPE: TSP
COMMENT: nil
DIMENSION: 23
EDGE_WEIGHT_TYPE: EXPLICIT
EDGE_WEIGHT_FORMAT: FULL_MATRIX
EDGE_WEIGHT_SECTION
9999 1712 98 108 304 367 1413 1551 1495 1722 1450 1622 1582 1440 1480 1471 1391 815 880 629 662 877 431 
1712 9999 1758 1636 1474 2070 1756 1789 1768 17 1709 1781 1526 1616 1684 1706 1430 2193 2336 1880 2014 2442 1398 
98 1758 9999 202 392 360 1350 1490 1434 1768 1391 1563 1537 1386 1423 1412 1349 717 784 539 566 788 521 
108 1636 202 9999 198 434 1455 1591 1535 1645 1487 1658 1601 1470 1514 1507 1408 916 986 714 758 985 324 
304 1474 392 198 9999 610 1509 1638 1584 1482 1532 1699 1611 1502 1553 1549 1417 1090 1171 858 922 1179 129 
367 2070 360 434 610 9999 1658 1800 1745 2079 1707 1878 1876 1713 1743 1730 1691 824 822 775 739 734 717 
1413 1756 1350 1455 1509 1658 9999 143 88 1773 80 225 369 168 130 102 341 1060 1204 906 1000 1402 1584 
1551 1789 1490 1591 1638 1800 143 9999 56 1806 108 86 309 178 108 96 360 1195 1336 1048 1141 1536 1710 
1495 1768 1434 1535 1584 1745 88 56 9999 1785 63 137 319 152 87 62 338 1145 1287 993 1087 1486 1657 
1722 17 1768 1645 1482 2079 1773 1806 1785 9999 1725 1798 1543 1633 1701 1722 1447 2207 2349 1894 2028 2454 1405 
1450 1709 1391 1487 1532 1707 80 108 63 1725 9999 172 290 97 50 24 281 1131 1277 965 1064 1474 1602 
1622 1781 1563 1658 1699 1878 225 86 137 1798 172 9999 268 206 146 151 366 1281 1422 1130 1225 1622 1766 
1582 1526 1537 1601 1611 1876 369 309 319 1543 290 268 9999 211 241 270 194 1381 1532 1177 1292 1724 1662 
1440 1616 1386 1470 1502 1713 168 178 152 1633 97 206 211 9999 70 90 186 1177 1326 989 1097 1520 1566 
1480 1684 1423 1514 1553 1743 130 108 87 1701 50 146 241 70 9999 29 254 1178 1325 1006 1108 1521 1620 
1471 1706 1412 1507 1549 1730 102 96 62 1722 24 151 270 90 29 9999 276 1155 1301 988 1088 1498 1618 
1391 1430 1349 1408 1417 1691 341 360 338 1447 281 366 194 186 254 276 9999 1240 1395 1013 1135 1580 1469 
815 2193 717 916 1090 824 1060 1195 1145 2207 1131 1281 1381 1177 1178 1155 1240 9999 158 313 185 343 1217 
880 2336 784 986 1171 822 1204 1336 1287 2349 1277 1422 1532 1326 1325 1301 1395 158 9999 459 322 204 1299 
629 1880 539 714 858 775 906 1048 993 1894 965 1130 1177 989 1006 988 1013 313 459 9999 140 601 978 
662 2014 566 758 922 739 1000 1141 1087 2028 1064 1225 1292 1097 1108 1088 1135 185 322 140 9999 463 1047 
877 2442 788 985 1179 734 1402 1536 1486 2454 1474 1622 1724 1520 1521 1498 1580 343 204 601 463 9999 1308 
431 1398 521 324 129 717 1584 1710 1657 1405 1602 1766 1662 1566 1620 1618 1469 1217 1299 978 1047 1308 9999 
