,0,1,2,3,4,5,6,7
0,0.0,3595.965410415476,3871.4598427920737,2612.3099988232802,3384.317553214451,2631.188273402239,3012.929968953038,3629.73491541825
1,3595.965410415476,0.0,653.6411220546679,1017.863490421719,5023.366605090203,2970.952237181167,2071.073397357146,449.58412107468183
2,3871.4598427920737,653.6411220546679,0.0,1478.749010860341,4816.402784642308,2750.7983942400347,1761.624951645134,274.7857944183437
3,2612.3099988232802,1017.863490421719,1478.749010860341,0.0,4516.636859604277,2591.979136076777,1961.967684756898,1204.1904998311795
4,3384.317553214451,5023.366605090203,4816.402784642308,4516.636859604277,0.0,2067.5834591229354,3063.0622247416927,4736.943639494251
5,2631.188273402239,2970.952237181167,2750.7983942400347,2591.979136076777,2067.5834591229354,0.0,1014.3915317307915,2670.2492216895657
6,3012.929968953038,2071.073397357146,1761.624951645134,1961.967684756898,3063.0622247416927,1014.3915317307915,0.0,1716.22684385331
7,3629.73491541825,449.58412107468183,274.7857944183437,1204.1904998311795,4736.943639494251,2670.2492216895657,1716.22684385331,0.0
