NAME: ds_928_courier_1656
TYPE: TSP
COMMENT: nil
DIMENSION: 19
EDGE_WEIGHT_TYPE: EXPLICIT
EDGE_WEIGHT_FORMAT: FULL_MATRIX
EDGE_WEIGHT_SECTION
9999 5453 2808 3269 3275 3746 3566 3139 3846 3864 3331 3267 3191 3147 2616 2700 3068 3135 2944 
5453 9999 5638 5475 5637 5898 5734 5663 5924 6045 5159 5164 5148 5133 4435 5478 5350 5333 4394 
2808 5638 9999 561 495 943 780 342 1045 1057 829 770 721 699 1206 173 458 529 1277 
3269 5475 561 9999 170 545 341 276 629 700 351 322 327 343 1178 593 213 172 1097 
3275 5637 495 170 9999 478 292 156 575 617 520 492 493 504 1309 575 314 309 1252 
3746 5898 943 545 478 9999 205 607 102 159 759 774 818 849 1709 1048 755 717 1586 
3566 5734 780 341 292 205 9999 437 291 361 578 584 622 651 1508 867 551 512 1396 
3139 5663 342 276 156 607 437 9999 707 732 615 573 554 553 1286 442 314 345 1269 
3846 5924 1045 629 575 102 291 707 9999 128 811 832 882 916 1777 1147 841 798 1640 
3864 6045 1057 700 617 159 361 732 128 9999 917 933 976 1008 1867 1174 907 872 1744 
3331 5159 829 351 520 759 578 615 811 917 9999 67 142 185 989 796 372 301 829 
3267 5164 770 322 492 774 584 573 832 933 67 9999 76 120 952 731 313 245 812 
3191 5148 721 327 493 818 622 554 882 976 142 76 9999 44 896 670 268 211 777 
3147 5133 699 343 504 849 651 553 916 1008 185 120 44 9999 861 640 254 208 754 
2616 4435 1206 1178 1309 1709 1508 1286 1777 1867 989 952 896 861 9999 1043 995 1008 328 
2700 5478 173 593 575 1048 867 442 1147 1174 796 731 670 640 1043 9999 433 509 1137 
3068 5350 458 213 314 755 551 314 841 907 372 313 268 254 995 433 9999 76 956 
3135 5333 529 172 309 717 512 345 798 872 301 245 211 208 1008 509 76 9999 944 
2944 4394 1277 1097 1252 1586 1396 1269 1640 1744 829 812 777 754 328 1137 956 944 9999 
