NAME: ds_810_courier_2665
TYPE: TSP
COMMENT: nil
DIMENSION: 40
EDGE_WEIGHT_TYPE: EXPLICIT
EDGE_WEIGHT_FORMAT: FULL_MATRIX
EDGE_WEIGHT_SECTION
9999 118 573 648 42 952 1489 1689 667 236 747 814 791 1431 27 249 1124 1785 520 633 137 695 1480 754 873 1859 1884 1193 625 479 795 320 702 1705 326 203 1332 1513 1332 1343 
118 9999 489 665 141 946 1420 1613 569 285 640 709 729 1373 142 287 1061 1693 434 572 106 630 1390 648 871 1838 1862 1090 507 362 700 391 680 1689 256 105 1321 1476 1276 1282 
573 489 9999 1122 611 665 938 1125 725 508 259 300 278 906 584 482 589 1212 692 887 438 182 907 256 619 1451 1471 645 387 434 842 879 397 1320 249 384 986 1051 815 811 
648 665 1122 9999 609 1599 2058 2233 680 877 1187 1258 1384 2026 660 894 1709 2267 551 426 760 1283 1974 1200 1521 2501 2526 1625 945 776 726 383 1343 2350 917 759 1978 2140 1932 1932 
42 141 611 609 9999 992 1530 1729 663 271 778 847 832 1473 51 286 1165 1822 512 613 177 736 1517 786 913 1900 1925 1227 645 493 789 279 744 1745 366 236 1372 1555 1374 1384 
952 946 665 1599 992 9999 832 1064 1370 732 872 871 459 695 942 712 540 1304 1304 1484 843 507 1044 861 82 916 943 1027 1052 1074 1495 1255 281 756 727 871 381 635 600 653 
1489 1420 938 2058 1530 832 9999 232 1562 1349 915 855 700 164 1494 1321 369 503 1585 1781 1353 794 353 899 887 822 825 646 1187 1318 1645 1806 878 793 1167 1317 739 439 236 179 
1689 1613 1125 2233 1729 1064 232 9999 1697 1562 1062 995 908 380 1696 1535 586 320 1738 1930 1552 997 333 1047 1119 925 921 710 1330 1475 1767 2002 1103 935 1364 1508 946 610 465 411 
667 569 725 680 663 1370 1562 1697 9999 846 647 708 997 1574 694 842 1265 1669 165 266 656 906 1399 664 1311 2170 2190 1021 376 296 133 727 1090 2043 666 570 1709 1760 1497 1476 
236 285 508 877 271 732 1349 1562 846 9999 739 796 655 1271 220 28 980 1695 718 855 190 573 1390 742 652 1647 1673 1153 704 602 979 522 506 1488 282 282 1113 1321 1169 1190 
747 640 259 1187 778 872 915 1062 647 739 9999 72 422 930 764 716 627 1081 676 869 626 366 788 16 841 1554 1571 453 272 415 738 1017 629 1443 459 543 1145 1133 857 831 
814 709 300 1258 847 871 855 995 708 796 72 9999 414 877 831 772 582 1009 744 936 691 375 716 61 846 1516 1532 382 335 485 792 1089 643 1410 519 611 1124 1091 809 779 
791 729 278 1384 832 459 700 908 997 655 422 414 9999 644 795 627 333 1051 971 1165 655 101 751 409 441 1174 1194 609 641 710 1110 1110 269 1047 473 628 727 773 548 553 
1431 1373 906 2026 1473 695 164 380 1574 1271 930 877 644 9999 1433 1244 318 667 1581 1777 1296 744 500 913 757 698 705 736 1199 1313 1667 1751 780 648 1117 1272 575 288 103 99 
27 142 584 660 51 942 1494 1696 694 220 764 831 795 1433 9999 235 1128 1796 547 657 145 700 1490 771 863 1852 1877 1209 648 504 821 321 697 1696 335 221 1323 1510 1333 1346 
249 287 482 894 286 712 1321 1535 842 28 716 772 627 1244 235 9999 953 1667 718 859 187 545 1363 718 631 1625 1651 1128 688 591 975 543 481 1467 261 274 1092 1297 1143 1163 
1124 1061 589 1709 1165 540 369 586 1265 980 627 582 333 318 1128 953 9999 777 1265 1461 988 431 504 611 574 937 951 549 891 998 1363 1443 519 841 805 958 616 509 232 222 
1785 1693 1212 2267 1822 1304 503 320 1669 1695 1081 1009 1051 667 1796 1667 777 9999 1739 1921 1650 1123 306 1068 1348 1243 1238 649 1327 1491 1717 2083 1287 1254 1461 1590 1242 923 732 666 
520 434 692 551 512 1304 1585 1738 165 718 676 744 971 1581 547 718 1265 1739 9999 196 531 873 1456 692 1239 2142 2163 1091 413 268 279 562 1024 2007 580 458 1658 1743 1496 1483 
633 572 887 426 613 1484 1781 1930 266 855 869 936 1165 1777 657 859 1461 1921 196 9999 677 1067 1643 885 1416 2334 2355 1272 601 464 300 570 1205 2197 757 620 1844 1938 1693 1679 
137 106 438 760 177 843 1353 1552 656 190 626 691 655 1296 145 187 988 1650 531 677 9999 559 1345 632 767 1741 1766 1067 539 419 789 455 582 1590 190 100 1220 1386 1198 1208 
695 630 182 1283 736 507 794 997 906 573 366 375 101 744 700 545 431 1123 873 1067 559 9999 819 356 474 1269 1290 632 558 616 1021 1013 269 1138 374 528 808 873 649 652 
1480 1390 907 1974 1517 1044 353 333 1399 1390 788 716 751 500 1490 1363 504 306 1456 1643 1345 819 9999 774 1078 1174 1176 387 1044 1201 1459 1780 996 1144 1155 1286 1048 786 528 458 
754 648 256 1200 786 861 899 1047 664 742 16 61 409 913 771 718 611 1068 692 885 632 356 774 9999 830 1539 1556 443 288 429 754 1027 620 1427 462 551 1131 1117 840 815 
873 871 619 1521 913 82 887 1119 1311 652 841 846 441 757 863 631 574 1348 1239 1416 767 474 1078 830 9999 998 1025 1032 1005 1016 1438 1174 224 838 660 800 462 713 659 708 
1859 1838 1451 2501 1900 916 822 925 2170 1647 1554 1516 1174 698 1852 1625 937 1243 2142 2334 1741 1269 1174 1539 998 9999 30 1432 1806 1884 2279 2168 1159 169 1597 1751 540 429 727 779 
1884 1862 1471 2526 1925 943 825 921 2190 1673 1571 1532 1194 705 1877 1651 951 1238 2163 2355 1766 1290 1176 1556 1025 30 9999 1441 1824 1904 2298 2194 1183 199 1620 1775 568 443 739 789 
1193 1090 645 1625 1227 1027 646 710 1021 1153 453 382 609 736 1209 1128 549 649 1091 1272 1067 632 387 443 1032 1432 1441 9999 681 849 1074 1470 878 1363 886 991 1165 1008 709 653 
625 507 387 945 645 1052 1187 1330 376 704 272 335 641 1199 648 688 891 1327 413 601 539 558 1044 288 1005 1806 1824 681 9999 175 474 836 781 1685 440 439 1365 1390 1122 1100 
479 362 434 776 493 1074 1318 1475 296 602 415 485 710 1313 504 591 998 1491 268 464 419 616 1201 429 1016 1884 1904 849 175 9999 423 664 794 1753 380 320 1414 1480 1229 1215 
795 700 842 726 789 1495 1645 1767 133 979 738 792 1110 1667 821 975 1363 1717 279 300 789 1021 1459 754 1438 2279 2298 1074 474 423 9999 828 1216 2156 797 704 1828 1864 1594 1569 
320 391 879 383 279 1255 1806 2002 727 522 1017 1089 1110 1751 321 543 1443 2083 562 570 455 1013 1780 1027 1174 2168 2194 1470 836 664 828 9999 1017 2011 640 495 1635 1831 1652 1662 
702 680 397 1343 744 281 878 1103 1090 506 629 643 269 780 697 481 519 1287 1024 1205 582 269 996 620 224 1159 1183 878 781 794 1216 1017 9999 1008 450 598 643 816 677 707 
1705 1689 1320 2350 1745 756 793 935 2043 1488 1443 1410 1047 648 1696 1467 841 1254 2007 2197 1590 1138 1144 1427 838 169 199 1363 1685 1753 2156 2011 1008 9999 1452 1605 376 361 654 715 
326 256 249 917 366 727 1167 1364 666 282 459 519 473 1117 335 261 805 1461 580 757 190 374 1155 462 660 1597 1620 886 440 380 797 640 450 1452 9999 157 1092 1224 1020 1026 
203 105 384 759 236 871 1317 1508 570 282 543 611 628 1272 221 274 958 1590 458 620 100 528 1286 551 800 1751 1775 991 439 320 704 495 598 1605 157 9999 1241 1382 1176 1180 
1332 1321 986 1978 1372 381 739 946 1709 1113 1145 1124 727 575 1323 1092 616 1242 1658 1844 1220 808 1048 1131 462 540 568 1165 1365 1414 1828 1635 643 376 1092 1241 9999 368 521 591 
1513 1476 1051 2140 1555 635 439 610 1760 1321 1133 1091 773 288 1510 1297 509 923 1743 1938 1386 873 786 1117 713 429 443 1008 1390 1480 1864 1831 816 361 1224 1382 368 9999 299 356 
1332 1276 815 1932 1374 600 236 465 1497 1169 857 809 548 103 1333 1143 232 732 1496 1693 1198 649 528 840 659 727 739 709 1122 1229 1594 1652 677 654 1020 1176 521 299 9999 70 
1343 1282 811 1932 1384 653 179 411 1476 1190 831 779 553 99 1346 1163 222 666 1483 1679 1208 652 458 815 708 779 789 653 1100 1215 1569 1662 707 715 1026 1180 591 356 70 9999 
