NAME: ds_929_courier_4849
TYPE: TSP
COMMENT: nil
DIMENSION: 34
EDGE_WEIGHT_TYPE: EXPLICIT
EDGE_WEIGHT_FORMAT: FULL_MATRIX
EDGE_WEIGHT_SECTION
9999 2646 2812 2413 1849 1987 2592 2836 2678 2646 2308 2092 2263 3178 3313 3449 3365 3483 3767 3970 3823 3418 3203 3089 3140 1912 2995 3071 3373 3653 3389 3832 2650 2686 
2646 9999 311 700 807 677 269 229 343 529 394 690 605 820 941 1134 870 838 1126 1341 1198 856 565 487 519 734 467 490 881 1100 756 1207 692 696 
2812 311 9999 587 1027 913 220 143 160 328 505 745 599 511 635 826 591 758 1045 1276 1148 910 547 565 556 926 187 261 601 854 599 1156 479 470 
2413 700 587 9999 882 838 441 704 431 280 437 375 222 776 907 1037 993 1338 1620 1854 1731 1489 1133 1129 1133 749 710 815 998 1291 1157 1738 237 273 
1849 807 1027 882 9999 139 822 1016 929 982 545 522 660 1487 1624 1798 1616 1637 1919 2121 1974 1577 1356 1240 1291 133 1214 1270 1625 1879 1562 1983 1070 1100 
1987 677 913 838 139 9999 717 892 827 902 456 508 617 1388 1523 1702 1503 1502 1782 1983 1836 1438 1219 1102 1154 158 1098 1149 1514 1760 1433 1845 1005 1032 
2592 269 220 441 822 717 9999 285 112 266 288 529 396 672 806 988 795 957 1248 1476 1343 1060 719 694 705 715 403 481 805 1069 814 1351 426 433 
2836 229 143 704 1016 892 285 9999 275 462 535 807 681 612 724 918 642 676 968 1194 1059 785 435 429 429 929 245 262 653 874 554 1067 618 610 
2678 343 160 431 929 827 112 275 9999 194 387 596 444 561 697 877 696 917 1205 1436 1308 1059 702 704 703 817 321 412 705 976 755 1316 357 356 
2646 529 328 280 982 902 266 462 194 9999 446 557 384 534 671 827 728 1063 1343 1576 1456 1238 873 890 884 858 431 537 734 1024 878 1463 163 167 
2308 394 505 437 545 456 288 535 387 446 9999 298 254 942 1079 1253 1081 1207 1498 1720 1580 1250 946 881 910 430 690 763 1091 1356 1086 1589 560 584 
2092 690 745 375 522 508 529 807 596 557 298 9999 174 1091 1228 1379 1274 1483 1775 2000 1864 1546 1232 1176 1202 390 917 1005 1281 1564 1343 1872 594 628 
2263 605 599 222 660 617 396 681 444 384 254 174 9999 918 1054 1204 1105 1352 1642 1871 1738 1447 1114 1078 1095 528 762 856 1113 1398 1198 1747 424 456 
3178 820 511 776 1487 1388 672 612 561 534 942 1091 918 9999 138 317 252 827 1044 1268 1182 1135 785 898 852 1371 373 421 253 537 599 1187 545 510 
3313 941 635 907 1624 1523 806 724 697 671 1079 1228 1054 138 9999 195 208 832 1017 1232 1160 1166 836 966 913 1508 479 505 202 444 606 1164 673 637 
3449 1134 826 1037 1798 1702 988 918 877 827 1253 1379 1204 317 195 9999 356 973 1122 1320 1267 1324 1011 1149 1093 1679 674 697 345 482 756 1270 800 764 
3365 870 591 993 1616 1503 795 642 696 728 1081 1274 1105 252 208 356 9999 626 810 1028 952 970 659 803 743 1510 408 388 12 298 403 957 773 740 
3483 838 758 1338 1637 1502 957 676 917 1063 1207 1483 1352 827 832 973 626 9999 292 519 392 373 284 432 365 1571 636 528 635 589 228 400 1184 1162 
3767 1126 1045 1620 1919 1782 1248 968 1205 1343 1498 1775 1642 1044 1017 1122 810 292 9999 234 145 471 564 689 630 1857 912 805 816 663 471 148 1455 1430 
3970 1341 1276 1854 2121 1983 1476 1194 1436 1576 1720 2000 1871 1268 1232 1320 1028 519 234 9999 149 592 776 881 831 2066 1146 1039 1032 845 704 139 1688 1664 
3823 1198 1148 1731 1974 1836 1343 1059 1308 1456 1580 1864 1738 1182 1160 1267 952 392 145 149 9999 448 635 734 685 1921 1028 920 958 808 597 9 1575 1552 
3418 856 910 1489 1577 1438 1060 785 1059 1238 1250 1546 1447 1135 1166 1324 970 373 471 592 448 9999 372 370 356 1540 856 756 979 962 569 457 1383 1369 
3203 565 547 1133 1356 1219 719 435 702 873 946 1232 1114 785 836 1011 659 284 564 776 635 372 9999 169 98 1293 484 387 670 743 311 644 1014 998 
3089 487 565 1129 1240 1102 694 429 704 890 881 1176 1078 898 966 1149 803 432 689 881 734 370 169 9999 71 1190 558 480 815 909 478 743 1044 1034 
3140 519 556 1133 1291 1154 705 429 703 884 910 1202 1095 852 913 1093 743 365 630 831 685 356 98 71 9999 1236 526 439 755 840 408 694 1033 1020 
1912 734 926 749 133 158 715 929 817 858 430 390 528 1371 1508 1679 1510 1571 1857 2066 1921 1540 1293 1190 1236 9999 1113 1177 1520 1780 1481 1930 941 971 
2995 467 187 710 1214 1098 403 245 321 431 690 917 762 373 479 674 408 636 912 1146 1028 856 484 558 526 1113 9999 108 418 667 447 1035 548 527 
3071 490 261 815 1270 1149 481 262 412 537 763 1005 856 421 505 697 388 528 805 1039 920 756 387 480 439 1177 108 9999 399 612 344 927 656 635 
3373 881 601 998 1625 1514 805 653 705 734 1091 1281 1113 253 202 345 12 635 816 1032 958 979 670 815 755 1520 418 399 9999 293 413 963 777 744 
3653 1100 854 1291 1879 1760 1069 874 976 1024 1356 1564 1398 537 444 482 298 589 663 845 808 962 743 909 840 1780 667 612 293 9999 433 810 1070 1037 
3389 756 599 1157 1562 1433 814 554 755 878 1086 1343 1198 599 606 756 403 228 471 704 597 569 311 478 408 1481 447 344 413 433 9999 604 985 960 
3832 1207 1156 1738 1983 1845 1351 1067 1316 1463 1589 1872 1747 1187 1164 1270 957 400 148 139 9 457 644 743 694 1930 1035 927 963 810 604 9999 1582 1559 
2650 692 479 237 1070 1005 426 618 357 163 560 594 424 545 673 800 773 1184 1455 1688 1575 1383 1014 1044 1033 941 548 656 777 1070 985 1582 9999 36 
2686 696 470 273 1100 1032 433 610 356 167 584 628 456 510 637 764 740 1162 1430 1664 1552 1369 998 1034 1020 971 527 635 744 1037 960 1559 36 9999 
