,0,1,2,3,4,5,6,7
0,0.0,928.2212207652872,1372.5900081843968,1412.1792250149722,1562.5561425726173,1025.034677344503,1032.870259815952,1595.1080809686532
1,928.2212207652872,0.0,499.3538015340959,525.747898057188,645.1387163828824,101.35879709638236,147.2425380146882,807.5634251268708
2,1372.5900081843968,499.3538015340959,0.0,50.48194256640476,243.89317191203838,443.60354144269957,498.8311795100342,340.4415915727078
3,1412.1792250149722,525.747898057188,50.48194256640476,0.0,193.49450594997498,462.32173765537505,511.81591090073306,347.0850497269114
4,1562.5561425726173,645.1387163828824,243.89317191203838,193.49450594997498,0.0,561.5273288221766,589.2133665500482,440.00483100505875
5,1025.034677344503,101.35879709638236,443.60354144269957,462.32173765537505,561.5273288221766,0.0,77.61701390715498,769.7190545803522
6,1032.870259815952,147.2425380146882,498.8311795100342,511.81591090073306,589.2133665500482,77.61701390715498,0.0,831.8925958474518
7,1595.1080809686532,807.5634251268708,340.4415915727078,347.0850497269114,440.00483100505875,769.7190545803522,831.8925958474518,0.0
