NAME: ds_920_courier_4849
TYPE: TSP
COMMENT: nil
DIMENSION: 27
EDGE_WEIGHT_TYPE: EXPLICIT
EDGE_WEIGHT_FORMAT: FULL_MATRIX
EDGE_WEIGHT_SECTION
9999 2075 2092 2536 2815 2067 3715 3692 3083 2274 2973 2983 3028 3499 3548 3229 3128 3002 2675 3173 3284 3194 3289 3914 4019 3792 3475 
2075 9999 154 494 776 451 1666 1634 1124 215 1071 1095 1011 1562 1669 1170 1086 933 866 1160 1289 1137 1214 1842 1945 1722 1421 
2092 154 9999 444 725 301 1626 1659 1204 303 968 990 948 1476 1570 1199 1131 954 739 1097 1219 1102 1209 1825 1947 1733 1453 
2536 494 444 9999 283 569 1182 1256 940 380 615 645 516 1076 1195 814 781 569 509 666 795 658 778 1384 1517 1312 1064 
2815 776 725 283 9999 804 901 1051 900 637 433 468 241 818 955 653 669 440 486 388 522 383 542 1118 1268 1080 882 
2067 451 301 569 804 9999 1678 1825 1454 590 907 918 983 1433 1494 1382 1338 1135 619 1121 1224 1184 1337 1920 2071 1875 1633 
3715 1666 1626 1182 901 1678 9999 695 1196 1498 861 873 695 532 693 779 919 863 1157 561 490 529 540 333 576 565 742 
3692 1634 1659 1256 1051 1825 695 9999 719 1424 1275 1302 986 1171 1351 465 568 705 1492 940 974 743 517 499 402 176 219 
3083 1124 1204 940 900 1454 1196 719 9999 912 1303 1338 1010 1480 1660 421 293 480 1378 1070 1181 865 687 1154 1118 879 522 
2274 215 303 380 637 590 1498 1424 912 9999 994 1022 878 1450 1574 960 872 728 845 1024 1159 970 1023 1653 1745 1518 1210 
2973 1071 968 615 433 907 861 1275 1303 994 9999 35 307 526 602 982 1040 824 309 340 371 535 773 1164 1373 1246 1161 
2983 1095 990 645 468 918 873 1302 1338 1022 35 9999 340 517 583 1015 1074 858 312 364 384 564 802 1180 1392 1269 1191 
3028 1011 948 516 241 983 695 986 1010 878 307 340 9999 581 727 675 738 530 513 149 281 244 474 951 1133 977 858 
3499 1562 1476 1076 818 1433 532 1171 1480 1450 526 517 581 9999 185 1075 1187 1032 827 450 315 620 805 864 1108 1072 1148 
3548 1669 1570 1195 955 1494 693 1351 1660 1574 602 583 727 185 9999 1258 1368 1206 876 611 483 797 989 1018 1266 1246 1333 
3229 1170 1199 814 653 1382 779 465 421 960 982 1015 675 1075 1258 9999 143 247 1132 698 791 480 271 781 809 570 254 
3128 1086 1131 781 669 1338 919 568 293 872 1040 1074 738 1187 1368 143 9999 229 1154 785 891 575 396 922 936 694 349 
3002 933 954 569 440 1135 863 705 480 728 824 858 530 1032 1206 247 229 9999 925 601 722 414 328 948 1019 790 500 
2675 866 739 509 486 619 1157 1492 1378 845 309 312 513 827 876 1132 1154 925 9999 608 670 756 975 1447 1641 1489 1346 
3173 1160 1097 666 388 1121 561 940 1070 1024 340 364 149 450 611 698 785 601 608 9999 138 220 455 839 1038 906 843 
3284 1289 1219 795 522 1224 490 974 1181 1159 371 384 281 315 483 791 891 722 670 138 9999 317 530 798 1016 915 905 
3194 1137 1102 658 383 1184 529 743 865 970 535 564 244 620 797 480 575 414 756 220 317 9999 239 736 899 734 628 
3289 1214 1209 778 542 1337 540 517 687 1023 773 802 474 805 989 271 396 328 975 455 530 239 9999 631 739 539 389 
3914 1842 1825 1384 1118 1920 333 499 1154 1653 1164 1180 951 864 1018 781 922 948 1447 839 798 736 631 9999 249 328 639 
4019 1945 1947 1517 1268 2071 576 402 1118 1745 1373 1392 1133 1108 1266 809 936 1019 1641 1038 1016 899 739 249 9999 243 602 
3792 1722 1733 1312 1080 1875 565 176 879 1518 1246 1269 977 1072 1246 570 694 790 1489 906 915 734 539 328 243 9999 360 
3475 1421 1453 1064 882 1633 742 219 522 1210 1161 1191 858 1148 1333 254 349 500 1346 843 905 628 389 639 602 360 9999 
