NAME: ds_519_courier_1656
TYPE: TSP
COMMENT: nil
DIMENSION: 17
EDGE_WEIGHT_TYPE: EXPLICIT
EDGE_WEIGHT_FORMAT: FULL_MATRIX
EDGE_WEIGHT_SECTION
9999 3264 3337 2745 3732 59 2875 67 3232 4115 3162 3231 3281 3341 3214 3109 3189 
3264 9999 111 542 494 3271 1137 3270 669 1046 467 35 115 160 876 842 852 
3337 111 9999 637 467 3346 1247 3345 766 1052 417 142 64 57 974 946 952 
2745 542 637 9999 987 2749 846 2747 670 1423 707 508 596 661 800 709 768 
3732 494 467 987 9999 3736 1313 3734 748 608 860 521 531 500 935 959 926 
59 3271 3346 2749 3736 9999 2862 8 3227 4113 3177 3238 3291 3350 3205 3101 3181 
2875 1137 1247 846 1313 2862 9999 2858 567 1393 1498 1111 1245 1297 416 357 410 
67 3270 3345 2747 3734 8 2858 9999 3225 4110 3177 3237 3290 3350 3202 3098 3178 
3232 669 766 670 748 3227 567 3225 9999 895 1109 653 784 822 209 212 190 
4115 1046 1052 1423 608 4113 1393 4110 895 9999 1461 1064 1113 1093 979 1061 991 
3162 467 417 707 860 3177 1498 3177 1109 1461 9999 470 365 369 1307 1254 1280 
3231 35 142 508 521 3238 1111 3237 653 1064 470 9999 135 187 859 821 834 
3281 115 64 596 531 3291 1245 3290 784 1113 365 135 9999 65 991 955 967 
3341 160 57 661 500 3350 1297 3350 822 1093 369 187 65 9999 1030 1000 1008 
3214 876 974 800 935 3205 416 3202 209 979 1307 859 991 1030 9999 109 33 
3109 842 946 709 959 3101 357 3098 212 1061 1254 821 955 1000 109 9999 81 
3189 852 952 768 926 3181 410 3178 190 991 1280 834 967 1008 33 81 9999 
