NAME: ds_601_courier_1756
TYPE: TSP
COMMENT: nil
DIMENSION: 6
EDGE_WEIGHT_TYPE: EXPLICIT
EDGE_WEIGHT_FORMAT: FULL_MATRIX
EDGE_WEIGHT_SECTION
9999 2314 2409 2364 2384 2106 
2314 9999 129 66 196 211 
2409 129 9999 63 101 306 
2364 66 63 9999 142 257 
2384 196 101 142 9999 310 
2106 211 306 257 310 9999 
