NAME: ds_820_courier_435
TYPE: TSP
COMMENT: nil
DIMENSION: 17
EDGE_WEIGHT_TYPE: EXPLICIT
EDGE_WEIGHT_FORMAT: FULL_MATRIX
EDGE_WEIGHT_SECTION
9999 1309 1180 822 980 1756 1034 347 1328 1177 887 945 1273 1116 1184 1100 1328 
1309 9999 222 507 415 1909 1200 1189 59 201 556 365 1280 1625 458 450 195 
1180 222 9999 359 217 1693 978 1017 196 28 353 301 1061 1406 248 229 148 
822 507 359 9999 177 1633 843 684 515 355 185 192 999 1216 422 336 507 
980 415 217 177 9999 1570 812 801 405 225 141 248 931 1221 248 165 359 
1756 1909 1693 1633 1570 9999 806 1420 1868 1719 1461 1803 639 670 1452 1468 1741 
1034 1200 978 843 812 806 9999 687 1171 999 685 1024 240 445 770 752 1066 
347 1189 1017 684 801 1420 687 9999 1194 1022 677 855 927 803 956 881 1160 
1328 59 196 515 405 1868 1171 1194 9999 181 545 391 1242 1601 417 419 139 
1177 201 28 355 225 1719 999 1022 181 9999 364 282 1086 1425 275 253 155 
887 556 353 185 141 1461 685 677 545 364 9999 342 824 1085 297 213 488 
945 365 301 192 248 1803 1024 855 391 282 342 9999 1165 1406 472 402 432 
1273 1280 1061 999 931 639 240 927 1242 1086 824 1165 9999 527 825 833 1120 
1116 1625 1406 1216 1221 670 445 803 1601 1425 1085 1406 527 9999 1210 1185 1503 
1184 458 248 422 248 1452 770 956 417 275 297 472 825 1210 9999 88 298 
1100 450 229 336 165 1468 752 881 419 253 213 402 833 1185 88 9999 321 
1328 195 148 507 359 1741 1066 1160 139 155 488 432 1120 1503 298 321 9999 
