NAME: ds_923_courier_4849
TYPE: TSP
COMMENT: nil
DIMENSION: 32
EDGE_WEIGHT_TYPE: EXPLICIT
EDGE_WEIGHT_FORMAT: FULL_MATRIX
EDGE_WEIGHT_SECTION
9999 2165 2700 2742 3029 3559 3430 3581 3338 2678 3562 3279 3220 2001 2033 2254 2988 3049 3111 2356 2903 3310 3241 3683 3674 2131 2663 3569 3559 3539 3337 3819 
2165 9999 536 587 890 1400 1328 1562 1438 688 1435 1232 1309 444 512 611 847 930 1009 191 743 1148 1077 1584 1659 59 510 1421 1410 1391 1214 1745 
2700 536 9999 100 424 866 874 1170 1153 539 949 847 1036 850 881 830 383 496 587 345 236 619 541 1121 1261 570 98 911 900 884 744 1295 
2742 587 100 9999 465 817 904 1215 1222 637 962 900 1109 933 968 927 428 545 638 398 268 604 511 1143 1304 614 79 910 898 884 770 1321 
3029 890 424 465 9999 677 452 750 786 465 545 439 686 1066 1066 922 43 91 177 715 197 338 353 704 840 937 515 541 531 510 327 874 
3559 1400 866 817 677 9999 684 1007 1240 1141 578 873 1194 1687 1702 1586 698 727 745 1208 701 344 343 755 1050 1429 896 438 430 443 603 914 
3430 1328 874 904 452 684 9999 350 559 763 168 226 532 1435 1416 1228 494 398 322 1161 641 433 548 257 422 1378 961 281 282 260 137 422 
3581 1562 1170 1215 750 1007 350 9999 350 914 430 332 409 1583 1547 1331 789 674 583 1416 947 782 898 297 97 1617 1263 571 578 564 481 290 
3338 1438 1153 1222 786 1240 559 350 9999 752 702 379 129 1368 1319 1089 812 695 612 1324 968 950 1045 628 408 1497 1251 835 837 818 643 639 
2678 688 539 637 465 1141 763 914 752 9999 912 601 622 678 654 472 443 433 462 591 495 803 808 1009 1010 746 626 956 949 925 693 1141 
3562 1435 949 962 545 578 168 430 702 912 9999 393 690 1576 1562 1381 588 513 454 1259 713 407 530 199 473 1482 1027 141 148 137 225 379 
3279 1232 847 900 439 873 226 332 379 601 393 9999 321 1278 1250 1046 473 354 262 1084 633 572 666 423 427 1286 942 501 501 478 270 540 
3220 1309 1036 1109 686 1194 532 409 129 622 690 321 9999 1243 1196 967 708 596 518 1197 861 885 970 653 485 1368 1134 812 813 791 591 697 
2001 444 850 933 1066 1687 1435 1583 1368 678 1576 1278 1243 9999 83 301 1030 1069 1122 569 987 1384 1346 1685 1678 473 867 1601 1592 1570 1352 1818 
2033 512 881 968 1066 1702 1416 1547 1319 654 1562 1250 1196 83 9999 236 1031 1062 1108 622 1001 1390 1359 1662 1641 546 906 1594 1585 1563 1340 1790 
2254 611 830 927 922 1586 1228 1331 1089 472 1381 1046 967 301 236 9999 893 901 934 655 897 1258 1245 1466 1422 660 879 1428 1421 1397 1165 1583 
2988 847 383 428 43 698 494 789 812 443 588 473 708 1030 1031 893 9999 119 210 672 160 365 367 747 879 894 475 581 571 550 370 917 
3049 930 496 545 91 727 398 674 695 433 513 354 596 1069 1062 901 119 9999 92 764 279 383 421 654 766 980 590 532 524 501 288 818 
3111 1009 587 638 177 745 322 583 612 462 454 262 518 1122 1108 934 210 92 9999 847 371 406 466 578 675 1060 682 495 488 464 232 736 
2356 191 345 398 715 1208 1161 1416 1324 591 1259 1084 1197 569 622 655 672 764 847 9999 557 959 886 1416 1511 227 321 1238 1227 1209 1042 1582 
2903 743 236 268 197 701 641 947 968 495 713 633 861 987 1001 897 160 279 371 557 9999 408 359 886 1036 784 321 682 671 653 509 1061 
3310 1148 619 604 338 344 433 782 950 803 407 572 885 1384 1390 1258 365 383 406 959 408 9999 123 605 849 1186 678 318 305 297 312 787 
3241 1077 541 511 353 343 548 898 1045 808 530 666 970 1346 1359 1245 367 421 466 886 359 123 9999 728 968 1111 589 437 424 417 421 909 
3683 1584 1121 1143 704 755 257 297 628 1009 199 423 653 1685 1662 1466 747 654 578 1416 886 605 728 9999 308 1635 1205 322 332 327 378 182 
3674 1659 1261 1304 840 1050 422 97 408 1010 473 427 485 1678 1641 1422 879 766 675 1511 1036 849 968 308 9999 1713 1354 612 620 610 557 242 
2131 59 570 614 937 1429 1378 1617 1497 746 1482 1286 1368 473 546 660 894 980 1060 227 784 1186 1111 1635 1713 9999 535 1465 1453 1435 1262 1796 
2663 510 98 79 515 896 961 1263 1251 626 1027 942 1134 867 906 879 475 590 682 321 321 678 589 1205 1354 535 9999 981 969 954 829 1381 
3569 1421 911 910 541 438 281 571 835 956 141 501 812 1601 1594 1428 581 532 495 1238 682 318 437 322 612 1465 981 9999 13 31 270 493 
3559 1410 900 898 531 430 282 578 837 949 148 501 813 1592 1585 1421 571 524 488 1227 671 305 424 332 620 1453 969 13 9999 24 265 504 
3539 1391 884 884 510 443 260 564 818 925 137 478 791 1570 1563 1397 550 501 464 1209 653 297 417 327 610 1435 954 31 24 9999 241 502 
3337 1214 744 770 327 603 137 481 643 693 225 270 591 1352 1340 1165 370 288 232 1042 509 312 421 378 557 1262 829 270 265 241 9999 552 
3819 1745 1295 1321 874 914 422 290 639 1141 379 540 697 1818 1790 1583 917 818 736 1582 1061 787 909 182 242 1796 1381 493 504 502 552 9999 
