NAME: ds_611_courier_4849
TYPE: TSP
COMMENT: nil
DIMENSION: 21
EDGE_WEIGHT_TYPE: EXPLICIT
EDGE_WEIGHT_FORMAT: FULL_MATRIX
EDGE_WEIGHT_SECTION
9999 3558 3735 3806 3619 3706 2609 3427 3255 3582 3255 3054 3553 3234 2689 3035 3234 3588 3502 2822 4001 
3558 9999 213 484 609 354 1137 369 817 559 434 768 787 572 1053 552 668 328 196 749 443 
3735 213 9999 311 514 210 1349 562 819 478 645 979 942 778 1265 758 870 477 244 945 297 
3806 484 311 9999 280 135 1560 852 674 276 904 1237 1251 1051 1481 956 1149 785 374 1108 486 
3619 609 514 280 9999 308 1528 960 409 58 963 1274 1394 1118 1457 940 1224 937 429 1045 751 
3706 354 210 135 308 9999 1427 723 650 277 770 1102 1132 917 1348 824 1017 666 241 981 454 
2609 1137 1349 1560 1528 1427 9999 878 1400 1470 727 453 945 655 88 604 632 1040 1187 491 1541 
3427 369 562 852 960 723 878 9999 1085 906 174 449 447 235 791 418 312 163 531 630 679 
3255 817 819 674 409 650 1400 1085 9999 398 1020 1268 1531 1170 1347 896 1276 1122 625 914 1100 
3582 559 478 276 58 277 1470 906 398 9999 905 1216 1342 1061 1400 882 1167 887 375 989 729 
3255 434 645 904 963 770 727 174 1020 905 9999 334 534 157 640 250 264 333 546 457 814 
3054 768 979 1237 1274 1102 453 449 1268 1216 334 9999 521 215 368 373 180 603 872 455 1127 
3553 787 942 1251 1394 1132 945 447 1531 1342 534 521 9999 424 869 757 361 467 968 925 944 
3234 572 778 1051 1118 917 655 235 1170 1061 157 215 424 9999 568 334 107 389 699 505 913 
2689 1053 1265 1481 1457 1348 88 791 1347 1400 640 368 869 568 9999 526 548 952 1108 433 1454 
3035 552 758 956 940 824 604 418 896 882 250 373 757 334 526 9999 421 567 583 215 984 
3234 668 870 1149 1224 1017 632 312 1276 1167 264 180 361 107 548 421 9999 449 803 568 983 
3588 328 477 785 937 666 1040 163 1122 887 333 603 467 389 952 567 449 9999 519 782 536 
3502 196 244 374 429 241 1187 531 625 375 546 872 968 699 1108 583 803 519 9999 744 538 
2822 749 945 1108 1045 981 491 630 914 989 457 455 925 505 433 215 568 782 744 9999 1188 
4001 443 297 486 751 454 1541 679 1100 729 814 1127 944 913 1454 984 983 536 538 1188 9999 
