NAME: ds_919_courier_1656
TYPE: TSP
COMMENT: nil
DIMENSION: 30
EDGE_WEIGHT_TYPE: EXPLICIT
EDGE_WEIGHT_FORMAT: FULL_MATRIX
EDGE_WEIGHT_SECTION
9999 2552 3050 3364 3056 3772 2818 2955 3709 3284 3184 6953 41 3941 3633 3511 3895 3178 3330 3192 3082 29 2909 3431 3542 3727 4107 5902 5459 2103 
2552 9999 1430 2847 2700 3229 981 723 1753 3266 2518 6137 2538 2015 2670 2569 3300 1154 1451 1566 1778 2540 628 1037 1389 1954 3781 5229 4205 709 
3050 1430 9999 1565 1525 1888 449 802 683 2122 1241 4708 3056 894 1268 1180 1938 462 343 156 398 3051 888 1037 719 683 2458 3804 5564 1136 
3364 2847 1565 9999 315 429 1940 2344 1906 654 331 3619 3388 1905 569 535 541 2023 1803 1512 1168 3378 2418 2592 2189 1644 938 2593 7051 2282 
3056 2700 1525 315 9999 718 1850 2262 1967 597 355 3913 3080 2008 796 722 839 1986 1805 1503 1145 3071 2327 2561 2201 1733 1152 2876 6902 2093 
3772 3229 1888 429 718 9999 2293 2685 2118 743 724 3196 3797 2066 680 726 127 2330 2081 1810 1492 3788 2765 2886 2448 1832 571 2165 7425 2691 
2818 981 449 1940 1850 2293 9999 413 925 2442 1609 5157 2818 1182 1701 1606 2353 362 555 589 810 2815 479 806 730 1043 2858 4250 5136 770 
2955 723 802 2344 2262 2685 413 9999 1030 2855 2014 5462 2950 1292 2070 1982 2739 439 741 910 1193 2948 97 487 681 1238 3253 4586 4763 854 
3709 1753 683 1906 1967 2118 925 1030 9999 2537 1627 4532 3712 265 1438 1403 2128 613 379 577 880 3708 1125 916 418 299 2674 3728 5617 1695 
3284 3266 2122 654 597 743 2442 2855 2537 9999 911 3700 3314 2553 1217 1190 855 2583 2396 2095 1739 3303 2918 3158 2790 2286 838 2640 7456 2630 
3184 2518 1241 331 355 724 1609 2014 1627 911 9999 3864 3205 1657 491 392 815 1700 1493 1196 846 3196 2087 2272 1885 1384 1264 2858 6721 1967 
6953 6137 4708 3619 3913 3196 5157 5462 4532 3700 3864 9999 6980 4320 3531 3650 3079 5030 4726 4572 4388 6970 5557 5448 4950 4259 2862 1061 10146 5743 
41 2538 3056 3388 3080 3797 2818 2950 3712 3314 3205 6980 9999 3946 3652 3530 3920 3177 3333 3198 3093 13 2903 3424 3541 3734 4136 5930 5420 2098 
3941 2015 894 1905 2008 2066 1182 1292 265 2553 1657 4320 3946 9999 1392 1379 2061 877 629 763 1005 3941 1387 1141 655 280 2606 3547 5826 1951 
3633 2670 1268 569 796 680 1701 2070 1438 1217 491 3531 3652 1392 9999 124 696 1687 1421 1168 893 3643 2156 2228 1776 1152 1239 2572 6832 2215 
3511 2569 1180 535 722 726 1606 1982 1403 1190 392 3650 3530 1379 124 9999 761 1611 1356 1090 795 3522 2067 2161 1722 1127 1295 2684 6741 2100 
3895 3300 1938 541 839 127 2353 2739 2128 855 815 3079 3920 2061 696 761 9999 2372 2114 1851 1546 3910 2821 2920 2472 1837 546 2054 7489 2777 
3178 1154 462 2023 1986 2330 362 439 613 2583 1700 5030 3177 877 1687 1611 2372 9999 304 521 855 3175 535 575 369 801 2901 4166 5168 1109 
3330 1451 343 1803 1805 2081 555 741 379 2396 1493 4726 3333 629 1421 1356 2114 304 9999 303 661 3330 838 806 397 505 2651 3869 5462 1322 
3192 1566 156 1512 1503 1810 589 910 577 2095 1196 4572 3198 763 1168 1090 1851 521 303 9999 358 3194 1000 1081 700 535 2380 3679 5672 1292 
3082 1778 398 1168 1145 1492 810 1193 880 1739 846 4388 3093 1005 893 795 1546 855 661 358 9999 3087 1274 1427 1058 733 2061 3455 5946 1368 
29 2540 3051 3378 3071 3788 2815 2948 3708 3303 3196 6970 13 3941 3643 3522 3910 3175 3330 3194 3087 9999 2902 3424 3539 3729 4126 5919 5431 2097 
2909 628 888 2418 2327 2765 479 97 1125 2918 2087 5557 2903 1387 2156 2067 2821 535 838 1000 1274 2902 9999 522 768 1335 3332 4678 4676 815 
3431 1037 1037 2592 2561 2886 806 487 916 3158 2272 5448 3424 1141 2228 2161 2920 575 806 1081 1427 3424 522 9999 498 1197 3456 4634 4702 1335 
3542 1389 719 2189 2201 2448 730 681 418 2790 1885 4950 3541 655 1776 1722 2472 369 397 700 1058 3539 768 498 9999 701 3014 4139 5200 1460 
3727 1954 683 1644 1733 1832 1043 1238 299 2286 1384 4259 3734 280 1152 1127 1837 801 505 535 733 3729 1335 1197 701 9999 2384 3438 5898 1796 
4107 3781 2458 938 1152 571 2858 3253 2674 838 1264 2862 4136 2606 1239 1295 546 2901 2651 2380 2061 4126 3332 3456 3014 2384 9999 1803 7983 3219 
5902 5229 3804 2593 2876 2165 4250 4586 3728 2640 2858 1061 5930 3547 2572 2684 2054 4166 3869 3679 3455 5919 4678 4634 4139 3438 1803 9999 9329 4783 
5459 4205 5564 7051 6902 7425 5136 4763 5617 7456 6721 10146 5420 5826 6832 6741 7489 5168 5462 5672 5946 5431 4676 4702 5200 5898 7983 9329 9999 4828 
2103 709 1136 2282 2093 2691 770 854 1695 2630 1967 5743 2098 1951 2215 2100 2777 1109 1322 1292 1368 2097 815 1335 1460 1796 3219 4783 4828 9999 
