NAME: ds_715_courier_2925
TYPE: TSP
COMMENT: nil
DIMENSION: 12
EDGE_WEIGHT_TYPE: EXPLICIT
EDGE_WEIGHT_FORMAT: FULL_MATRIX
EDGE_WEIGHT_SECTION
9999 2999 3605 2835 3520 3185 2822 4573 3706 3305 4630 3353 
2999 9999 672 174 777 459 274 1749 1000 674 1820 421 
3605 672 9999 843 329 866 935 1080 466 1006 1152 258 
2835 174 843 9999 924 497 151 1917 1149 706 1988 589 
3520 777 329 924 9999 1097 1050 1059 225 1268 1121 400 
3185 459 866 497 1097 9999 411 1901 1300 215 1976 698 
2822 274 935 151 1050 411 9999 2015 1274 604 2086 691 
4573 1749 1080 1917 1059 1901 2015 9999 867 1990 76 1329 
3706 1000 466 1149 225 1300 1274 867 9999 1459 924 609 
3305 674 1006 706 1268 215 604 1990 1459 9999 2066 873 
4630 1820 1152 1988 1121 1976 2086 76 924 2066 9999 1399 
3353 421 258 589 400 698 691 1329 609 873 1399 9999 
