NAME: ds_806_courier_4849
TYPE: TSP
COMMENT: nil
DIMENSION: 15
EDGE_WEIGHT_TYPE: EXPLICIT
EDGE_WEIGHT_FORMAT: FULL_MATRIX
EDGE_WEIGHT_SECTION
9999 3286 2724 3116 3132 3543 2377 2302 2274 2950 3506 3460 3411 3355 3339 
3286 9999 981 323 511 593 928 1039 1183 551 392 316 600 547 494 
2724 981 9999 663 533 890 917 561 463 430 948 1292 744 707 715 
3116 323 663 9999 207 487 847 819 919 234 391 639 415 346 300 
3132 511 533 207 9999 411 961 833 879 185 418 824 290 226 207 
3543 593 890 487 411 9999 1333 1244 1283 595 219 825 147 189 206 
2377 928 917 847 961 1333 9999 443 680 791 1222 1084 1241 1172 1135 
2302 1039 561 819 833 1244 443 9999 238 650 1206 1287 1119 1059 1039 
2274 1183 463 919 879 1283 680 238 9999 710 1284 1457 1145 1093 1085 
2950 551 430 234 185 595 791 650 710 9999 574 863 474 411 389 
3506 392 948 391 418 219 1222 1206 1284 574 9999 607 292 277 246 
3460 316 1292 639 824 825 1084 1287 1457 863 607 9999 871 828 778 
3411 600 744 415 290 147 1241 1119 1145 474 292 871 9999 70 117 
3355 547 707 346 226 189 1172 1059 1093 411 277 828 70 9999 53 
3339 494 715 300 207 206 1135 1039 1085 389 246 778 117 53 9999 
