NAME: ds_715_courier_4849
TYPE: TSP
COMMENT: nil
DIMENSION: 27
EDGE_WEIGHT_TYPE: EXPLICIT
EDGE_WEIGHT_FORMAT: FULL_MATRIX
EDGE_WEIGHT_SECTION
9999 80 3348 1952 3632 2723 3813 3051 3348 3162 3577 2361 3289 3535 2721 2353 2589 2189 3287 3177 3046 3121 3552 3557 3393 3577 3379 
80 9999 3343 1943 3601 2708 3784 3038 3327 3138 3563 2340 3278 3533 2720 2327 2564 2181 3274 3157 3013 3084 3541 3552 3371 3561 3375 
3348 3343 9999 1405 1177 733 1186 443 699 822 440 1143 251 219 635 1241 1076 1167 365 652 1217 1328 328 209 710 513 56 
1952 1943 1405 9999 1824 786 1977 1104 1447 1295 1630 512 1337 1602 800 592 778 238 1341 1268 1329 1446 1601 1614 1491 1636 1440 
3632 3601 1177 1824 9999 1109 199 950 505 546 795 1322 945 1295 1456 1293 1064 1643 835 648 602 576 916 1194 480 708 1222 
2723 2708 733 786 1109 9999 1234 335 673 563 856 413 588 952 438 508 378 566 567 494 773 908 845 928 716 854 782 
3813 3784 1186 1977 199 1234 9999 1030 580 683 767 1484 976 1273 1544 1466 1233 1785 875 749 798 775 892 1167 544 683 1225 
3051 3038 443 1104 950 335 1030 9999 451 460 526 743 255 659 514 822 639 873 237 308 816 940 510 616 487 535 498 
3348 3327 699 1447 505 673 580 451 9999 222 416 988 454 853 964 1008 774 1237 339 179 600 680 507 763 45 349 749 
3162 3138 822 1295 546 563 683 460 222 9999 622 810 572 1005 932 811 575 1102 462 170 404 507 696 927 259 564 877 
3577 3563 440 1630 795 856 767 526 416 622 9999 1248 312 506 964 1305 1090 1398 290 491 1015 1095 125 402 400 87 470 
2361 2340 1143 512 1322 413 1484 743 988 810 1248 9999 997 1360 704 141 266 392 964 817 818 938 1250 1340 1032 1234 1190 
3289 3278 251 1337 945 588 976 255 454 572 312 997 9999 440 652 1076 886 1101 115 402 970 1079 264 377 469 353 305 
3535 3533 219 1602 1295 952 1273 659 853 1005 506 1360 440 9999 813 1459 1295 1365 543 838 1407 1511 382 106 854 592 170 
2721 2720 635 800 1456 438 1544 514 964 932 964 704 652 813 9999 839 789 570 709 808 1205 1338 897 841 1000 1001 660 
2353 2327 1241 592 1293 508 1466 822 1008 811 1305 141 1076 1459 839 9999 237 514 1030 847 750 860 1319 1432 1051 1282 1290 
2589 2564 1076 778 1064 378 1233 639 774 575 1090 266 886 1295 789 237 9999 640 826 618 554 677 1115 1255 817 1061 1129 
2189 2181 1167 238 1643 566 1785 873 1237 1102 1398 392 1101 1365 570 514 640 9999 1109 1057 1191 1317 1365 1376 1281 1407 1202 
3287 3274 365 1341 835 567 875 237 339 462 290 964 115 543 709 1030 826 1109 9999 295 864 969 290 470 357 301 418 
3177 3157 652 1268 648 494 749 308 179 170 491 817 402 838 808 847 618 1057 295 9999 569 677 548 763 223 449 707 
3046 3013 1217 1329 602 773 798 816 600 404 1015 818 970 1407 1205 750 554 1191 864 569 9999 134 1097 1331 622 948 1273 
3121 3084 1328 1446 576 908 775 940 680 507 1095 938 1079 1511 1338 860 677 1317 969 677 134 9999 1186 1430 696 1023 1383 
3552 3541 328 1601 916 845 892 510 507 696 125 1250 264 382 897 1319 1115 1365 290 548 1097 1186 9999 278 499 210 352 
3557 3552 209 1614 1194 928 1167 616 763 927 402 1340 377 106 841 1432 1255 1376 470 763 1331 1430 278 9999 762 488 182 
3393 3371 710 1491 480 716 544 487 45 259 400 1032 469 854 1000 1051 817 1281 357 223 622 696 499 762 9999 327 759 
3577 3561 513 1636 708 854 683 535 349 564 87 1234 353 592 1001 1282 1061 1407 301 449 948 1023 210 488 327 9999 547 
3379 3375 56 1440 1222 782 1225 498 749 877 470 1190 305 170 660 1290 1129 1202 418 707 1273 1383 352 182 759 547 9999 
