NAME: ds_702_courier_1103
TYPE: TSP
COMMENT: nil
DIMENSION: 20
EDGE_WEIGHT_TYPE: EXPLICIT
EDGE_WEIGHT_FORMAT: FULL_MATRIX
EDGE_WEIGHT_SECTION
9999 1866 2036 2157 2177 2313 3113 2945 3580 3398 2437 121 758 740 659 469 435 455 291 4293 
1866 9999 509 854 364 1121 1357 1254 1901 1988 1436 1912 2461 2329 2142 2168 1773 1600 1614 4903 
2036 509 9999 349 351 614 1591 1553 2159 2371 935 2107 2714 2608 2433 2410 2046 1869 1829 4538 
2157 854 349 9999 667 267 1859 1849 2426 2687 586 2242 2874 2787 2622 2567 2231 2057 1986 4260 
2177 364 351 667 9999 915 1244 1202 1812 2024 1243 2233 2803 2678 2493 2506 2118 1943 1940 4889 
2313 1121 614 267 915 9999 2059 2068 2620 2919 328 2406 3047 2972 2814 2741 2425 2254 2165 4081 
3113 1357 1591 1859 1244 2059 9999 229 569 970 2371 3132 3575 3410 3217 3318 2908 2756 2833 6118 
2945 1254 1553 1849 1202 2068 229 9999 652 869 2389 2958 3381 3213 3020 3130 2722 2573 2661 6092 
3580 1901 2159 2426 1812 2620 569 652 9999 682 2928 3587 3978 3803 3612 3740 3335 3194 3293 6686 
3398 1988 2371 2687 2024 2919 970 869 682 9999 3244 3382 3678 3493 3310 3477 3088 2972 3108 6888 
2437 1436 935 586 1243 328 2371 2389 2928 3244 9999 2539 3188 3129 2983 2884 2598 2434 2322 3799 
121 1912 2107 2242 2233 2406 3132 2958 3587 3382 2539 9999 650 621 538 353 350 413 301 4401 
758 2461 2714 2874 2803 3047 3575 3381 3978 3678 3188 650 9999 192 369 307 688 861 889 4792 
740 2329 2608 2787 2678 2972 3410 3213 3803 3493 3129 621 192 9999 194 275 563 740 808 4898 
659 2142 2433 2622 2493 2814 3217 3020 3612 3310 2983 538 369 194 9999 264 390 565 663 4904 
469 2168 2410 2567 2506 2741 3318 3130 3740 3477 2884 353 307 275 264 9999 410 573 582 4650 
435 1773 2046 2231 2118 2425 2908 2722 3335 3088 2598 350 688 563 390 410 9999 177 300 4721 
455 1600 1869 2057 1943 2254 2756 2573 3194 2972 2434 413 861 740 565 573 177 9999 209 4677 
291 1614 1829 1986 1940 2165 2833 2661 3293 3108 2322 301 889 808 663 582 300 209 9999 4468 
4293 4903 4538 4260 4889 4081 6118 6092 6686 6888 3799 4401 4792 4898 4904 4650 4721 4677 4468 9999 
