NAME: ds_531_courier_4322
TYPE: TSP
COMMENT: nil
DIMENSION: 6
EDGE_WEIGHT_TYPE: EXPLICIT
EDGE_WEIGHT_FORMAT: FULL_MATRIX
EDGE_WEIGHT_SECTION
9999 1321 1304 1362 54 1431 
1321 9999 50 41 1373 133 
1304 50 9999 70 1356 130 
1362 41 70 9999 1414 97 
54 1373 1356 1414 9999 1484 
1431 133 130 97 1484 9999 
