NAME: ds_603_courier_3458
TYPE: TSP
COMMENT: nil
DIMENSION: 11
EDGE_WEIGHT_TYPE: EXPLICIT
EDGE_WEIGHT_FORMAT: FULL_MATRIX
EDGE_WEIGHT_SECTION
9999 6046 6068 5090 3263 2354 1642 1659 2192 10402 1513 
6046 9999 58 961 2786 3707 4682 4641 3905 14278 4729 
6068 58 9999 979 2807 3732 4714 4672 3932 14260 4759 
5090 961 979 9999 1828 2760 3764 3722 2967 13497 3802 
3263 2786 2807 1828 9999 961 2034 1987 1196 12212 2040 
2354 3707 3732 2760 961 9999 1092 1044 255 11849 1083 
1642 4682 4714 3764 2034 1092 9999 48 842 11817 161 
1659 4641 4672 3722 1987 1044 48 9999 794 11810 155 
2192 3905 3932 2967 1196 255 842 794 9999 11877 845 
10402 14278 14260 13497 12212 11849 11817 11810 11877 9999 11658 
1513 4729 4759 3802 2040 1083 161 155 845 11658 9999 
