NAME: ds_916_courier_1520
TYPE: TSP
COMMENT: nil
DIMENSION: 23
EDGE_WEIGHT_TYPE: EXPLICIT
EDGE_WEIGHT_FORMAT: FULL_MATRIX
EDGE_WEIGHT_SECTION
9999 92 735 1719 283 969 192 1072 1427 1352 571 1302 1708 1151 639 328 494 627 300 953 532 1531 603 
92 9999 673 1790 269 1038 250 1142 1496 1443 662 1373 1772 1243 713 405 539 620 347 1033 603 1611 608 
735 673 9999 2451 498 1704 921 1805 2160 1999 1166 2034 2442 1756 1023 842 728 433 1020 1676 1266 2249 516 
1719 1790 2451 9999 1965 753 1541 648 298 869 1412 417 220 1093 1715 1679 1910 2230 1455 790 1187 339 2162 
283 269 498 1965 9999 1226 473 1324 1678 1507 677 1549 1969 1274 601 356 346 351 582 1183 791 1752 343 
969 1038 1704 753 1226 9999 788 108 458 763 770 341 744 784 1089 974 1222 1516 702 208 437 631 1457 
192 250 921 1541 473 788 9999 893 1246 1241 538 1125 1522 1068 700 406 628 811 110 793 355 1370 778 
1072 1142 1805 648 1324 108 893 9999 355 713 835 233 651 771 1154 1060 1304 1606 808 219 540 528 1545 
1427 1496 2160 298 1678 458 1246 355 9999 770 1157 137 316 937 1469 1406 1644 1955 1159 523 894 328 1890 
1352 1443 1999 869 1507 763 1241 713 770 9999 833 682 1036 278 1050 1157 1318 1666 1211 576 949 530 1582 
571 662 1166 1412 677 770 538 835 1157 833 9999 1020 1471 598 319 324 508 848 574 635 483 1145 770 
1302 1373 2034 417 1549 341 1125 233 137 682 1020 9999 452 822 1333 1271 1508 1821 1042 386 771 332 1756 
1708 1772 2442 220 1969 744 1522 651 316 1036 1471 452 9999 1233 1785 1711 1953 2257 1428 836 1179 519 2196 
1151 1243 1756 1093 1274 784 1068 771 937 278 598 822 1233 9999 780 919 1057 1405 1060 576 832 762 1320 
639 713 1023 1715 601 1089 700 1154 1469 1050 319 1333 1785 780 9999 311 295 634 774 950 771 1432 546 
328 405 842 1679 356 974 406 1060 1406 1157 324 1271 1711 919 311 9999 254 551 495 889 577 1439 485 
494 539 728 1910 346 1222 628 1304 1644 1318 508 1508 1953 1057 295 254 9999 348 729 1123 831 1653 265 
627 620 433 2230 351 1516 811 1606 1955 1666 848 1821 2257 1405 634 551 348 9999 921 1440 1096 1987 89 
300 347 1020 1455 582 702 110 808 1159 1211 574 1042 1428 1060 774 495 729 921 9999 729 283 1301 887 
953 1033 1676 790 1183 208 793 219 523 576 635 386 836 576 950 889 1123 1440 729 9999 445 578 1373 
532 603 1266 1187 791 437 355 540 894 949 483 771 1179 832 771 577 831 1096 283 445 9999 1019 1044 
1531 1611 2249 339 1752 631 1370 528 328 530 1145 332 519 762 1432 1439 1653 1987 1301 578 1019 9999 1913 
603 608 516 2162 343 1457 778 1545 1890 1582 770 1756 2196 1320 546 485 265 89 887 1373 1044 1913 9999 
