NAME: ds_908_courier_75
TYPE: TSP
COMMENT: nil
DIMENSION: 17
EDGE_WEIGHT_TYPE: EXPLICIT
EDGE_WEIGHT_FORMAT: FULL_MATRIX
EDGE_WEIGHT_SECTION
9999 2439 2415 2005 2253 2463 1902 2006 1548 1517 1506 1331 1006 1196 3954 210 473 
2439 9999 156 632 352 87 1391 1075 1769 1766 1790 1961 1435 2101 3070 2272 1996 
2415 156 9999 724 473 86 1497 1187 1849 1843 1867 2026 1409 2157 3224 2258 1985 
2005 632 724 9999 302 706 777 480 1137 1135 1159 1338 1064 1488 2708 1815 1536 
2253 352 473 302 9999 434 1040 723 1432 1431 1456 1639 1276 1789 2795 2071 1791 
2463 87 86 706 434 9999 1471 1156 1840 1836 1861 2027 1458 2163 3153 2301 2027 
1902 1391 1497 777 1040 1471 9999 323 497 513 538 770 1265 959 2193 1693 1454 
2006 1075 1187 480 723 1156 323 9999 779 788 814 1032 1222 1211 2304 1800 1537 
1548 1769 1849 1137 1432 1840 497 779 9999 32 46 279 1173 471 2414 1342 1151 
1517 1766 1843 1135 1431 1836 513 788 32 9999 26 259 1146 449 2446 1311 1119 
1506 1790 1867 1159 1456 1861 538 814 46 26 9999 235 1153 426 2454 1300 1113 
1331 1961 2026 1338 1639 2027 770 1032 279 259 235 9999 1140 191 2624 1133 981 
1006 1435 1409 1064 1276 1458 1265 1222 1173 1146 1153 1140 9999 1153 3458 853 592 
1196 2101 2157 1488 1789 2163 959 1211 471 449 426 191 1153 9999 2778 1007 894 
3954 3070 3224 2708 2795 3153 2193 2304 2414 2446 2454 2624 3458 2778 9999 3752 3564 
210 2272 2258 1815 2071 2301 1693 1800 1342 1311 1300 1133 853 1007 3752 9999 280 
473 1996 1985 1536 1791 2027 1454 1537 1151 1119 1113 981 592 894 3564 280 9999 
