NAME: ds_807_courier_75
TYPE: TSP
COMMENT: nil
DIMENSION: 40
EDGE_WEIGHT_TYPE: EXPLICIT
EDGE_WEIGHT_FORMAT: FULL_MATRIX
EDGE_WEIGHT_SECTION
9999 2336 2136 2457 2389 2093 2438 2167 2203 1624 1699 1306 1579 1513 1881 1970 1955 1267 1840 1862 1509 1532 1468 1562 1368 1598 1547 1527 1159 759 977 1025 1019 1141 1228 1148 1486 120 317 398 
2336 9999 608 764 1345 902 1093 696 616 1570 1602 1473 1011 1470 960 813 902 1969 2540 2224 2065 1826 1712 1753 2600 2603 2856 2854 2813 2017 2257 2317 2466 2169 1634 2010 2219 2275 2321 2101 
2136 608 9999 349 761 294 552 99 70 1018 1036 1018 582 950 392 236 317 1479 1977 1646 1530 1286 1187 1208 2108 2075 2354 2356 2378 1646 1825 1876 2032 1703 1178 1545 1691 2050 2041 1823 
2457 764 349 9999 632 406 352 292 280 1176 1170 1267 881 1151 608 490 524 1681 2080 1731 1684 1445 1369 1365 2292 2224 2524 2529 2600 1919 2060 2104 2261 1918 1417 1764 1849 2366 2342 2128 
2389 1345 761 632 9999 502 285 663 734 826 779 1085 922 891 623 662 600 1342 1561 1204 1260 1052 1027 979 1882 1759 2082 2091 2247 1718 1760 1785 1936 1583 1189 1452 1417 2281 2200 2011 
2093 902 294 406 502 9999 375 213 299 780 783 865 521 746 213 167 140 1277 1714 1374 1292 1050 967 971 1893 1836 2129 2133 2195 1521 1655 1698 1855 1513 1013 1359 1456 1997 1958 1748 
2438 1093 552 352 285 375 9999 454 507 980 952 1164 886 1001 569 537 510 1503 1807 1451 1460 1233 1183 1156 2081 1982 2297 2304 2423 1820 1908 1942 2097 1746 1294 1602 1622 2337 2281 2079 
2167 696 99 292 663 213 454 9999 86 972 983 1006 595 919 356 212 273 1451 1920 1584 1486 1243 1151 1164 2076 2031 2317 2320 2359 1648 1811 1859 2015 1681 1163 1524 1649 2078 2059 1843 
2203 616 70 280 734 299 507 86 9999 1053 1065 1071 644 993 431 280 350 1525 2004 1668 1566 1323 1228 1244 2152 2112 2395 2397 2428 1706 1878 1927 2083 1752 1230 1594 1728 2117 2106 1888 
1624 1570 1018 1176 826 780 980 972 1053 9999 82 365 614 163 627 783 703 524 970 668 514 271 204 191 1117 1059 1350 1354 1444 907 936 965 1119 766 397 628 677 1509 1401 1231 
1699 1602 1036 1170 779 783 952 983 1065 82 9999 447 670 242 648 803 719 563 942 623 515 281 252 204 1131 1055 1356 1361 1475 974 981 1006 1157 805 473 675 679 1583 1470 1304 
1306 1473 1018 1267 1085 865 1164 1006 1071 365 447 9999 464 217 659 794 743 501 1159 931 651 460 330 423 1127 1152 1385 1383 1362 658 808 860 1015 698 163 539 781 1196 1120 926 
1579 1011 582 881 922 521 886 595 644 614 670 464 9999 480 317 392 381 959 1563 1280 1069 840 717 774 1589 1598 1845 1843 1820 1066 1263 1319 1472 1162 626 1002 1217 1486 1464 1248 
1513 1470 950 1151 891 746 1001 919 993 163 242 217 480 9999 563 715 646 533 1083 806 595 360 243 294 1158 1135 1404 1406 1448 829 913 953 1110 766 298 613 750 1400 1310 1126 
1881 960 392 608 623 213 569 356 431 627 648 659 317 563 9999 156 85 1096 1589 1265 1138 895 797 817 1721 1683 1964 1966 2004 1312 1458 1505 1662 1325 812 1168 1299 1784 1744 1535 
1970 813 236 490 662 167 537 212 280 783 803 794 392 715 156 9999 90 1246 1744 1418 1293 1050 951 973 1873 1839 2118 2120 2149 1437 1600 1648 1805 1472 952 1315 1455 1878 1853 1639 
1955 902 317 524 600 140 510 273 350 703 719 743 381 646 85 90 9999 1179 1660 1331 1216 972 878 894 1803 1761 2045 2047 2089 1395 1543 1589 1746 1409 897 1253 1378 1859 1824 1613 
1267 1969 1479 1681 1342 1277 1503 1451 1525 524 563 501 959 533 1096 1246 1179 9999 720 612 253 304 320 366 632 657 886 885 922 508 421 443 595 243 348 126 312 1147 992 875 
1840 2540 1977 2080 1561 1714 1807 1920 2004 970 942 1159 1563 1083 1589 1744 1660 720 9999 357 509 723 850 791 563 313 619 637 982 1139 864 817 864 719 1036 783 409 1725 1529 1487 
1862 2224 1646 1731 1204 1374 1451 1584 1668 668 623 931 1280 806 1265 1418 1331 612 357 9999 359 471 602 517 786 592 923 937 1208 1111 919 897 996 730 844 719 393 1742 1569 1477 
1509 2065 1530 1684 1260 1292 1460 1486 1566 514 515 651 1069 595 1138 1293 1216 253 509 359 9999 243 353 322 623 546 841 847 998 754 597 591 720 400 530 362 165 1389 1223 1121 
1532 1826 1286 1445 1052 1050 1233 1243 1323 271 281 460 840 360 895 1050 972 304 723 471 243 9999 132 80 851 789 1080 1084 1196 778 723 740 887 537 384 426 406 1413 1274 1134 
1468 1712 1187 1369 1027 967 1183 1151 1228 204 252 330 717 243 797 951 878 320 850 602 353 132 9999 103 926 892 1167 1169 1242 729 733 761 915 563 272 425 508 1350 1227 1071 
1562 1753 1208 1365 979 971 1156 1164 1244 191 204 423 774 294 817 973 894 366 791 517 322 80 103 9999 930 868 1159 1164 1271 815 787 807 957 605 375 484 486 1443 1313 1164 
1368 2600 2108 2292 1882 1893 2081 2076 2152 1117 1131 1127 1589 1158 1721 1873 1803 632 563 786 623 851 926 930 9999 257 262 257 426 789 456 386 349 443 967 596 465 1261 1051 1068 
1598 2603 2075 2224 1759 1836 1982 2031 2112 1059 1055 1152 1598 1135 1683 1839 1761 657 313 592 546 789 892 868 257 9999 331 345 669 957 641 581 588 552 1004 670 385 1488 1282 1273 
1547 2856 2354 2524 2082 2129 2297 2317 2395 1350 1356 1385 1845 1404 1964 2118 2045 886 619 923 841 1080 1167 1159 262 331 9999 24 446 1034 702 631 552 705 1226 857 677 1449 1235 1284 
1527 2854 2356 2529 2091 2133 2304 2320 2397 1354 1361 1383 1843 1406 1966 2120 2047 885 637 937 847 1084 1169 1164 257 345 24 9999 422 1022 690 619 536 699 1223 852 683 1429 1215 1267 
1159 2813 2378 2600 2247 2195 2423 2359 2428 1444 1475 1362 1820 1448 2004 2149 2089 922 982 1208 998 1196 1242 1271 426 669 446 422 9999 829 557 502 348 682 1200 836 857 1075 864 968 
759 2017 1646 1919 1718 1521 1820 1648 1706 907 974 658 1066 829 1312 1437 1395 508 1139 1111 754 778 729 815 789 957 1034 1022 829 9999 333 404 507 421 530 392 752 639 498 367 
977 2257 1825 2060 1760 1655 1908 1811 1878 936 981 808 1263 913 1458 1600 1543 421 864 919 597 723 733 787 456 641 702 690 557 333 9999 71 209 196 648 308 528 861 667 632 
1025 2317 1876 2104 1785 1698 1942 1859 1927 965 1006 860 1319 953 1505 1648 1589 443 817 897 591 740 761 807 386 581 631 619 502 404 71 9999 157 203 698 341 504 912 712 693 
1019 2466 2032 2261 1936 1855 2097 2015 2083 1119 1157 1015 1472 1110 1662 1805 1746 595 864 996 720 887 915 957 349 588 552 536 348 507 209 157 9999 353 854 497 610 913 702 732 
1141 2169 1703 1918 1583 1513 1746 1681 1752 766 805 698 1162 766 1325 1472 1409 243 719 730 400 537 563 605 443 552 705 699 682 421 196 203 353 9999 536 160 346 1022 841 772 
1228 1634 1178 1417 1189 1013 1294 1163 1230 397 473 163 626 298 812 952 897 348 1036 844 530 384 272 375 967 1004 1226 1223 1200 530 648 698 854 536 9999 376 644 1113 1014 836 
1148 2010 1545 1764 1452 1359 1602 1524 1594 628 675 539 1002 613 1168 1315 1253 126 783 719 362 426 425 484 596 670 857 852 836 392 308 341 497 160 376 9999 378 1028 868 759 
1486 2219 1691 1849 1417 1456 1622 1649 1728 677 679 781 1217 750 1299 1455 1378 312 409 393 165 406 508 486 465 385 677 683 857 752 528 504 610 346 644 378 9999 1368 1186 1112 
120 2275 2050 2366 2281 1997 2337 2078 2117 1509 1583 1196 1486 1400 1784 1878 1859 1147 1725 1742 1389 1413 1350 1443 1261 1488 1449 1429 1075 639 861 912 913 1022 1113 1028 1368 9999 214 279 
317 2321 2041 2342 2200 1958 2281 2059 2106 1401 1470 1120 1464 1310 1744 1853 1824 992 1529 1569 1223 1274 1227 1313 1051 1282 1235 1215 864 498 667 712 702 841 1014 868 1186 214 9999 221 
398 2101 1823 2128 2011 1748 2079 1843 1888 1231 1304 926 1248 1126 1535 1639 1613 875 1487 1477 1121 1134 1071 1164 1068 1273 1284 1267 968 367 632 693 732 772 836 759 1112 279 221 9999 
