NAME: ds_611_courier_1656
TYPE: TSP
COMMENT: nil
DIMENSION: 12
EDGE_WEIGHT_TYPE: EXPLICIT
EDGE_WEIGHT_FORMAT: FULL_MATRIX
EDGE_WEIGHT_SECTION
9999 4156 3049 4185 3911 4099 4060 3971 3168 2875 3011 5415 
4156 9999 1202 362 260 168 418 227 1003 3022 3001 7807 
3049 1202 9999 1147 1012 1101 1296 985 289 1990 2005 6705 
4185 362 1147 9999 516 217 774 306 1027 2795 2761 7585 
3911 260 1012 516 9999 305 343 223 781 2913 2903 7681 
4099 168 1101 217 305 9999 561 130 932 2872 2847 7660 
4060 418 1296 774 343 561 9999 536 1035 3238 3232 7994 
3971 227 985 306 223 130 536 9999 805 2798 2779 7582 
3168 1003 289 1027 781 932 1035 805 9999 2279 2293 6983 
2875 3022 1990 2795 2913 2872 3238 2798 2279 9999 138 4790 
3011 3001 2005 2761 2903 2847 3232 2779 2293 138 9999 4827 
5415 7807 6705 7585 7681 7660 7994 7582 6983 4790 4827 9999 
