NAME: ds_702_courier_435
TYPE: TSP
COMMENT: nil
DIMENSION: 15
EDGE_WEIGHT_TYPE: EXPLICIT
EDGE_WEIGHT_FORMAT: FULL_MATRIX
EDGE_WEIGHT_SECTION
9999 1019 1120 1357 667 1123 438 530 1266 1034 981 279 1358 1124 985 
1019 9999 103 394 1249 286 658 1014 266 172 42 977 1801 1681 36 
1120 103 9999 335 1347 300 750 1113 193 218 145 1080 1885 1772 139 
1357 394 335 9999 1440 252 1039 1225 146 322 418 1257 1877 1810 416 
667 1249 1347 1440 9999 1191 964 238 1413 1167 1208 416 695 481 1214 
1123 286 300 252 1191 9999 843 974 241 125 282 1008 1656 1574 285 
438 658 750 1039 964 843 9999 750 923 729 627 559 1646 1445 629 
530 1014 1113 1225 238 974 750 9999 1188 940 973 251 895 707 979 
1266 266 193 146 1413 241 923 1188 9999 249 296 1192 1897 1809 294 
1034 172 218 322 1167 125 729 940 249 9999 161 945 1677 1575 164 
981 42 145 418 1208 282 627 973 296 161 9999 935 1763 1641 6 
279 977 1080 1257 416 1008 559 251 1192 945 935 9999 1110 893 940 
1358 1801 1885 1877 695 1656 1646 895 1897 1677 1763 1110 9999 265 1769 
1124 1681 1772 1810 481 1574 1445 707 1809 1575 1641 893 265 9999 1647 
985 36 139 416 1214 285 629 979 294 164 6 940 1769 1647 9999 
