NAME: ds_804_courier_2925
TYPE: TSP
COMMENT: nil
DIMENSION: 27
EDGE_WEIGHT_TYPE: EXPLICIT
EDGE_WEIGHT_FORMAT: FULL_MATRIX
EDGE_WEIGHT_SECTION
9999 4670 4859 3141 4713 3611 3303 4364 4773 4160 2856 2341 4515 3598 3268 3296 4835 4768 4249 4110 4480 5437 4780 4901 4166 5257 4902 
4670 9999 310 1817 45 1059 1400 310 166 512 2076 2556 274 1084 1430 1466 803 733 910 787 682 1562 1063 1045 1037 1117 1084 
4859 310 9999 2096 280 1267 1639 529 144 722 2345 2810 584 1318 1666 1725 1051 993 1220 1091 984 1749 1327 1290 1347 1291 1331 
3141 1817 2096 9999 1860 981 600 1573 1968 1405 291 819 1581 861 603 435 1731 1675 1142 1077 1405 2296 1644 1768 1041 2132 1766 
4713 45 280 1860 9999 1103 1444 352 136 555 2119 2600 308 1128 1475 1510 807 740 941 825 706 1555 1072 1049 1069 1106 1089 
3611 1059 1267 981 1103 9999 406 755 1169 551 1164 1571 926 141 423 548 1405 1321 953 695 1042 2182 1493 1569 969 1845 1591 
3303 1400 1639 600 1444 406 9999 1112 1528 918 759 1174 1217 322 39 176 1572 1496 1023 826 1204 2285 1588 1688 985 2011 1701 
4364 310 529 1573 352 755 1112 9999 417 204 1817 2281 308 792 1141 1195 937 854 835 634 692 1739 1150 1167 944 1319 1201 
4773 166 144 1968 136 1169 1528 417 9999 618 2221 2693 441 1208 1557 1605 929 866 1076 950 842 1654 1199 1170 1203 1200 1210 
4160 512 722 1405 555 551 918 204 618 9999 1639 2090 443 596 944 1012 1042 956 815 572 741 1851 1219 1256 903 1452 1287 
2856 2076 2345 291 2119 1164 759 1817 2221 1639 9999 527 1850 1063 748 629 2022 1965 1432 1356 1693 2581 1934 2058 1332 2423 2056 
2341 2556 2810 819 2600 1571 1174 2281 2693 2090 527 9999 2345 1496 1151 1090 2548 2490 1958 1868 2214 3101 2461 2585 1859 2950 2583 
4515 274 584 1581 308 926 1217 308 441 443 1850 2345 9999 919 1251 1259 630 548 636 523 424 1432 853 862 763 1016 898 
3598 1084 1318 861 1128 141 322 792 1208 596 1063 1496 919 9999 349 436 1345 1263 856 611 976 2104 1408 1493 858 1786 1512 
3268 1430 1666 603 1475 423 39 1141 1557 944 748 1151 1251 349 9999 192 1610 1534 1061 864 1242 2324 1626 1727 1023 2049 1739 
3296 1466 1725 435 1510 548 176 1195 1605 1012 629 1090 1259 436 192 9999 1546 1475 972 814 1185 2222 1530 1639 913 1977 1647 
4835 803 1051 1731 807 1405 1572 937 929 1042 2022 2548 630 1345 1610 1546 9999 87 591 746 370 808 287 242 694 442 281 
4768 733 993 1675 740 1321 1496 854 866 956 1965 2490 548 1263 1534 1475 87 9999 533 670 292 895 334 316 645 524 353 
4249 910 1220 1142 941 953 1023 835 1076 815 1432 1958 636 856 1061 972 591 533 9999 270 284 1263 565 668 132 1009 678 
4110 787 1091 1077 825 695 826 634 950 572 1356 1868 523 611 864 814 746 670 270 9999 377 1493 799 882 334 1187 901 
4480 682 984 1405 706 1042 1204 692 842 741 1693 2214 424 976 1242 1185 370 292 284 377 9999 1145 479 533 414 812 559 
5437 1562 1749 2296 1555 2182 2285 1739 1654 1851 2581 3101 1432 2104 2324 2222 808 895 1263 1493 1145 9999 698 613 1309 459 592 
4780 1063 1327 1644 1072 1493 1588 1150 1199 1219 1934 2461 853 1408 1626 1530 287 334 565 799 479 698 9999 131 620 503 122 
4901 1045 1290 1768 1049 1569 1688 1167 1170 1256 2058 2585 862 1493 1727 1639 242 316 668 882 533 613 131 9999 736 372 41 
4166 1037 1347 1041 1069 969 985 944 1203 903 1332 1859 763 858 1023 913 694 645 132 334 414 1309 620 736 9999 1093 740 
5257 1117 1291 2132 1106 1845 2011 1319 1200 1452 2423 2950 1016 1786 2049 1977 442 524 1009 1187 812 459 503 372 1093 9999 385 
4902 1084 1331 1766 1089 1591 1701 1201 1210 1287 2056 2583 898 1512 1739 1647 281 353 678 901 559 592 122 41 740 385 9999 
