NAME: ds_611_courier_435
TYPE: TSP
COMMENT: nil
DIMENSION: 20
EDGE_WEIGHT_TYPE: EXPLICIT
EDGE_WEIGHT_FORMAT: FULL_MATRIX
EDGE_WEIGHT_SECTION
9999 1187 1075 347 1985 1311 1832 364 328 959 648 298 906 1186 1047 1017 985 921 991 3001 
1187 9999 130 1040 851 741 674 824 859 784 815 1107 1157 1123 823 904 712 1022 1076 2805 
1075 130 9999 913 981 797 803 711 748 778 685 982 1033 1016 714 791 599 900 957 2739 
347 1040 913 9999 1884 1363 1712 321 319 1065 329 76 565 838 716 677 670 574 644 2662 
1985 851 981 1884 9999 931 191 1636 1666 1252 1665 1948 1981 1884 1605 1697 1512 1839 1882 3301 
1311 741 797 1363 931 9999 879 1047 1059 379 1302 1402 1713 1776 1478 1539 1357 1607 1677 3536 
1832 674 803 1712 191 879 9999 1476 1508 1161 1483 1778 1792 1693 1414 1506 1322 1649 1691 3134 
364 824 711 321 1636 1047 1476 9999 40 745 421 355 803 1010 799 798 710 759 837 2870 
328 859 748 319 1666 1059 1508 40 9999 747 450 345 822 1037 833 829 745 784 862 2896 
959 784 778 1065 1252 379 1161 745 747 9999 1079 1091 1496 1621 1341 1383 1223 1413 1489 3451 
648 815 685 329 1665 1302 1483 421 450 1079 9999 404 417 589 400 382 342 344 422 2450 
298 1107 982 76 1948 1402 1778 355 345 1091 404 9999 608 895 787 743 744 631 698 2703 
906 1157 1033 565 1981 1713 1792 803 822 1496 417 608 9999 323 411 317 475 147 145 2097 
1186 1123 1016 838 1884 1776 1693 1010 1037 1621 589 895 323 9999 302 239 421 265 198 1862 
1047 823 714 716 1605 1478 1414 799 833 1341 400 787 411 302 9999 95 121 265 284 2115 
1017 904 791 677 1697 1539 1506 798 829 1383 382 743 317 239 95 9999 193 174 189 2087 
985 712 599 670 1512 1357 1322 710 745 1223 342 744 475 421 121 193 9999 329 370 2231 
921 1022 900 574 1839 1607 1649 759 784 1413 344 631 147 265 265 174 329 9999 78 2113 
991 1076 957 644 1882 1677 1691 837 862 1489 422 698 145 198 284 189 370 78 9999 2035 
3001 2805 2739 2662 3301 3536 3134 2870 2896 3451 2450 2703 2097 1862 2115 2087 2231 2113 2035 9999 
