NAME: ds_707_courier_2688
TYPE: TSP
COMMENT: nil
DIMENSION: 39
EDGE_WEIGHT_TYPE: EXPLICIT
EDGE_WEIGHT_FORMAT: FULL_MATRIX
EDGE_WEIGHT_SECTION
9999 6058 6324 4551 4566 4536 4387 4256 4274 4097 4304 2845 2968 3121 3103 4884 4900 4538 5263 4538 4808 4768 5180 4010 4092 4952 2917 2607 3231 3866 2834 3021 3405 2844 2890 3228 3267 4005 3281 
6058 9999 269 1509 1501 1529 1672 1802 1808 1963 1759 3460 3385 3321 3353 1545 1304 1586 882 1633 1304 1372 1017 2168 2107 1237 3147 3591 2935 2286 3294 3046 2677 3390 3258 3011 2859 2063 2976 
6324 269 9999 1776 1769 1792 1937 2068 2077 2230 2027 3727 3651 3585 3617 1749 1537 1837 1119 1877 1555 1618 1245 2416 2353 1472 3411 3846 3189 2538 3552 3310 2938 3643 3516 3261 3116 2326 3225 
4551 1509 1776 9999 75 197 202 310 336 454 253 2008 1953 1925 1958 997 685 459 818 584 469 522 814 869 854 680 1649 2146 1513 927 1831 1552 1203 1973 1808 1628 1415 595 1607 
4566 1501 1769 75 9999 271 261 353 316 472 262 1993 1933 1898 1932 1065 745 534 848 658 527 586 855 934 922 736 1673 2184 1557 985 1867 1578 1238 2016 1846 1677 1456 638 1658 
4536 1529 1792 197 271 9999 167 295 462 482 340 2080 2036 2023 2057 814 530 263 752 387 332 358 713 723 694 540 1620 2074 1426 804 1769 1518 1148 1886 1738 1524 1339 534 1498 
4387 1672 1937 202 261 167 9999 132 321 315 190 1913 1869 1859 1892 943 687 366 917 480 497 515 880 673 665 702 1475 1954 1315 726 1642 1375 1015 1776 1615 1427 1220 401 1406 
4256 1802 2068 310 353 295 132 9999 279 190 158 1790 1750 1745 1779 1023 796 447 1046 545 618 625 1005 618 626 818 1346 1836 1205 646 1521 1247 893 1664 1497 1325 1105 286 1307 
4274 1808 2077 336 316 462 321 279 9999 245 133 1677 1619 1589 1622 1264 991 688 1154 800 785 820 1147 878 897 997 1406 1957 1362 881 1631 1318 1013 1808 1620 1502 1248 488 1493 
4097 1963 2230 454 472 482 315 190 245 9999 212 1600 1560 1557 1590 1199 986 628 1231 717 808 815 1194 663 695 1008 1201 1727 1121 647 1404 1107 779 1571 1389 1258 1010 252 1248 
4304 1759 2027 253 262 340 190 158 133 212 9999 1761 1710 1689 1723 1133 870 556 1061 668 669 697 1042 774 784 879 1412 1934 1319 793 1614 1318 987 1774 1596 1449 1212 412 1435 
2845 3460 3727 2008 1993 2080 1913 1790 1677 1600 1761 9999 131 310 308 2738 2579 2207 2822 2270 2408 2411 2793 1919 2001 2606 1028 1526 1518 1784 1331 1085 1327 1604 1399 1673 1426 1653 1719 
2968 3385 3651 1953 1933 2036 1869 1750 1619 1560 1710 131 9999 180 182 2719 2544 2177 2770 2246 2366 2374 2748 1921 2001 2568 1097 1624 1572 1791 1413 1144 1354 1689 1478 1733 1473 1632 1776 
3121 3321 3585 1925 1898 2023 1859 1745 1589 1557 1689 310 180 9999 34 2738 2542 2182 2743 2260 2355 2370 2731 1973 2050 2561 1232 1784 1687 1850 1558 1269 1441 1837 1620 1854 1582 1656 1895 
3103 3353 3617 1958 1932 2057 1892 1779 1622 1590 1723 308 182 34 9999 2771 2575 2216 2776 2293 2389 2404 2765 2004 2081 2594 1252 1798 1712 1881 1576 1291 1469 1854 1638 1878 1607 1689 1919 
4884 1545 1749 997 1065 814 943 1023 1264 1199 1133 2738 2719 2738 2771 9999 366 579 704 482 566 485 554 891 806 417 2034 2289 1653 1042 2052 1927 1541 2060 1995 1667 1626 1087 1619 
4900 1304 1537 685 745 530 687 796 991 986 870 2579 2544 2542 2575 366 9999 379 422 363 220 173 295 903 830 68 1997 2347 1691 1040 2076 1890 1501 2132 2029 1742 1637 947 1702 
4538 1586 1837 459 534 263 366 447 688 628 556 2207 2177 2182 2216 579 379 9999 731 125 282 230 642 583 529 420 1627 2011 1353 701 1726 1520 1133 1806 1684 1425 1287 568 1391 
5263 882 1119 818 848 752 917 1046 1154 1231 1061 2822 2770 2743 2776 704 422 731 9999 759 455 504 150 1301 1235 355 2347 2740 2082 1429 2457 2242 1858 2531 2415 2146 2018 1264 2108 
4538 1633 1877 584 658 387 480 545 800 717 668 2270 2246 2260 2293 482 363 125 759 9999 342 262 651 543 476 418 1638 1987 1330 677 1713 1531 1141 1774 1666 1387 1274 618 1349 
4808 1304 1555 469 527 332 497 618 785 808 669 2408 2366 2355 2389 566 220 282 455 342 9999 96 388 864 806 213 1893 2293 1635 984 2005 1787 1404 2088 1964 1707 1566 813 1673 
4768 1372 1618 522 586 358 515 625 820 815 697 2411 2374 2370 2404 485 173 230 504 262 96 9999 412 799 735 196 1857 2236 1578 925 1954 1751 1364 2028 1911 1643 1515 790 1607 
5180 1017 1245 814 855 713 880 1005 1147 1194 1042 2793 2748 2731 2765 554 295 642 150 651 388 412 9999 1194 1123 233 2269 2638 1981 1328 2362 2163 1776 2424 2317 2035 1923 1198 1996 
4010 2168 2416 869 934 723 673 618 878 663 774 1919 1921 1973 2004 891 903 583 1301 543 864 799 1194 9999 87 961 1143 1444 789 150 1178 1035 653 1231 1128 845 743 418 808 
4092 2107 2353 854 922 694 665 626 897 695 784 2001 2001 2050 2081 806 830 529 1235 476 806 735 1123 87 9999 890 1229 1519 866 237 1259 1122 740 1302 1207 912 825 461 873 
4952 1237 1472 680 736 540 702 818 997 1008 879 2606 2568 2561 2594 417 68 420 355 418 213 196 233 961 890 9999 2044 2405 1748 1095 2130 1938 1549 2191 2085 1802 1691 985 1763 
2917 3147 3411 1649 1673 1620 1475 1346 1406 1201 1412 1028 1097 1232 1252 2034 1997 1627 2347 1638 1893 1857 2269 1143 1229 2044 9999 639 510 992 342 108 497 619 392 650 452 1087 699 
2607 3591 3846 2146 2184 2074 1954 1836 1957 1727 1934 1526 1624 1784 1798 2289 2347 2011 2740 1987 2293 2236 2638 1444 1519 2405 639 9999 658 1312 328 683 948 239 339 624 735 1553 674 
3231 2935 3189 1513 1557 1426 1315 1205 1362 1121 1319 1518 1572 1687 1712 1653 1691 1353 2082 1330 1635 1578 1981 789 866 1748 510 658 9999 653 400 434 374 461 342 178 130 919 209 
3866 2286 2538 927 985 804 726 646 881 647 793 1784 1791 1850 1881 1042 1040 701 1429 677 984 925 1328 150 237 1095 992 1312 653 9999 1036 885 503 1105 989 727 599 395 697 
2834 3294 3552 1831 1867 1769 1642 1521 1631 1404 1614 1331 1413 1558 1576 2052 2076 1726 2457 1713 2005 1954 2362 1178 1259 2130 342 328 400 1036 9999 363 628 279 79 449 439 1241 506 
3021 3046 3310 1552 1578 1518 1375 1247 1318 1107 1318 1085 1144 1269 1291 1927 1890 1520 2242 1531 1787 1751 2163 1035 1122 1938 108 683 434 885 363 9999 390 624 393 589 359 985 634 
3405 2677 2938 1203 1238 1148 1015 893 1013 779 987 1327 1354 1441 1469 1541 1501 1133 1858 1141 1404 1364 1776 653 740 1549 497 948 374 503 628 390 9999 798 609 543 247 616 556 
2844 3390 3643 1973 2016 1886 1776 1664 1808 1571 1774 1604 1689 1837 1854 2060 2132 1806 2531 1774 2088 2028 2424 1231 1302 2191 619 239 461 1105 279 624 798 9999 231 393 561 1378 441 
2890 3258 3516 1808 1846 1738 1615 1497 1620 1389 1596 1399 1478 1620 1638 1995 2029 1684 2415 1666 1964 1911 2317 1128 1207 2085 392 339 342 989 79 393 609 231 9999 374 399 1215 431 
3228 3011 3261 1628 1677 1524 1427 1325 1502 1258 1449 1673 1733 1854 1878 1667 1742 1425 2146 1387 1707 1643 2035 845 912 1802 650 624 178 727 449 589 543 393 374 9999 306 1041 57 
3267 2859 3116 1415 1456 1339 1220 1105 1248 1010 1212 1426 1473 1582 1607 1626 1637 1287 2018 1274 1566 1515 1923 743 825 1691 452 735 130 599 439 359 247 561 399 306 9999 820 330 
4005 2063 2326 595 638 534 401 286 488 252 412 1653 1632 1656 1689 1087 947 568 1264 618 813 790 1198 418 461 985 1087 1553 919 395 1241 985 616 1378 1215 1041 820 9999 1025 
3281 2976 3225 1607 1658 1498 1406 1307 1493 1248 1435 1719 1776 1895 1919 1619 1702 1391 2108 1349 1673 1607 1996 808 873 1763 699 674 209 697 506 634 556 441 431 57 330 1025 9999 
