,0,1,2,3,4,5,6,7
0,0.0,3124.8298027932947,3355.777001688458,3179.3157617847655,2659.3747566048505,3137.166247191403,3008.3388759464374,2967.9350741044304
1,3124.8298027932947,0.0,471.99540386586926,623.990192305066,769.7831666508835,324.14654589116304,700.5382890284715,356.73439677996834
2,3355.777001688458,471.99540386586926,0.0,289.64123187378544,1228.1975036181575,231.7434232290659,467.6958944103234,828.3545296681316
3,3179.3157617847655,623.990192305066,289.64123187378544,0.0,1294.620335297092,299.8449541618435,192.00113873305028,950.3545344561978
4,2659.3747566048505,769.7831666508835,1228.1975036181575,1294.620335297092,0.0,1028.3627759873002,1279.8966346027917,432.3316582217622
5,3137.166247191403,324.14654589116304,231.7434232290659,299.8449541618435,1028.3627759873002,0.0,396.9152853767681,657.9566739447922
6,3008.3388759464374,700.5382890284715,467.6958944103234,192.00113873305028,1279.8966346027917,396.9152853767681,0.0,985.4671119676592
7,2967.9350741044304,356.73439677996834,828.3545296681316,950.3545344561978,432.3316582217622,657.9566739447922,985.4671119676592,0.0
