,0,1,2,3,4,5,6,7,8
0,0.0,2109.0072406611257,2196.864553870363,1921.756686453166,2363.915296420199,2234.632290420556,1766.3743640919265,2193.8025109666983,2316.2567048288943
1,2109.0072406611257,0.0,192.23574083986767,222.35197263491855,332.3151812566059,800.3262730490707,412.95874344710256,316.2230386312758,210.23985747891305
2,2196.864553870363,192.23574083986767,0.0,278.1260711108008,171.01527442618337,979.8545193307356,437.6576087863889,136.7615812984328,246.11514584633667
3,1921.756686453166,222.35197263491855,278.1260711108008,0.0,448.7490901224768,929.7552593353164,190.61367721458376,320.10102901917145,425.4750202980745
4,2363.915296420199,332.3151812566059,171.01527442618337,448.7490901224768,0.0,1059.5655893522076,599.5468602672604,200.04475545964272,265.1096257320427
5,2234.632290420556,800.3262730490707,979.8545193307356,929.7552593353164,1059.5655893522076,0.0,1063.9648472219533,1113.2075701906779,796.7342578444682
6,1766.3743640919265,412.95874344710256,437.6576087863889,190.61367721458376,599.5468602672604,1063.9648472219533,0.0,429.66521535512885,614.2989107990833
7,2193.8025109666983,316.2230386312758,136.7615812984328,320.10102901917145,200.04475545964272,1113.2075701906779,429.66521535512885,0.0,375.71152500289634
8,2316.2567048288943,210.23985747891305,246.11514584633667,425.4750202980745,265.1096257320427,796.7342578444682,614.2989107990833,375.71152500289634,0.0
