NAME: ds_617_courier_1756
TYPE: TSP
COMMENT: nil
DIMENSION: 13
EDGE_WEIGHT_TYPE: EXPLICIT
EDGE_WEIGHT_FORMAT: FULL_MATRIX
EDGE_WEIGHT_SECTION
9999 2432 2467 2547 2085 2466 2211 2172 2350 2170 2521 2257 2305 
2432 9999 55 117 429 60 313 344 163 273 156 193 148 
2467 55 9999 83 481 7 367 398 153 299 181 214 166 
2547 117 83 9999 540 86 418 451 231 381 156 296 248 
2085 429 481 540 9999 484 130 92 461 321 457 361 384 
2466 60 7 86 484 9999 371 401 148 297 188 211 163 
2211 313 367 418 130 371 9999 39 377 284 327 294 302 
2172 344 398 451 92 401 39 9999 395 285 365 305 319 
2350 163 153 231 461 148 377 395 9999 188 318 108 77 
2170 273 299 381 321 297 284 285 188 9999 404 87 135 
2521 156 181 156 457 188 327 365 318 404 9999 335 296 
2257 193 214 296 361 211 294 305 108 87 335 9999 48 
2305 148 166 248 384 163 302 319 77 135 296 48 9999 
