NAME: ds_629_courier_2688
TYPE: TSP
COMMENT: nil
DIMENSION: 29
EDGE_WEIGHT_TYPE: EXPLICIT
EDGE_WEIGHT_FORMAT: FULL_MATRIX
EDGE_WEIGHT_SECTION
9999 5203 5310 4732 4871 5017 5461 4524 5476 4289 4080 3953 4194 4298 3277 2830 2953 3031 3483 2672 3288 3133 3254 3432 3117 5331 6008 3780 3944 
5203 9999 401 472 398 310 263 682 563 935 1153 1254 1031 935 1966 2399 2272 2199 1732 2531 1917 2081 1949 1781 2219 565 1152 1796 1330 
5310 401 9999 669 464 319 376 839 194 1160 1371 1428 1123 1018 2152 2562 2434 2369 1831 2651 2060 2238 2082 1882 2242 166 814 1717 1369 
4732 472 669 9999 228 353 730 210 863 493 708 789 566 475 1509 1936 1808 1737 1260 2060 1447 1615 1478 1309 1759 776 1482 1394 876 
4871 398 464 228 9999 148 615 375 654 702 909 965 677 574 1689 2103 1975 1908 1389 2204 1604 1780 1629 1440 1842 555 1268 1398 954 
5017 310 319 353 148 9999 489 521 512 842 1052 1112 823 719 1837 2251 2123 2056 1535 2352 1752 1928 1777 1586 1979 426 1129 1510 1093 
5461 263 376 730 615 489 9999 937 453 1198 1416 1516 1279 1179 2229 2662 2534 2462 1985 2790 2177 2343 2208 2035 2457 528 961 1998 1568 
4524 682 839 210 375 521 937 9999 1029 339 536 592 360 277 1316 1736 1608 1539 1051 1853 1243 1414 1272 1099 1553 923 1640 1220 675 
5476 563 194 863 654 512 453 1029 9999 1354 1563 1616 1300 1196 2338 2744 2616 2552 2003 2824 2240 2420 2259 2055 2391 159 619 1837 1531 
4289 935 1160 493 702 842 1198 339 1354 9999 218 345 387 394 1032 1470 1343 1269 878 1626 1004 1157 1045 919 1443 1256 1970 1270 663 
4080 1153 1371 708 909 1052 1416 536 1563 218 9999 183 441 495 816 1256 1130 1054 715 1423 802 947 847 749 1299 1459 2176 1228 624 
3953 1254 1428 789 965 1112 1516 592 1616 345 183 9999 374 459 724 1147 1019 948 540 1285 665 827 702 578 1119 1499 2218 1061 471 
4194 1031 1123 566 677 823 1279 360 1300 387 441 374 9999 105 1058 1446 1319 1257 712 1529 940 1122 959 763 1193 1170 1884 902 320 
4298 935 1018 475 574 719 1179 277 1196 394 495 459 105 9999 1158 1550 1422 1360 816 1634 1044 1226 1064 867 1286 1066 1781 951 401 
3277 1966 2152 1509 1689 1837 2229 1316 2338 1032 816 724 1058 1158 9999 447 328 247 526 674 245 195 298 493 920 2218 2936 1305 958 
2830 2399 2562 1936 2103 2251 2662 1736 2744 1470 1256 1147 1446 1550 447 9999 128 202 787 309 507 324 500 737 880 2615 3328 1459 1279 
2953 2272 2434 1808 1975 2123 2534 1608 2616 1343 1130 1019 1319 1422 328 128 9999 81 670 368 382 196 381 621 830 2488 3202 1369 1158 
3031 2199 2369 1737 1908 2056 2462 1539 2552 1269 1054 948 1257 1360 247 202 81 9999 630 445 332 144 342 583 851 2426 3141 1356 1111 
3483 1732 1831 1260 1389 1535 1985 1051 2003 878 715 540 712 816 526 787 670 630 9999 822 303 486 289 52 591 1865 2567 784 495 
2672 2531 2651 2060 2204 2352 2790 1853 2824 1626 1423 1285 1529 1634 674 309 368 445 822 9999 622 492 583 770 693 2686 3385 1351 1307 
3288 1917 2060 1447 1604 1752 2177 1243 2240 1004 802 665 940 1044 245 507 382 332 303 622 9999 188 64 262 692 2110 2821 1066 779 
3133 2081 2238 1615 1780 1928 2343 1414 2420 1157 947 827 1122 1226 195 324 196 144 486 492 188 9999 199 440 758 2292 3005 1222 967 
3254 1949 2082 1478 1629 1777 2208 1272 2259 1045 847 702 959 1064 298 500 381 342 289 583 64 199 9999 241 631 2127 2835 1029 778 
3432 1781 1882 1309 1440 1586 2035 1099 2055 919 749 578 763 867 493 737 621 583 52 770 262 440 241 9999 568 1917 2619 812 547 
3117 2219 2242 1759 1842 1979 2457 1553 2391 1443 1299 1119 1193 1286 920 880 830 851 591 693 692 758 631 568 9999 2240 2896 693 889 
5331 565 166 776 555 426 528 923 159 1256 1459 1499 1170 1066 2218 2615 2488 2426 1865 2686 2110 2292 2127 1917 2240 9999 719 1679 1387 
6008 1152 814 1482 1268 1129 961 1640 619 1970 2176 2218 1884 1781 2936 3328 3202 3141 2567 3385 2821 3005 2835 2619 2896 719 9999 2279 2079 
3780 1796 1717 1394 1398 1510 1998 1220 1837 1270 1228 1061 902 951 1305 1459 1369 1356 784 1351 1066 1222 1029 812 693 1679 2279 9999 610 
3944 1330 1369 876 954 1093 1568 675 1531 663 624 471 320 401 958 1279 1158 1111 495 1307 779 967 778 547 889 1387 2079 610 9999 
