NAME: ds_619_courier_3073
TYPE: TSP
COMMENT: nil
DIMENSION: 7
EDGE_WEIGHT_TYPE: EXPLICIT
EDGE_WEIGHT_FORMAT: FULL_MATRIX
EDGE_WEIGHT_SECTION
9999 1513 1411 1516 1460 946 1211 
1513 9999 112 255 267 662 391 
1411 112 9999 224 212 550 281 
1516 255 224 9999 57 588 306 
1460 267 212 57 9999 531 250 
946 662 550 588 531 9999 287 
1211 391 281 306 250 287 9999 
