,0,1,2,3,4,5,6
0,0.0,1512.595434862533,1411.2221348253984,1516.2941283366079,1460.4150810140077,945.7117942923086,1210.9311820502267
1,1512.595434862533,0.0,112.11944230428405,254.884186257555,266.84736096072237,662.2499052327397,391.1356701805004
2,1411.2221348253984,112.11944230428405,0.0,224.46076584787568,211.6546882108905,550.1356629644138,281.4806185469931
3,1516.2941283366079,254.884186257555,224.46076584787568,0.0,57.077699310897714,588.0179443928172,306.1066212424651
4,1460.4150810140077,266.84736096072237,211.6546882108905,57.077699310897714,0.0,530.9432204129936,249.7060017635547
5,945.7117942923086,662.2499052327397,550.1356629644138,588.0179443928172,530.9432204129936,0.0,287.2023929704506
6,1210.9311820502267,391.1356701805004,281.4806185469931,306.1066212424651,249.7060017635547,287.2023929704506,0.0
