NAME: ds_916_courier_2925
TYPE: TSP
COMMENT: nil
DIMENSION: 17
EDGE_WEIGHT_TYPE: EXPLICIT
EDGE_WEIGHT_FORMAT: FULL_MATRIX
EDGE_WEIGHT_SECTION
9999 4548 2308 4738 2127 3689 3345 3200 4579 3290 2809 3241 4265 3222 2895 3710 4001 
4548 9999 2561 190 2588 859 1388 2000 71 2119 2069 2127 335 1441 1929 856 640 
2308 2561 9999 2737 271 1766 1186 892 2570 995 532 944 2234 1120 653 1721 1932 
4738 190 2737 9999 2770 1049 1558 2148 167 2257 2239 2267 503 1619 2099 1041 807 
2127 2588 271 2770 9999 1758 1257 1102 2604 1229 684 1178 2270 1161 770 1734 1978 
3689 859 1766 1049 1758 9999 693 1398 891 1566 1325 1555 592 675 1182 138 417 
3345 1388 1186 1558 1257 693 9999 708 1391 884 681 869 1055 157 542 598 751 
3200 2000 892 2148 1102 1398 708 9999 1988 199 451 168 1668 776 464 1294 1370 
4579 71 2570 167 2604 891 1391 1988 9999 2101 2072 2110 336 1452 1933 877 640 
3290 2119 995 2257 1229 1566 884 199 2101 9999 622 51 1790 964 655 1455 1501 
2809 2069 532 2239 684 1325 681 451 2072 622 9999 574 1737 650 143 1256 1432 
3241 2127 944 2267 1178 1555 869 168 2110 51 574 9999 1797 942 613 1447 1504 
4265 335 2234 503 2270 592 1055 1668 336 1790 1737 1797 9999 1116 1597 555 305 
3222 1441 1120 1619 1161 675 157 776 1452 964 650 942 1116 9999 507 608 819 
2895 1929 653 2099 770 1182 542 464 1933 655 143 613 1597 507 9999 1113 1293 
3710 856 1721 1041 1734 138 598 1294 877 1455 1256 1447 555 608 1113 9999 321 
4001 640 1932 807 1978 417 751 1370 640 1501 1432 1504 305 819 1293 321 9999 
