NAME: ds_918_courier_2688
TYPE: TSP
COMMENT: nil
DIMENSION: 27
EDGE_WEIGHT_TYPE: EXPLICIT
EDGE_WEIGHT_FORMAT: FULL_MATRIX
EDGE_WEIGHT_SECTION
9999 5263 4527 4516 4627 5080 4845 4065 3231 3585 3365 2963 3026 3008 2945 2931 2633 2809 2419 3522 3100 3883 4165 4427 5120 5377 3258 
5263 9999 738 751 665 184 496 1220 2111 1679 1900 2348 2284 2319 2350 2386 2648 2497 2900 1952 2196 1406 1294 1137 588 277 2017 
4527 738 9999 27 160 558 372 491 1384 942 1170 1613 1549 1586 1613 1652 1910 1761 2163 1328 1481 711 778 776 835 900 1279 
4516 751 27 9999 149 572 369 473 1367 931 1162 1598 1534 1571 1599 1637 1897 1746 2149 1334 1477 711 793 797 860 919 1266 
4627 665 160 149 9999 498 228 564 1448 1046 1286 1690 1626 1659 1696 1728 2000 1841 2244 1482 1609 855 937 923 878 867 1370 
5080 184 558 572 498 9999 365 1044 1937 1497 1717 2170 2107 2143 2171 2209 2468 2319 2721 1777 2013 1223 1127 988 545 376 1837 
4845 496 372 369 228 365 9999 780 1650 1269 1512 1899 1835 1865 1908 1936 2215 2052 2453 1700 1837 1080 1125 1070 856 739 1587 
4065 1220 491 473 564 1044 780 9999 893 497 752 1128 1064 1099 1132 1166 1436 1278 1681 1111 1094 477 817 963 1284 1390 807 
3231 2111 1384 1367 1448 1937 1650 893 9999 547 552 275 217 224 312 302 620 426 814 1195 750 961 1402 1644 2142 2283 276 
3585 1679 942 931 1046 1497 1269 497 547 9999 261 707 648 698 693 749 974 843 1239 793 611 414 857 1097 1628 1814 352 
3365 1900 1170 1162 1286 1717 1512 752 552 261 9999 604 560 621 569 647 798 710 1080 648 351 536 924 1186 1791 2015 279 
2963 2348 1613 1598 1690 2170 1899 1128 275 707 604 9999 64 68 64 43 345 154 554 1187 662 1104 1521 1778 2334 2505 358 
3026 2284 1549 1534 1626 2107 1835 1064 217 648 560 64 9999 63 97 103 404 217 618 1160 650 1049 1471 1726 2275 2442 303 
3008 2319 1586 1571 1659 2143 1865 1099 224 698 621 68 63 9999 128 79 403 204 592 1223 710 1103 1528 1782 2322 2482 358 
2945 2350 1613 1599 1696 2171 1908 1132 312 693 569 64 97 128 9999 92 315 150 550 1136 604 1081 1491 1751 2320 2501 342 
2931 2386 1652 1637 1728 2209 1936 1166 302 749 647 43 103 79 92 9999 324 125 518 1226 695 1147 1565 1822 2376 2545 401 
2633 2648 1910 1897 2000 2468 2215 1436 620 974 798 345 404 403 315 324 9999 203 287 1251 691 1332 1711 1977 2586 2788 631 
2809 2497 1761 1746 1841 2319 2052 1278 426 843 710 154 217 204 150 125 203 9999 403 1248 698 1229 1634 1895 2470 2650 492 
2419 2900 2163 2149 2244 2721 2453 1681 814 1239 1080 554 618 592 550 518 287 403 9999 1531 972 1611 1996 2262 2861 3050 889 
3522 1952 1328 1334 1482 1777 1700 1111 1195 793 648 1187 1160 1223 1136 1226 1251 1248 1531 9999 560 649 682 923 1648 1979 919 
3100 2196 1481 1477 1609 2013 1837 1094 750 611 351 662 650 710 604 695 691 698 972 560 9999 793 1081 1349 2020 2285 499 
3883 1406 711 711 855 1223 1080 477 961 414 536 1104 1049 1103 1081 1147 1332 1229 1611 649 793 9999 447 683 1256 1495 747 
4165 1294 778 793 937 1127 1125 817 1402 857 924 1521 1471 1528 1491 1565 1711 1634 1996 682 1081 447 9999 268 969 1300 1170 
4427 1137 776 797 923 988 1070 963 1644 1097 1186 1778 1726 1782 1751 1822 1977 1895 2262 923 1349 683 268 9999 732 1097 1424 
5120 588 835 860 878 545 856 1284 2142 1628 1791 2334 2275 2322 2320 2376 2586 2470 2861 1648 2020 1256 969 732 9999 418 1979 
5377 277 900 919 867 376 739 1390 2283 1814 2015 2505 2442 2482 2501 2545 2788 2650 3050 1979 2285 1495 1300 1097 418 9999 2162 
3258 2017 1279 1266 1370 1837 1587 807 276 352 279 358 303 358 342 401 631 492 889 919 499 747 1170 1424 1979 2162 9999 
