NAME: ds_719_courier_1656
TYPE: TSP
COMMENT: nil
DIMENSION: 24
EDGE_WEIGHT_TYPE: EXPLICIT
EDGE_WEIGHT_FORMAT: FULL_MATRIX
EDGE_WEIGHT_SECTION
9999 2628 2606 2103 4295 2135 1870 1764 2153 2991 1988 2366 2304 3930 2022 2786 2623 988 2484 2126 1957 1867 2205 228 
2628 9999 479 534 1707 1867 1081 864 509 779 1491 460 338 1772 977 158 1031 1948 640 1185 1563 894 1108 2849 
2606 479 9999 601 1950 1464 823 930 519 1251 1123 252 622 2209 679 524 553 1790 198 804 1198 741 1499 2834 
2103 534 601 9999 2239 1527 649 350 87 1145 1127 359 270 2184 604 690 974 1422 598 873 1189 410 1011 2327 
4295 1707 1950 2239 9999 3383 2746 2548 2215 1394 3069 2099 2003 1155 2616 1556 2366 3654 2145 2750 3144 2591 2308 4508 
2135 1867 1464 1527 3383 9999 894 1524 1477 2624 402 1407 1775 3639 926 1964 1028 1160 1267 682 349 1149 2467 2337 
1870 1081 823 649 2746 894 9999 643 615 1784 493 647 912 2820 155 1212 760 980 655 336 548 256 1577 2097 
1764 864 930 350 2548 1524 643 9999 417 1349 1129 679 545 2378 681 1022 1207 1161 885 954 1175 401 945 1986 
2153 509 519 87 2215 1477 615 417 9999 1170 1080 273 299 2206 551 660 889 1440 511 812 1144 394 1090 2377 
2991 779 1251 1145 1394 2624 1784 1349 1170 9999 2236 1224 875 1040 1708 739 1804 2510 1419 1943 2304 1555 914 3192 
1988 1491 1123 1127 3069 402 493 1129 1080 2236 9999 1032 1378 3260 530 1600 786 1005 926 319 75 749 2069 2205 
2366 460 252 359 2099 1407 647 679 273 1224 1032 9999 450 2232 526 572 657 1582 254 725 1104 515 1318 2594 
2304 338 622 270 2003 1775 912 545 299 875 1378 450 9999 1914 849 492 1107 1678 701 1104 1443 680 878 2523 
3930 1772 2209 2184 1155 3639 2820 2378 2206 1040 3260 2232 1914 9999 2736 1686 2747 3536 2395 2957 3330 2594 1732 4115 
2022 977 679 604 2616 926 155 681 551 1708 530 526 849 2736 9999 1098 618 1134 504 278 596 282 1582 2250 
2786 158 524 690 1556 1964 1212 1022 660 739 1600 572 492 1686 1098 9999 1073 2099 709 1287 1673 1038 1204 3007 
2623 1031 553 974 2366 1028 760 1207 889 1804 786 657 1107 2747 618 1073 9999 1692 408 519 856 857 1971 2850 
988 1948 1790 1422 3654 1160 980 1161 1440 2510 1005 1582 1678 3536 1134 2099 1692 9999 1633 1177 971 1070 1959 1201 
2484 640 198 598 2145 1267 655 885 511 1419 926 254 701 2395 504 709 408 1633 9999 607 1001 621 1572 2713 
2126 1185 804 873 2750 682 336 954 812 1943 319 725 1104 2957 278 1287 519 1177 607 9999 394 553 1860 2351 
1957 1563 1198 1189 3144 349 548 1175 1144 2304 75 1104 1443 3330 596 1673 856 971 1001 394 9999 803 2118 2172 
1867 894 741 410 2591 1149 256 401 394 1555 749 515 680 2594 282 1038 857 1070 621 553 803 9999 1323 2096 
2205 1108 1499 1011 2308 2467 1577 945 1090 914 2069 1318 878 1732 1582 1204 1971 1959 1572 1860 2118 1323 9999 2385 
228 2849 2834 2327 4508 2337 2097 1986 2377 3192 2205 2594 2523 4115 2250 3007 2850 1201 2713 2351 2172 2096 2385 9999 
