NAME: ds_627_courier_949
TYPE: TSP
COMMENT: nil
DIMENSION: 31
EDGE_WEIGHT_TYPE: EXPLICIT
EDGE_WEIGHT_FORMAT: FULL_MATRIX
EDGE_WEIGHT_SECTION
9999 80 2269 2869 2869 2804 2345 2412 2293 2005 2880 2643 2398 4055 3903 3993 3914 3867 3769 3052 3485 3865 2846 3235 3477 2289 1733 1611 1497 2162 1408 
80 9999 2343 2925 2926 2860 2415 2485 2366 2074 2938 2701 2471 4096 3945 4041 3965 3918 3820 3102 3527 3904 2899 3278 3519 2363 1653 1532 1419 2082 1329 
2269 2343 9999 1158 1150 1151 277 158 56 413 1116 973 160 2599 2451 2363 2191 2147 2047 1513 2131 2501 1285 1918 2114 20 3923 3708 3584 4358 3533 
2869 2925 1158 9999 11 79 883 1052 1103 1039 68 233 1028 1445 1295 1237 1098 1050 948 363 981 1343 187 792 964 1149 4267 3980 3860 4684 3846 
2869 2926 1150 11 9999 86 875 1043 1094 1034 57 231 1019 1452 1302 1243 1102 1054 952 373 991 1352 198 802 973 1141 4270 3984 3864 4687 3849 
2804 2860 1151 79 86 9999 874 1054 1096 1005 136 191 1029 1464 1312 1274 1144 1096 994 361 980 1352 144 776 963 1144 4192 3904 3784 4608 3770 
2345 2415 277 883 875 874 9999 218 223 347 843 696 186 2327 2177 2098 1933 1888 1787 1236 1854 2225 1008 1641 1837 271 3945 3710 3586 4378 3544 
2412 2485 158 1052 1043 1054 218 9999 120 485 1004 886 31 2483 2337 2235 2058 2014 1916 1412 2032 2394 1192 1828 2015 139 4051 3830 3706 4486 3658 
2293 2366 56 1103 1094 1096 223 120 9999 396 1060 919 114 2544 2395 2307 2136 2091 1992 1458 2076 2445 1231 1864 2059 48 3937 3719 3594 4372 3545 
2005 2074 413 1039 1034 1005 347 485 396 9999 1019 814 460 2464 2310 2276 2133 2086 1984 1352 1948 2336 1114 1713 1933 425 3598 3365 3240 4031 3198 
2880 2938 1116 68 57 136 843 1004 1060 1019 9999 236 981 1484 1336 1263 1114 1067 965 421 1034 1390 255 852 1017 1106 4297 4013 3893 4715 3877 
2643 2701 973 233 231 191 696 886 919 814 236 9999 859 1654 1501 1464 1329 1282 1180 547 1160 1537 312 945 1144 967 4069 3790 3669 4490 3650 
2398 2471 160 1028 1019 1029 186 31 114 460 981 859 9999 2462 2316 2217 2042 1997 1899 1388 2007 2371 1167 1802 1990 143 4033 3810 3686 4468 3639 
4055 4096 2599 1445 1452 1464 2327 2483 2544 2464 1484 1654 2462 9999 156 367 585 602 659 1111 569 222 1350 820 578 2590 5158 4826 4719 5534 4738 
3903 3945 2451 1295 1302 1312 2177 2337 2395 2310 1336 1501 2316 156 9999 330 521 526 563 957 419 153 1196 668 426 2442 5024 4695 4586 5404 4603 
3993 4041 2363 1237 1243 1274 2098 2235 2307 2276 1263 1464 2217 367 330 9999 223 249 330 955 607 484 1185 808 605 2351 5200 4879 4768 5590 4777 
3914 3965 2191 1098 1102 1144 1933 2058 2136 2133 1114 1329 2042 585 521 223 9999 48 150 862 677 668 1074 823 669 2178 5179 4866 4752 5577 4756 
3867 3918 2147 1050 1054 1096 1888 2014 2091 2086 1067 1282 1997 602 526 249 48 9999 102 815 651 669 1027 787 642 2134 5136 4823 4709 5534 4712 
3769 3820 2047 948 952 994 1787 1916 1992 1984 965 1180 1899 659 563 330 150 102 9999 719 617 696 926 724 606 2035 5049 4738 4623 5449 4625 
3052 3102 1513 363 373 361 1236 1412 1458 1352 421 547 1388 1111 957 955 862 815 719 9999 620 991 239 432 602 1505 4347 4043 3927 4753 3923 
3485 3527 2131 981 991 980 1854 2032 2076 1948 1034 1160 2007 569 419 607 677 651 617 620 9999 394 848 253 18 2124 4617 4290 4181 5001 4195 
3865 3904 2501 1343 1352 1352 2225 2394 2445 2336 1390 1537 2371 222 153 484 668 669 696 991 394 9999 1227 646 408 2492 4943 4610 4503 5317 4524 
2846 2899 1285 187 198 144 1008 1192 1231 1114 255 312 1167 1350 1196 1185 1074 1027 926 239 848 1227 9999 636 831 1278 4189 3894 3776 4601 3767 
3235 3278 1918 792 802 776 1641 1828 1864 1713 852 945 1802 820 668 808 823 787 724 432 253 646 636 9999 243 1912 4393 4071 3960 4782 3970 
3477 3519 2114 964 973 963 1837 2015 2059 1933 1017 1144 1990 578 426 605 669 642 606 602 18 408 831 243 9999 2107 4614 4288 4178 4999 4192 
2289 2363 20 1149 1141 1144 271 139 48 425 1106 967 143 2590 2442 2351 2178 2134 2035 1505 2124 2492 1278 1912 2107 9999 3942 3727 3603 4377 3552 
1733 1653 3923 4267 4270 4192 3945 4051 3937 3598 4297 4069 4033 5158 5024 5200 5179 5136 5049 4347 4617 4943 4189 4393 4614 3942 9999 359 445 435 424 
1611 1532 3708 3980 3984 3904 3710 3830 3719 3365 4013 3790 3810 4826 4695 4879 4866 4823 4738 4043 4290 4610 3894 4071 4288 3727 359 9999 124 712 207 
1497 1419 3584 3860 3864 3784 3586 3706 3594 3240 3893 3669 3686 4719 4586 4768 4752 4709 4623 3927 4181 4503 3776 3960 4178 3603 445 124 9999 826 124 
2162 2082 4358 4684 4687 4608 4378 4486 4372 4031 4715 4490 4468 5534 5404 5590 5577 5534 5449 4753 5001 5317 4601 4782 4999 4377 435 712 826 9999 840 
1408 1329 3533 3846 3849 3770 3544 3658 3545 3198 3877 3650 3639 4738 4603 4777 4756 4712 4625 3923 4195 4524 3767 3970 4192 3552 424 207 124 840 9999 
