NAME: ds_916_courier_4474
TYPE: TSP
COMMENT: nil
DIMENSION: 23
EDGE_WEIGHT_TYPE: EXPLICIT
EDGE_WEIGHT_FORMAT: FULL_MATRIX
EDGE_WEIGHT_SECTION
9999 868 1666 1996 1880 1071 1714 1979 1633 862 1456 1337 1643 2128 1452 1235 771 514 1010 1326 1077 1073 953 
868 9999 1076 1775 1667 315 1069 1594 1042 1001 589 1100 1506 1883 708 368 1522 604 697 1338 1416 1390 1176 
1666 1076 9999 936 869 1264 124 615 35 1090 917 615 870 993 1465 1000 1968 1159 679 998 1422 1385 1204 
1996 1775 936 9999 116 2044 1048 383 950 1148 1815 695 362 135 2328 1839 1924 1522 1103 717 1191 1163 1124 
1880 1667 869 116 9999 1941 985 375 879 1034 1728 581 253 249 2232 1743 1821 1406 990 610 1093 1064 1014 
1071 315 1264 2044 1941 9999 1229 1829 1232 1315 520 1388 1796 2145 404 303 1783 904 996 1647 1728 1703 1490 
1714 1069 124 1048 985 1229 9999 711 131 1185 843 731 993 1098 1400 951 2054 1215 753 1117 1531 1494 1307 
1979 1594 615 383 375 1829 711 9999 637 1197 1529 648 546 395 2068 1590 2054 1473 994 863 1364 1330 1229 
1633 1042 35 950 879 1232 131 637 9999 1065 892 601 870 1011 1438 970 1941 1127 649 986 1403 1366 1182 
862 1001 1090 1148 1034 1315 1185 1197 1065 9999 1401 559 789 1283 1705 1274 887 472 475 465 427 396 176 
1456 589 917 1815 1728 520 843 1529 892 1401 9999 1258 1644 1892 561 235 2071 1122 960 1601 1827 1795 1574 
1337 1100 615 695 581 1388 731 648 601 559 1258 9999 408 817 1712 1225 1438 841 411 388 819 782 625 
1643 1506 870 362 253 1796 993 546 870 789 1644 408 9999 498 2116 1627 1569 1185 812 357 846 815 762 
2128 1883 993 135 249 2145 1098 395 1011 1283 1892 817 498 9999 2416 1929 2057 1650 1221 852 1323 1295 1259 
1452 708 1465 2328 2232 404 1400 2068 1438 1705 561 1712 2116 2416 9999 490 2181 1307 1345 2006 2123 2096 1880 
1235 368 1000 1839 1743 303 951 1590 970 1274 235 1225 1627 1929 490 9999 1880 942 874 1533 1700 1671 1450 
771 1522 1968 1924 1821 1783 2054 2054 1941 887 2071 1438 1569 2057 2181 1880 9999 950 1307 1213 741 765 825 
514 604 1159 1522 1406 904 1215 1473 1127 472 1122 841 1185 1650 1307 942 950 9999 496 910 842 821 627 
1010 697 679 1103 990 996 753 994 649 475 960 411 812 1221 1345 874 1307 496 9999 661 885 850 633 
1326 1338 998 717 610 1647 1117 863 986 465 1601 388 357 852 2006 1533 1213 910 661 9999 501 468 408 
1077 1416 1422 1191 1093 1728 1531 1364 1403 427 1827 819 846 1323 2123 1700 741 842 885 501 9999 37 253 
1073 1390 1385 1163 1064 1703 1494 1330 1366 396 1795 782 815 1295 2096 1671 765 821 850 468 37 9999 221 
953 1176 1204 1124 1014 1490 1307 1229 1182 176 1574 625 762 1259 1880 1450 825 627 633 408 253 221 9999 
