NAME: ds_718_courier_2688
TYPE: TSP
COMMENT: nil
DIMENSION: 32
EDGE_WEIGHT_TYPE: EXPLICIT
EDGE_WEIGHT_FORMAT: FULL_MATRIX
EDGE_WEIGHT_SECTION
9999 4859 4590 4898 5141 4704 3278 3342 4015 4230 2863 2946 2977 3012 2581 3262 3836 3936 2652 2691 3132 3458 3634 3536 3250 4136 4840 5107 3316 6136 6234 5426 
4859 9999 400 293 293 203 1621 1567 846 727 2055 1938 1915 1865 2314 1597 1039 923 2207 2176 1742 1403 1275 1326 1609 879 445 834 1737 1432 1527 726 
4590 400 9999 308 595 200 1440 1396 614 726 1864 1728 1713 1651 2100 1357 872 715 1950 1940 1528 1147 960 1066 1366 502 285 699 1381 1574 1673 846 
4898 293 308 9999 327 247 1727 1680 907 923 2155 2024 2007 1948 2398 1659 1149 1003 2255 2243 1825 1450 1268 1370 1668 797 167 544 1679 1280 1379 549 
5141 293 595 327 9999 440 1913 1859 1125 1015 2346 2227 2205 2154 2603 1881 1330 1208 2489 2462 2030 1683 1535 1605 1892 1097 483 738 1975 1151 1244 477 
4704 203 200 247 440 9999 1499 1449 692 676 1931 1805 1785 1730 2180 1450 917 781 2054 2033 1606 1247 1096 1168 1460 679 336 764 1545 1513 1611 784 
3278 1621 1440 1727 1913 1499 9999 69 826 953 433 333 301 274 700 261 584 725 682 599 178 402 696 462 276 1133 1721 2095 952 3007 3106 2276 
3342 1567 1396 1680 1859 1449 69 9999 785 890 490 400 366 342 763 299 532 682 751 667 246 405 694 456 315 1109 1679 2059 985 2960 3058 2228 
4015 846 614 907 1125 692 826 785 9999 440 1250 1118 1101 1042 1492 757 279 106 1364 1341 918 557 468 481 768 420 895 1279 975 2185 2284 1454 
4230 727 726 923 1015 676 953 890 440 9999 1379 1285 1254 1219 1653 1003 424 425 1602 1543 1101 857 877 800 1018 808 989 1419 1388 2158 2254 1443 
2863 2055 1864 2155 2346 1931 433 490 1250 1379 9999 164 158 235 284 543 1017 1153 420 282 346 754 1034 830 542 1520 2143 2503 1109 3435 3534 2704 
2946 1938 1728 2024 2227 1805 333 400 1118 1285 164 9999 46 77 376 386 900 1024 375 271 200 601 874 679 384 1367 2004 2355 951 3302 3401 2571 
2977 1915 1713 2007 2205 1785 301 366 1101 1254 158 46 9999 81 400 385 876 1005 420 311 188 596 876 673 385 1362 1990 2347 977 3286 3385 2555 
3012 1865 1651 1948 2154 1730 274 342 1042 1219 235 77 81 9999 450 310 829 949 412 326 124 524 799 602 308 1290 1927 2278 898 3225 3325 2495 
2581 2314 2100 2398 2603 2180 700 763 1492 1653 284 376 400 450 9999 746 1276 1399 313 203 574 961 1215 1041 740 1721 2374 2715 1175 3674 3773 2944 
3262 1597 1357 1659 1881 1450 261 299 757 1003 543 386 385 310 746 9999 584 674 611 584 201 215 492 295 19 981 1629 1971 691 2931 3030 2203 
3836 1039 872 1149 1330 917 584 532 279 424 1017 900 876 829 1276 584 9999 174 1192 1146 706 434 509 382 599 680 1157 1553 1003 2428 2526 1697 
3936 923 715 1003 1208 781 725 682 106 425 1153 1024 1005 949 1399 674 174 9999 1284 1254 825 485 452 413 686 511 998 1385 964 2282 2381 1551 
2652 2207 1950 2255 2489 2054 682 751 1364 1602 420 375 420 412 313 611 1192 1284 9999 143 510 807 1014 886 599 1527 2211 2523 885 3516 3615 2793 
2691 2176 1940 2243 2462 2033 599 667 1341 1543 282 271 311 326 203 584 1146 1254 143 9999 442 794 1031 875 575 1542 2209 2538 972 3513 3612 2786 
3132 1742 1528 1825 2030 1606 178 246 918 1101 346 200 188 124 574 201 706 825 510 442 9999 408 692 485 204 1174 1805 2158 848 3102 3201 2372 
3458 1403 1147 1450 1683 1247 402 405 557 857 754 601 596 524 961 215 434 485 807 794 408 9999 295 81 221 767 1416 1756 634 2719 2818 1992 
3634 1275 960 1268 1535 1096 696 694 468 877 1034 874 876 799 1215 492 509 452 1014 1031 692 295 9999 240 491 514 1207 1510 512 2508 2607 1792 
3536 1326 1066 1370 1605 1168 462 456 481 800 830 679 673 602 1041 295 382 413 886 875 485 81 240 9999 302 689 1335 1676 644 2638 2738 1912 
3250 1609 1366 1668 1892 1460 276 315 768 1018 542 384 385 308 740 19 599 686 599 575 204 221 491 302 9999 984 1636 1976 676 2939 3038 2211 
4136 879 502 797 1097 679 1133 1109 420 808 1520 1367 1362 1290 1721 981 680 511 1527 1542 1174 767 514 689 984 9999 710 997 881 2001 2099 1295 
4840 445 285 167 483 336 1721 1679 895 989 2143 2004 1990 1927 2374 1629 1157 998 2211 2209 1805 1416 1207 1335 1636 710 9999 432 1583 1304 1404 586 
5107 834 699 544 738 764 2095 2059 1279 1419 2503 2355 2347 2278 2715 1971 1553 1385 2523 2538 2158 1756 1510 1676 1976 997 432 9999 1798 1054 1149 494 
3316 1737 1381 1679 1975 1545 952 985 975 1388 1109 951 977 898 1175 691 1003 964 885 972 848 634 512 644 676 881 1583 1798 9999 2843 2940 2161 
6136 1432 1574 1280 1151 1513 3007 2960 2185 2158 3435 3302 3286 3225 3674 2931 2428 2282 3516 3513 3102 2719 2508 2638 2939 2001 1304 1054 2843 9999 99 731 
6234 1527 1673 1379 1244 1611 3106 3058 2284 2254 3534 3401 3385 3325 3773 3030 2526 2381 3615 3612 3201 2818 2607 2738 3038 2099 1404 1149 2940 99 9999 830 
5426 726 846 549 477 784 2276 2228 1454 1443 2704 2571 2555 2495 2944 2203 1697 1551 2793 2786 2372 1992 1792 1912 2211 1295 586 494 2161 731 830 9999 
