NAME: ds_828_courier_949
TYPE: TSP
COMMENT: nil
DIMENSION: 21
EDGE_WEIGHT_TYPE: EXPLICIT
EDGE_WEIGHT_FORMAT: FULL_MATRIX
EDGE_WEIGHT_SECTION
9999 2335 2234 2211 1879 2398 3158 3269 2882 2997 2674 2460 3850 3878 4169 4163 3071 3150 3953 2879 3674 
2335 9999 395 533 506 340 948 1012 627 665 398 519 1903 1914 2171 2145 1235 1207 2058 795 1820 
2234 395 9999 138 376 175 1291 1328 970 912 486 248 2276 2285 2532 2503 1628 1594 2435 1178 2205 
2211 533 138 9999 416 274 1418 1448 1098 1022 582 253 2409 2417 2662 2631 1766 1731 2569 1314 2340 
1879 506 376 416 9999 525 1447 1518 1129 1160 796 623 2367 2381 2649 2626 1648 1649 2514 1258 2261 
2398 340 175 274 525 9999 1149 1175 834 748 312 179 2149 2155 2395 2364 1534 1486 2311 1068 2090 
3158 948 1291 1418 1447 1149 9999 151 323 481 887 1272 1014 1015 1246 1214 625 491 1182 318 995 
3269 1012 1328 1448 1518 1175 151 9999 393 452 891 1281 1043 1039 1244 1207 756 613 1214 464 1056 
2882 627 970 1098 1129 834 323 393 9999 293 595 967 1316 1322 1563 1533 779 691 1480 306 1270 
2997 665 912 1022 1160 748 481 452 293 9999 447 836 1487 1485 1696 1659 1048 941 1656 592 1476 
2674 398 486 582 796 312 887 891 595 447 9999 390 1900 1903 2128 2094 1354 1281 2067 873 1864 
2460 519 248 253 623 179 1272 1281 967 836 390 9999 2282 2285 2516 2482 1694 1637 2447 1221 2234 
3850 1903 2276 2409 2367 2149 1014 1043 1316 1487 1900 2282 9999 42 323 328 781 727 172 1111 226 
3878 1914 2285 2417 2381 2155 1015 1039 1322 1485 1903 2285 42 9999 292 293 807 747 185 1124 267 
4169 2171 2532 2662 2649 2395 1246 1244 1563 1696 2128 2516 323 292 9999 53 1099 1032 289 1391 532 
4163 2145 2503 2631 2626 2364 1214 1207 1533 1659 2094 2482 328 293 53 9999 1093 1019 320 1370 546 
3071 1235 1628 1766 1648 1534 625 756 779 1048 1354 1694 781 807 1099 1093 9999 156 899 481 628 
3150 1207 1594 1731 1649 1486 491 613 691 941 1281 1637 727 747 1032 1019 156 9999 866 418 614 
3953 2058 2435 2569 2514 2311 1182 1214 1480 1656 2067 2447 172 185 289 320 899 866 9999 1264 279 
2879 795 1178 1314 1258 1068 318 464 306 592 873 1221 1111 1124 1391 1370 481 418 1264 9999 1027 
3674 1820 2205 2340 2261 2090 995 1056 1270 1476 1864 2234 226 267 532 546 628 614 279 1027 9999 
