,0,1,2,3,4,5,6,7,8
0,0.0,2794.257720591814,2823.6074910127886,3104.614379092605,4064.1832470147683,3648.164511440412,2806.590666788903,2329.018595162701,5454.578881967358
1,2794.257720591814,0.0,2141.7224546446987,355.47621382178227,1344.4583096380602,1099.7854609574479,1462.0232786605277,1667.1503941480787,6913.922526694278
2,2823.6074910127886,2141.7224546446987,0.0,2114.023517871162,3234.745068143682,1969.323667087288,713.3787888635035,616.8350870460863,4961.62933467645
3,3104.614379092605,355.47621382178227,2114.023517871162,0.0,1172.4407049851573,761.5328125867021,1404.6503178809467,1721.1621305298215,6991.032899336961
4,4064.1832470147683,1344.4583096380602,3234.745068143682,1172.4407049851573,0.0,1398.7838909444645,2522.310973082011,2888.4947597940295,8154.587752443261
5,3648.164511440412,1099.7854609574479,1969.323667087288,761.5328125867021,1398.7838909444645,0.0,1299.4265132462867,1795.211984614555,6930.317560129815
6,2806.590666788903,1462.0232786605277,713.3787888635035,1404.6503178809467,2522.310973082011,1299.4265132462867,0.0,554.3652672104781,5655.252750839604
7,2329.018595162701,1667.1503941480787,616.8350870460863,1721.1621305298215,2888.4947597940295,1795.211984614555,554.3652672104781,0.0,5270.036502783047
8,5454.578881967358,6913.922526694278,4961.62933467645,6991.032899336961,8154.587752443261,6930.317560129815,5655.252750839604,5270.036502783047,0.0
