NAME: ds_624_courier_75
TYPE: TSP
COMMENT: nil
DIMENSION: 6
EDGE_WEIGHT_TYPE: EXPLICIT
EDGE_WEIGHT_FORMAT: FULL_MATRIX
EDGE_WEIGHT_SECTION
9999 2103 1848 4041 783 355 
2103 9999 2118 4283 1994 1922 
1848 2118 9999 2344 1075 1500 
4041 4283 2344 9999 3274 3728 
783 1994 1075 3274 9999 453 
355 1922 1500 3728 453 9999 
