NAME: ds_601_courier_3073
TYPE: TSP
COMMENT: nil
DIMENSION: 10
EDGE_WEIGHT_TYPE: EXPLICIT
EDGE_WEIGHT_FORMAT: FULL_MATRIX
EDGE_WEIGHT_SECTION
9999 1115 1290 1403 1589 1400 1105 2132 1349 1352 
1115 9999 175 305 480 324 32 1018 306 242 
1290 175 9999 166 314 211 190 845 233 73 
1403 305 166 9999 190 62 305 735 123 172 
1589 480 314 190 9999 216 486 545 286 275 
1400 324 211 62 216 9999 318 752 71 229 
1105 32 190 305 486 318 9999 1027 293 260 
2132 1018 845 735 545 752 1027 9999 816 788 
1349 306 233 123 286 71 293 816 9999 269 
1352 242 73 172 275 229 260 788 269 9999 
