,0,1,2,3,4,5,6,7,8,9,10,11,12,13,14,15,16,17,18,19
0,0.0,3284.206071765594,2636.8212556854246,3090.086848421508,2912.2640789389293,2669.56544821012,2808.75960372209,3367.9040840161597,3106.04767211564,3144.2567044746866,5046.049724661783,5241.284588218315,5266.153925427291,5164.141127136402,5138.170098832955,5126.283155767588,5127.549818775737,5125.937832486846,5176.282337108573,4893.656489748079
1,3284.206071765594,0.0,651.0419567966582,415.10689204222587,398.9066974903705,616.3924748663339,484.7263000033249,111.94524674291436,193.69175346411848,145.69173239971158,1794.7646643851251,1973.773785451283,1988.4193656874072,1900.3561001723676,1860.2637434142157,1875.1970780498018,1846.6315581592883,1873.675332328267,1910.919671628339,1624.232943725834
2,2636.8212556854246,651.0419567966582,0.0,601.5452910494726,336.9319896210604,108.77914830581558,173.1985895256929,743.6953255005272,488.2894355081684,517.9253948839491,2440.8988238335996,2623.6284741048426,2639.4483892880694,2549.465273099878,2511.2901196608013,2521.454848484138,2497.5734980405073,2520.21314740335,2560.3405970213107,2274.1356488941074
3,3090.086848421508,415.10689204222587,601.5452910494726,0.0,271.99147680015824,508.46461982296154,514.4336659188301,408.5530530971538,283.6568877638431,324.3473484286899,1959.8295813382892,2161.9379164773995,2197.940676388765,2082.8103928445857,2071.5217839352986,2039.6247096210964,2067.6063449791645,2039.647081140791,2095.872298274398,1818.944876601645
4,2912.2640789389293,398.9066974903705,336.9319896210604,271.99147680015824,0.0,257.57239985524376,245.1037130835447,461.9355696694659,205.5840880948067,253.80425791791777,2138.6111578828013,2329.7708509896156,2354.1022908785308,2253.329187358316,2226.2019145551626,2219.1192591077443,2216.6040262645465,2218.3761279529676,2265.1347363350183,1981.6180817706847
5,2669.56544821012,616.3924748663339,108.77914830581558,508.46461982296154,257.57239985524376,0.0,189.12927530718758,698.6248862409841,437.1068688582656,474.7751503898481,2389.700657789358,2577.485839841784,2598.0030039416383,2501.9760321576823,2469.895120843457,2470.266631705366,2458.3309944698008,2469.3286511147376,2513.3931359649496,2228.521085302757
6,2808.75960372209,484.7263000033249,173.1985895256929,514.4336659188301,245.1037130835447,189.12927530718758,0.0,582.7904795606378,338.5942352195645,359.7340349942131,2278.8642994158618,2458.447570576595,2471.9355030841484,2385.0804006884314,2343.819385640716,2359.3476151368977,2329.1829432882137,2357.910416560903,2395.6422967954218,2108.9111313822327
7,3367.9040840161597,111.94524674291436,743.6953255005272,408.5530530971538,461.9355696694659,698.6248862409841,582.7904795606378,0.0,261.89801602105797,225.88655120875097,1697.3229455174016,1880.6799052936212,1899.4744494059328,1806.0672385977755,1771.3487724029212,1777.865983858207,1759.7445976677745,1776.5826676997417,1817.096903873044,1531.3385405039949
8,3106.04767211564,193.69175346411848,488.2894355081684,283.6568877638431,205.5840880948067,437.1068688582656,338.5942352195645,261.89801602105797,0.0,51.801901134300174,1954.6224992740042,2140.722142703063,2160.929818953566,2065.5148266293813,2032.8319184384131,2035.1989920867734,2021.538680278081,2034.1151002918596,2076.7958326436155,1791.6233825992676
9,3144.2567044746866,145.69173239971158,517.9253948839491,324.3473484286899,253.80425791791777,474.7751503898481,359.7340349942131,225.88655120875097,51.801901134300174,0.0,1922.9769040618157,2106.497641997946,2124.5214752954234,2031.9491729485076,1996.370578262299,2003.5315134217105,1984.116926446791,2002.2878724461016,2042.9621652330443,1757.1173071198054
10,5046.049724661783,1794.7646643851251,2440.8988238335996,1959.8295813382892,2138.6111578828013,2389.700657789358,2278.8642994158618,1697.3229455174016,1954.6224992740042,1922.9769040618157,0.0,226.48859492831536,321.76164836510605,145.35000467882182,255.65921312557543,80.57679608484987,302.3034943787787,79.88945155482543,162.88446788876132,211.57575124761254
11,5241.284588218315,1973.773785451283,2623.6284741048426,2161.9379164773995,2329.7708509896156,2577.485839841784,2458.447570576595,1880.6799052936212,2140.722142703063,2106.497641997946,226.48859492831536,0.0,124.44123243554654,82.69133344313471,163.76286548696586,168.59781932575865,213.75728230525687,163.04882712913926,67.08193137456682,349.5414817304137
12,5266.153925427291,1988.4193656874072,2639.4483892880694,2197.940676388765,2354.1022908785308,2598.0030039416383,2471.9355030841484,1899.4744494059328,2160.929818953566,2124.5214752954234,321.76164836510605,124.44123243554654,0.0,182.12724627561607,128.16431514216177,281.37614200015804,151.36192309131405,274.57909458866726,164.50352657236562,381.24712747604997
13,5164.141127136402,1900.3561001723676,2549.465273099878,2082.8103928445857,2253.329187358316,2501.9760321576823,2385.0804006884314,1806.0672385977755,2065.5148266293813,2031.9491729485076,145.35000467882182,82.69133344313471,182.12724627561607,0.0,157.91460766920005,100.34457026254735,212.27657068941912,93.13633683281085,17.891630011946276,278.1913838323137
14,5138.170098832955,1860.2637434142157,2511.2901196608013,2071.5217839352986,2226.2019145551626,2469.895120843457,2343.819385640716,1771.3487724029212,2032.8319184384131,1996.370578262299,255.65921312557543,163.76286548696586,128.16431514216177,157.91460766920005,0.0,248.1553501816915,54.415735163764744,240.21042020944242,147.83729706079995,259.45355225912573
15,5126.283155767588,1875.1970780498018,2521.454848484138,2039.6247096210964,2219.1192591077443,2470.266631705366,2359.3476151368977,1777.865983858207,2035.1989920867734,2003.5315134217105,80.57679608484987,168.59781932575865,281.37614200015804,100.34457026254735,248.1553501816915,0.0,300.90549035363404,7.963892137437177,117.31877587631034,279.67225043872173
16,5127.549818775737,1846.6315581592883,2497.5734980405073,2067.6063449791645,2216.6040262645465,2458.3309944698008,2329.1829432882137,1759.7445976677745,2021.538680278081,1984.116926446791,302.3034943787787,213.75728230525687,151.36192309131405,212.27657068941912,54.415735163764744,300.90549035363404,0.0,292.94307610866656,202.2123279362083,271.95784443065577
17,5125.937832486846,1873.675332328267,2520.21314740335,2039.647081140791,2218.3761279529676,2469.3286511147376,2357.910416560903,1776.5826676997417,2034.1151002918596,2002.2878724461016,79.88945155482543,163.04882712913926,274.57909458866726,93.13633683281085,240.21042020944242,7.963892137437177,292.94307610866656,0.0,110.29318393041117,275.1390103010765
18,5176.282337108573,1910.919671628339,2560.3405970213107,2095.872298274398,2265.1347363350183,2513.3931359649496,2395.6422967954218,1817.096903873044,2076.7958326436155,2042.9621652330443,162.88446788876132,67.08193137456682,164.50352657236562,17.891630011946276,147.83729706079995,117.31877587631034,202.2123279362083,110.29318393041117,0.0,287.4261424212928
19,4893.656489748079,1624.232943725834,2274.1356488941074,1818.944876601645,1981.6180817706847,2228.521085302757,2108.9111313822327,1531.3385405039949,1791.6233825992676,1757.1173071198054,211.57575124761254,349.5414817304137,381.24712747604997,278.1913838323137,259.45355225912573,279.67225043872173,271.95784443065577,275.1390103010765,287.4261424212928,0.0
