NAME: ds_531_courier_2208
TYPE: TSP
COMMENT: nil
DIMENSION: 6
EDGE_WEIGHT_TYPE: EXPLICIT
EDGE_WEIGHT_FORMAT: FULL_MATRIX
EDGE_WEIGHT_SECTION
9999 2234 2104 2052 2184 2127 
2234 9999 1042 526 51 889 
2104 1042 9999 522 1034 158 
2052 526 522 9999 514 376 
2184 51 1034 514 9999 883 
2127 889 158 376 883 9999 
