NAME: ds_726_courier_2709
TYPE: TSP
COMMENT: nil
DIMENSION: 6
EDGE_WEIGHT_TYPE: EXPLICIT
EDGE_WEIGHT_FORMAT: FULL_MATRIX
EDGE_WEIGHT_SECTION
9999 2983 2619 2604 1459 2992 
2983 9999 654 667 1805 287 
2619 654 9999 17 1277 892 
2604 667 17 9999 1260 904 
1459 1805 1277 1260 9999 1924 
2992 287 892 904 1924 9999 
