NAME: ds_518_courier_1656
TYPE: TSP
COMMENT: nil
DIMENSION: 9
EDGE_WEIGHT_TYPE: EXPLICIT
EDGE_WEIGHT_FORMAT: FULL_MATRIX
EDGE_WEIGHT_SECTION
9999 3064 3100 2957 3587 3187 3739 61 2948 
3064 9999 202 195 1158 362 675 3078 925 
3100 202 9999 146 1343 166 679 3109 746 
2957 195 146 9999 1346 285 804 2967 743 
3587 1158 1343 1346 9999 1472 1141 3617 2083 
3187 362 166 285 1472 9999 674 3194 650 
3739 675 679 804 1141 674 9999 3752 1294 
61 3078 3109 2967 3617 3194 3752 9999 2943 
2948 925 746 743 2083 650 1294 2943 9999 
