NAME: ds_925_courier_2688
TYPE: TSP
COMMENT: nil
DIMENSION: 20
EDGE_WEIGHT_TYPE: EXPLICIT
EDGE_WEIGHT_FORMAT: FULL_MATRIX
EDGE_WEIGHT_SECTION
9999 4346 4378 4303 4183 5156 4538 5234 3124 3035 4011 2573 3242 3365 75017 2763 3075 3424 3430 3667 
4346 9999 247 423 536 877 234 890 1338 1415 369 1804 1249 990 70710 1589 1332 1009 950 680 
4378 247 9999 194 335 782 196 880 1299 1383 375 1810 1196 1071 70719 1616 1317 974 948 737 
4303 423 194 9999 153 862 378 1013 1193 1280 384 1730 1083 1064 70832 1553 1229 880 881 729 
4183 536 335 153 9999 999 527 1163 1064 1152 379 1611 950 1002 70971 1446 1109 761 781 678 
5156 877 782 862 999 9999 649 310 2056 2142 1155 2585 1945 1844 69972 2396 2087 1739 1726 1515 
4538 234 196 378 527 649 9999 701 1481 1563 527 1979 1382 1200 70541 1775 1492 1153 1116 876 
5234 890 880 1013 1163 310 701 9999 2179 2262 1228 2679 2076 1879 69841 2473 2193 1853 1817 1568 
3124 1338 1299 1193 1064 2056 1481 2179 9999 89 970 567 121 639 72018 482 130 329 409 720 
3035 1415 1383 1280 1152 2142 1563 2262 89 9999 1048 480 209 666 72102 413 121 410 474 782 
4011 369 375 384 379 1155 527 1228 970 1048 9999 1452 880 698 71065 1248 970 641 590 363 
2573 1804 1810 1730 1611 2585 1979 2679 567 480 1452 9999 688 885 72514 249 502 851 863 1129 
3242 1249 1196 1083 950 1945 1382 2076 121 209 880 688 9999 640 71912 593 223 245 355 663 
3365 990 1071 1064 1002 1844 1200 1879 639 666 698 885 640 9999 71668 643 546 482 346 336 
75017 70710 70719 70832 70971 69972 70541 69841 72018 72102 71065 72514 71912 71668 9999 72295 72033 71693 71655 71387 
2763 1589 1616 1553 1446 2396 1775 2473 482 413 1248 249 593 643 72295 9999 372 692 672 909 
3075 1332 1317 1229 1109 2087 1492 2193 130 121 970 502 223 546 72033 372 9999 349 383 682 
3424 1009 974 880 761 1739 1153 1853 329 410 641 851 245 482 71693 692 349 9999 141 425 
3430 950 948 881 781 1726 1116 1817 409 474 590 863 355 346 71655 672 383 141 9999 312 
3667 680 737 729 678 1515 876 1568 720 782 363 1129 663 336 71387 909 682 425 312 9999 
