NAME: ds_626_courier_2688
TYPE: TSP
COMMENT: nil
DIMENSION: 7
EDGE_WEIGHT_TYPE: EXPLICIT
EDGE_WEIGHT_FORMAT: FULL_MATRIX
EDGE_WEIGHT_SECTION
9999 2942 2966 3295 3590 3658 15 
2942 9999 139 381 649 717 2942 
2966 139 9999 329 651 704 2967 
3295 381 329 9999 355 388 3296 
3590 649 651 355 9999 96 3590 
3658 717 704 388 96 9999 3659 
15 2942 2967 3296 3590 3659 9999 
