,0,1,2,3,4,5,6
0,0.0,2941.851314845747,2965.8242093567815,3294.5865553352583,3589.686903218651,3658.2824706049814,14.738439405325558
1,2941.851314845747,0.0,138.98588319954234,381.2335682829504,648.8089172689847,716.8659192393117,2942.2829702328677
2,2965.8242093567815,138.98588319954234,0.0,328.7625185787635,651.2532745093989,704.1178138614292,2966.9376310103594
3,3294.5865553352583,381.2335682829504,328.7625185787635,0.0,355.0042781038922,387.896838418199,3295.6979283277137
4,3589.686903218651,648.8089172689847,651.2532745093989,355.0042781038922,0.0,96.01998460217256,3589.9508329678306
5,3658.2824706049814,716.8659192393117,704.1178138614292,387.896838418199,96.01998460217256,0.0,3658.8189851112843
6,14.738439405325558,2942.2829702328677,2966.9376310103594,3295.6979283277137,3589.9508329678306,3658.8189851112843,0.0
