NAME: ds_528_courier_1103
TYPE: TSP
COMMENT: nil
DIMENSION: 13
EDGE_WEIGHT_TYPE: EXPLICIT
EDGE_WEIGHT_FORMAT: FULL_MATRIX
EDGE_WEIGHT_SECTION
9999 2360 2369 2324 2243 2386 2244 2252 291 424 999 1039 211 
2360 9999 262 455 227 134 586 573 2161 2770 3358 3398 2256 
2369 262 9999 201 467 132 837 826 2196 2765 3365 3406 2245 
2324 455 201 9999 639 332 1009 999 2171 2707 3312 3354 2185 
2243 227 467 639 9999 354 371 360 2027 2660 3238 3276 2156 
2386 134 132 332 354 9999 719 707 2199 2789 3384 3424 2271 
2244 586 837 1009 371 719 9999 15 1997 2668 3216 3252 2190 
2252 573 826 999 360 707 15 9999 2006 2676 3226 3261 2197 
291 2161 2196 2171 2027 2199 1997 2006 9999 695 1220 1256 395 
424 2770 2765 2707 2660 2789 2668 2676 695 9999 608 651 522 
999 3358 3365 3312 3238 3384 3216 3226 1220 608 9999 44 1128 
1039 3398 3406 3354 3276 3424 3252 3261 1256 651 44 9999 1171 
211 2256 2245 2185 2156 2271 2190 2197 395 522 1128 1171 9999 
