NAME: ds_902_courier_2925
TYPE: TSP
COMMENT: nil
DIMENSION: 21
EDGE_WEIGHT_TYPE: EXPLICIT
EDGE_WEIGHT_FORMAT: FULL_MATRIX
EDGE_WEIGHT_SECTION
9999 2979 3139 3643 3258 2840 4421 4718 3690 3032 4584 4868 2209 4195 4208 3181 4378 3188 3561 4730 3499 
2979 9999 341 1217 786 146 1756 2025 1176 350 2036 2184 770 1520 1272 272 1796 572 1120 2041 759 
3139 341 9999 1464 1073 389 1892 2136 1404 667 2195 2292 961 1666 1274 131 1957 857 1373 2153 962 
3643 1217 1464 9999 463 1318 790 1083 111 892 949 1228 1690 588 1023 1335 735 654 100 1094 518 
3258 786 1073 463 9999 871 1174 1469 462 442 1386 1624 1232 941 1090 951 1157 216 363 1482 327 
2840 146 389 1318 871 9999 1889 2161 1285 429 2162 2320 631 1651 1418 365 1922 664 1219 2176 883 
4421 1756 1892 790 1174 1889 9999 296 732 1510 329 450 2381 240 823 1764 163 1294 864 308 1011 
4718 2025 2136 1083 1469 2161 296 9999 1028 1794 322 160 2669 530 969 2012 375 1583 1159 17 1293 
3690 1176 1404 111 462 1285 732 1028 9999 865 925 1178 1694 514 913 1274 698 629 136 1040 445 
3032 350 667 892 442 429 1510 1794 865 9999 1764 1954 880 1270 1179 561 1526 237 792 1809 502 
4584 2036 2195 949 1386 2162 329 322 925 1764 9999 374 2616 530 1151 2066 240 1536 1040 316 1279 
4868 2184 2292 1228 1624 2320 450 160 1178 1954 374 9999 2828 687 1107 2169 502 1742 1307 145 1452 
2209 770 961 1690 1232 631 2381 2669 1694 880 2616 2828 9999 2141 2021 982 2383 1087 1591 2683 1381 
4195 1520 1666 588 941 1651 240 530 514 1270 530 687 2141 9999 698 1538 296 1055 649 544 771 
4208 1272 1274 1023 1090 1418 823 969 913 1179 1151 1107 2021 698 9999 1167 959 1062 1016 986 771 
3181 272 131 1335 951 365 1764 2012 1274 561 2066 2169 982 1538 1167 9999 1827 737 1245 2029 831 
4378 1796 1957 735 1157 1922 163 375 698 1526 240 502 2383 296 959 1827 9999 1300 821 381 1038 
3188 572 857 654 216 664 1294 1583 629 237 1536 1742 1087 1055 1062 737 1300 9999 555 1597 312 
3561 1120 1373 100 363 1219 864 1159 136 792 1040 1307 1591 649 1016 1245 821 555 9999 1170 440 
4730 2041 2153 1094 1482 2176 308 17 1040 1809 316 145 2683 544 986 2029 381 1597 1170 9999 1307 
3499 759 962 518 327 883 1011 1293 445 502 1279 1452 1381 771 771 831 1038 312 440 1307 9999 
