NAME: ds_1016_courier_87
TYPE: TSP
COMMENT: nil
DIMENSION: 6
EDGE_WEIGHT_TYPE: EXPLICIT
EDGE_WEIGHT_FORMAT: FULL_MATRIX
EDGE_WEIGHT_SECTION
9999 889 1508 1745 1382 510 
889 9999 657 879 500 857 
1508 657 9999 241 409 1510 
1745 879 241 9999 523 1722 
1382 500 409 523 9999 1254 
510 857 1510 1722 1254 9999 
