NAME: ds_716_courier_4849
TYPE: TSP
COMMENT: nil
DIMENSION: 26
EDGE_WEIGHT_TYPE: EXPLICIT
EDGE_WEIGHT_FORMAT: FULL_MATRIX
EDGE_WEIGHT_SECTION
9999 80 3526 2617 3037 2967 1946 2648 3709 2367 3282 3194 3116 3061 3824 2998 1866 2290 2807 3056 2313 3089 3850 2531 3583 3588 
80 9999 3510 2609 3033 2964 1940 2641 3681 2343 3259 3167 3100 3042 3806 2988 1839 2279 2785 3023 2306 3066 3822 2529 3571 3573 
3526 3510 9999 951 698 761 1604 943 585 1211 412 586 412 485 307 582 1708 1245 767 878 1246 525 649 1113 169 65 
2617 2609 951 9999 452 396 672 61 1333 588 867 893 586 585 1258 383 931 341 518 999 305 697 1456 212 977 1007 
3037 3033 698 452 9999 73 1096 405 1225 993 825 933 521 595 983 236 1381 791 731 1148 737 738 1320 507 652 735 
2967 2964 761 396 73 9999 1028 345 1274 955 860 959 551 616 1049 253 1327 731 724 1159 672 759 1373 436 722 800 
1946 1940 1604 672 1096 1028 9999 701 1897 648 1433 1396 1209 1174 1910 1055 510 362 972 1375 367 1240 2032 599 1646 1664 
2648 2641 943 61 405 345 701 9999 1348 649 885 923 594 604 1249 365 983 386 562 1042 336 723 1469 185 959 997 
3709 3681 585 1333 1225 1274 1897 1348 9999 1345 470 516 757 748 515 1042 1843 1541 928 697 1581 658 141 1533 733 591 
2367 2343 1211 588 993 955 648 649 1345 9999 917 829 803 726 1488 820 507 415 450 744 522 727 1486 725 1309 1275 
3282 3259 412 867 825 860 1433 885 470 917 9999 174 312 281 607 612 1423 1075 476 466 1112 195 601 1070 573 467 
3194 3167 586 893 933 959 1396 923 516 829 174 9999 414 344 763 705 1328 1050 425 292 1103 204 656 1104 747 640 
3116 3100 412 586 521 551 1209 594 757 803 312 414 9999 101 708 301 1296 846 373 654 861 229 875 778 508 476 
3061 3042 485 585 595 616 1174 604 748 726 281 344 101 9999 766 363 1226 812 283 562 839 143 874 789 597 550 
3824 3806 307 1258 983 1049 1910 1249 515 1488 607 763 708 766 9999 887 1991 1549 1039 1041 1553 771 508 1419 340 254 
2998 2988 582 383 236 253 1055 365 1042 820 612 705 301 363 887 9999 1257 710 504 912 688 506 1150 532 594 634 
1866 1839 1708 931 1381 1327 510 983 1843 507 1423 1328 1296 1226 1991 1257 9999 606 955 1201 695 1234 1984 967 1794 1772 
2290 2279 1245 341 791 731 362 386 1541 415 1075 1050 846 812 1549 710 606 9999 626 1064 111 883 1675 366 1294 1305 
2807 2785 767 518 731 724 972 562 928 450 476 425 373 283 1039 504 955 626 9999 481 684 282 1066 728 879 832 
3056 3023 878 999 1148 1159 1375 1042 697 744 466 292 654 562 1041 912 1201 1064 481 9999 1140 425 833 1209 1038 932 
2313 2306 1246 305 737 672 367 336 1581 522 1112 1103 861 839 1553 688 695 111 684 1140 9999 925 1712 272 1281 1304 
3089 3066 525 697 738 759 1240 723 658 727 195 204 229 143 771 506 1234 883 282 425 925 9999 793 906 664 588 
3850 3822 649 1456 1320 1373 2032 1469 141 1486 601 656 875 874 508 1150 1984 1675 1066 833 1712 793 9999 1653 779 641 
2531 2529 1113 212 507 436 599 185 1533 725 1070 1104 778 789 1419 532 967 366 728 1209 272 906 1653 9999 1116 1165 
3583 3571 169 977 652 722 1646 959 733 1309 573 747 508 597 340 594 1794 1294 879 1038 1281 664 779 1116 9999 142 
3588 3573 65 1007 735 800 1664 997 591 1275 467 640 476 550 254 634 1772 1305 832 932 1304 588 641 1165 142 9999 
