NAME: ds_613_courier_75
TYPE: TSP
COMMENT: nil
DIMENSION: 20
EDGE_WEIGHT_TYPE: EXPLICIT
EDGE_WEIGHT_FORMAT: FULL_MATRIX
EDGE_WEIGHT_SECTION
9999 1847 2342 1483 1896 2186 1690 481 1153 1875 1654 1722 1085 983 149 177 670 1034 3958 1758 
1847 9999 506 1222 618 417 164 1504 1504 124 1084 1066 1121 1106 1699 1722 1263 931 2923 1255 
2342 506 9999 1645 917 422 654 2009 1975 527 1469 1432 1609 1604 2193 2223 1731 1376 2912 1435 
1483 1222 1645 9999 769 1272 1173 1003 446 1142 231 304 432 557 1372 1306 1344 1319 2478 2134 
1896 618 917 769 9999 514 669 1454 1168 500 565 520 892 948 1755 1736 1475 1251 2378 1820 
2186 417 422 1272 514 9999 572 1796 1642 331 1078 1034 1312 1334 2038 2045 1645 1333 2572 1640 
1690 164 654 1173 669 572 9999 1360 1415 247 1063 1057 1020 990 1542 1569 1099 767 3023 1156 
481 1504 2009 1003 1454 1796 1360 9999 702 1508 1174 1243 607 514 374 305 619 877 3480 1736 
1153 1504 1975 446 1168 1642 1415 702 9999 1451 675 749 406 487 1070 980 1208 1308 2832 2186 
1875 124 527 1142 500 331 247 1508 1451 9999 990 966 1082 1080 1727 1742 1317 1002 2801 1377 
1654 1084 1469 231 565 1078 1063 1174 675 990 9999 75 571 684 1533 1479 1432 1346 2335 2106 
1722 1066 1432 304 520 1034 1057 1243 749 966 75 9999 638 748 1600 1548 1483 1382 2277 2123 
1085 1121 1609 432 892 1312 1020 607 406 1082 571 638 9999 126 962 910 918 940 2897 1801 
983 1106 1604 557 948 1334 990 514 487 1080 684 748 126 9999 855 812 793 829 3016 1700 
149 1699 2193 1372 1755 2038 1542 374 1070 1727 1533 1600 962 855 9999 119 539 896 3850 1651 
177 1722 2223 1306 1736 2045 1569 305 980 1742 1479 1548 910 812 119 9999 622 963 3781 1748 
670 1263 1731 1344 1475 1645 1099 619 1208 1317 1432 1483 918 793 539 622 9999 371 3754 1134 
1034 931 1376 1319 1251 1333 767 877 1308 1002 1346 1382 940 829 896 963 371 9999 3604 886 
3958 2923 2912 2478 2378 2572 3023 3480 2832 2801 2335 2277 2897 3016 3850 3781 3754 3604 9999 4176 
1758 1255 1435 2134 1820 1640 1156 1736 2186 1377 2106 2123 1801 1700 1651 1748 1134 886 4176 9999 
