NAME: ds_614_courier_2615
TYPE: TSP
COMMENT: nil
DIMENSION: 19
EDGE_WEIGHT_TYPE: EXPLICIT
EDGE_WEIGHT_FORMAT: FULL_MATRIX
EDGE_WEIGHT_SECTION
9999 1756 1705 1692 1515 1483 1322 1226 1195 1425 1196 1367 864 818 967 982 1682 1481 502 
1756 9999 79 69 861 964 1275 1038 1027 1175 979 730 1040 1056 1406 1484 2567 1551 1255 
1705 79 9999 84 784 887 1196 960 949 1096 981 741 970 989 1397 1475 2489 1472 1205 
1692 69 84 9999 852 953 1253 1010 997 1158 915 669 989 1003 1339 1417 2535 1533 1190 
1515 861 784 852 9999 108 460 323 342 329 1413 1278 657 707 1686 1761 1775 703 1124 
1483 964 887 953 108 9999 356 262 290 222 1469 1349 641 693 1719 1792 1669 595 1120 
1322 1275 1196 1253 460 356 9999 261 288 151 1596 1530 605 653 1761 1827 1316 294 1066 
1226 1038 960 1010 323 262 261 9999 36 247 1347 1271 408 460 1541 1611 1531 555 890 
1195 1027 949 997 342 290 288 36 9999 283 1315 1242 372 424 1506 1575 1540 581 854 
1425 1175 1096 1158 329 222 151 247 283 9999 1586 1495 648 699 1788 1857 1449 377 1126 
1196 979 981 915 1413 1469 1596 1347 1315 1586 9999 267 1028 995 452 523 2603 1881 795 
1367 730 741 669 1278 1349 1530 1271 1242 1495 267 9999 1017 997 718 790 2640 1823 911 
864 1040 970 989 657 641 605 408 372 648 1028 1017 9999 52 1156 1221 1630 871 483 
818 1056 989 1003 707 693 653 460 424 699 995 997 52 9999 1110 1175 1645 913 431 
967 1406 1397 1339 1686 1719 1761 1541 1506 1788 452 718 1156 1110 9999 79 2564 2022 750 
982 1484 1475 1417 1761 1792 1827 1611 1575 1857 523 790 1221 1175 79 9999 2601 2084 802 
1682 2567 2489 2535 1775 1669 1316 1531 1540 1449 2603 2640 1630 1645 2564 2601 9999 1101 1835 
1481 1551 1472 1533 703 595 294 555 581 377 1881 1823 871 913 2022 2084 1101 9999 1301 
502 1255 1205 1190 1124 1120 1066 890 854 1126 795 911 483 431 750 802 1835 1301 9999 
