NAME: ds_906_courier_1103
TYPE: TSP
COMMENT: nil
DIMENSION: 32
EDGE_WEIGHT_TYPE: EXPLICIT
EDGE_WEIGHT_FORMAT: FULL_MATRIX
EDGE_WEIGHT_SECTION
9999 3508 3891 3029 3620 1985 2529 2486 2480 2619 2267 2323 2279 2239 2236 2301 2198 2274 2069 1966 493 254 467 363 286 472 335 515 738 755 918 1245 
3508 9999 401 547 451 1987 1236 1315 1300 1193 2275 2528 2666 3132 3106 2539 2045 1994 1934 1917 3316 3382 3064 3160 3222 3506 3412 3265 3780 3694 3835 4231 
3891 401 9999 945 640 2383 1629 1707 1693 1581 2653 2901 3040 3510 3484 2912 2430 2376 2328 2314 3681 3757 3442 3540 3604 3871 3782 3630 4135 4047 4181 4631 
3029 547 945 9999 606 1440 691 771 755 656 1745 2004 2138 2600 2574 2013 1506 1460 1388 1369 2880 2923 2600 2692 2745 3071 2962 2830 3362 3283 3434 3696 
3620 451 640 606 9999 1904 1161 1229 1223 1090 2098 2331 2474 2947 2921 2345 1900 1837 1837 1853 3485 3522 3199 3289 3337 3675 3563 3435 3968 3889 4041 4221 
1985 1987 2383 1440 1904 9999 756 680 691 815 511 754 845 1240 1215 750 276 328 84 104 2056 1985 1687 1742 1743 2219 2062 2016 2554 2508 2687 2336 
2529 1236 1629 691 1161 756 9999 81 65 94 1068 1333 1462 1916 1890 1339 820 779 699 695 2472 2467 2144 2224 2256 2656 2523 2425 2974 2908 3075 3061 
2486 1315 1707 771 1229 680 81 9999 26 141 988 1253 1382 1836 1810 1260 739 699 622 624 2443 2430 2109 2186 2215 2625 2489 2397 2946 2882 3051 2994 
2480 1300 1693 755 1223 691 65 26 9999 140 1009 1274 1403 1855 1829 1281 758 720 635 631 2433 2422 2101 2179 2208 2615 2480 2386 2935 2870 3039 2999 
2619 1193 1581 656 1090 815 94 141 140 9999 1089 1350 1483 1944 1917 1358 852 804 753 763 2566 2559 2237 2316 2347 2749 2616 2519 3067 3001 3169 3134 
2267 2275 2653 1745 2098 511 1068 988 1009 1089 9999 268 394 858 831 272 269 290 486 612 2424 2315 2046 2083 2060 2570 2403 2390 2906 2872 3054 2350 
2323 2528 2901 2004 2331 754 1333 1253 1274 1350 268 9999 144 617 590 24 535 557 742 858 2529 2399 2152 2177 2142 2663 2492 2499 2995 2970 3152 2262 
2279 2666 3040 2138 2474 845 1462 1382 1403 1483 394 144 9999 474 447 128 652 683 844 949 2511 2369 2135 2153 2112 2636 2464 2483 2966 2945 3127 2152 
2239 3132 3510 2600 2947 1240 1916 1836 1855 1944 858 617 474 9999 27 602 1097 1140 1259 1340 2552 2376 2193 2189 2126 2649 2476 2532 2963 2959 3136 1859 
2236 3106 3484 2574 2921 1215 1890 1810 1829 1917 831 590 447 27 9999 576 1071 1114 1234 1315 2545 2370 2185 2182 2120 2644 2470 2525 2959 2954 3131 1871 
2301 2539 2912 2013 2345 750 1339 1260 1281 1358 272 24 128 602 576 9999 537 562 740 854 2509 2378 2132 2156 2121 2642 2471 2479 2974 2949 3131 2238 
2198 2045 2430 1506 1900 276 820 739 758 852 269 535 652 1097 1071 537 9999 80 229 366 2303 2218 1929 1977 1969 2460 2299 2265 2796 2754 2935 2425 
2274 1994 2376 1460 1837 328 779 699 720 804 290 557 683 1140 1114 562 80 9999 265 406 2372 2291 2000 2050 2043 2531 2371 2334 2867 2824 3004 2503 
2069 1934 2328 1388 1837 84 699 622 635 753 486 742 844 1259 1234 740 229 265 9999 141 2135 2068 1768 1824 1825 2300 2144 2095 2634 2587 2766 2411 
1966 1917 2314 1369 1853 104 695 624 631 763 612 858 949 1340 1315 854 366 406 141 9999 2012 1953 1648 1708 1715 2180 2026 1971 2513 2463 2642 2373 
493 3316 3681 2880 3485 2056 2472 2443 2433 2566 2424 2529 2511 2552 2545 2509 2303 2372 2135 2012 9999 240 378 363 436 191 166 51 504 452 632 1737 
254 3382 3757 2923 3522 1985 2467 2430 2422 2559 2315 2399 2369 2376 2370 2378 2218 2291 2068 1953 240 9999 324 246 258 274 102 261 597 584 762 1498 
467 3064 3442 2600 3199 1687 2144 2109 2101 2237 2046 2152 2135 2193 2185 2132 1929 2000 1768 1648 378 324 9999 104 205 532 381 348 867 827 1008 1607 
363 3160 3540 2692 3289 1742 2224 2186 2179 2316 2083 2177 2153 2189 2182 2156 1977 2050 1824 1708 363 246 104 9999 110 487 322 346 823 793 975 1518 
286 3222 3604 2745 3337 1743 2256 2215 2208 2347 2060 2142 2112 2126 2120 2121 1969 2043 1825 1715 436 258 205 110 9999 527 353 428 855 837 1018 1408 
472 3506 3871 3071 3675 2219 2656 2625 2615 2749 2570 2663 2636 2649 2644 2642 2460 2531 2300 2180 191 274 532 487 527 9999 174 241 336 311 491 1688 
335 3412 3782 2962 3563 2062 2523 2489 2480 2616 2403 2492 2464 2476 2470 2471 2299 2371 2144 2026 166 102 381 322 353 174 9999 201 504 484 664 1577 
515 3265 3630 2830 3435 2016 2425 2397 2386 2519 2390 2499 2483 2532 2525 2479 2265 2334 2095 1971 51 261 348 346 428 241 201 9999 549 492 671 1758 
738 3780 4135 3362 3968 2554 2974 2946 2935 3067 2906 2995 2966 2963 2959 2974 2796 2867 2634 2513 504 597 867 823 855 336 504 549 9999 102 183 1849 
755 3694 4047 3283 3889 2508 2908 2882 2870 3001 2872 2970 2945 2959 2954 2949 2754 2824 2587 2463 452 584 827 793 837 311 484 492 102 9999 182 1908 
918 3835 4181 3434 4041 2687 3075 3051 3039 3169 3054 3152 3127 3136 3131 3131 2935 3004 2766 2642 632 762 1008 975 1018 491 664 671 183 182 9999 2025 
1245 4231 4631 3696 4221 2336 3061 2994 2999 3134 2350 2262 2152 1859 1871 2238 2425 2503 2411 2373 1737 1498 1607 1518 1408 1688 1577 1758 1849 1908 2025 9999 
