NAME: ds_828_courier_75
TYPE: TSP
COMMENT: nil
DIMENSION: 46
EDGE_WEIGHT_TYPE: EXPLICIT
EDGE_WEIGHT_FORMAT: FULL_MATRIX
EDGE_WEIGHT_SECTION
9999 1965 2510 2277 2339 2355 2088 2180 2467 2629 2431 2517 2493 1649 1628 2011 1900 1573 1420 1839 1613 1673 1812 1859 2101 1702 1475 1532 1880 929 1428 1650 1458 1406 2027 1368 557 1033 1195 708 3901 117 195 450 499 414 
1965 9999 1405 1005 850 626 131 244 700 1148 1123 1334 1477 827 764 715 581 1794 1477 1162 972 494 683 714 1653 1340 1100 1158 2246 2167 2117 2279 2475 2475 2061 1337 1754 1958 1886 1541 4278 1850 1770 1536 1690 1625 
2510 1405 9999 400 590 893 1448 1526 915 468 305 96 107 924 975 719 880 1291 1192 674 911 1129 862 806 692 861 1036 981 1535 2129 1723 1743 2119 2157 1203 1178 2025 1850 1669 1819 3128 2427 2355 2245 2036 2097 
2277 1005 400 9999 233 532 1051 1132 584 365 158 335 476 631 663 335 497 1302 1107 549 674 759 509 452 844 795 838 813 1645 2039 1727 1798 2129 2156 1353 1044 1841 1766 1608 1620 3433 2183 2108 1964 1833 1865 
2339 850 590 233 9999 305 874 943 351 323 287 505 681 704 713 328 456 1498 1274 733 787 720 528 481 1074 983 963 956 1862 2186 1914 2001 2315 2338 1579 1192 1941 1920 1774 1716 3665 2238 2160 1993 1921 1934 
2355 626 893 532 305 9999 616 666 112 540 588 805 986 808 790 450 480 1713 1455 957 928 683 603 580 1354 1198 1103 1119 2108 2321 2112 2221 2506 2523 1845 1350 2016 2068 1942 1789 3963 2248 2168 1972 1980 1966 
2088 131 1448 1051 874 616 9999 116 672 1153 1156 1372 1526 938 879 786 668 1911 1598 1259 1084 615 781 806 1742 1447 1219 1274 2360 2298 2242 2400 2602 2603 2165 1459 1884 2088 2013 1672 4373 1972 1893 1655 1820 1753 
2180 244 1526 1132 943 666 116 9999 705 1206 1228 1446 1608 1052 994 884 774 2027 1714 1367 1199 731 891 913 1847 1560 1334 1389 2474 2411 2358 2516 2718 2718 2276 1575 1991 2202 2129 1781 4479 2063 1985 1742 1924 1853 
2467 700 915 584 351 112 672 705 9999 517 612 823 1014 917 901 551 591 1807 1556 1046 1033 794 713 687 1422 1291 1209 1222 2193 2430 2211 2314 2607 2624 1921 1455 2128 2175 2046 1901 4015 2359 2279 2082 2093 2078 
2629 1148 468 365 323 540 1153 1206 517 9999 245 372 574 980 1003 631 773 1639 1465 906 1036 1040 828 776 1112 1146 1202 1178 1947 2402 2070 2125 2472 2502 1632 1408 2204 2128 1965 1982 3593 2532 2455 2299 2193 2219 
2431 1123 305 158 287 588 1156 1228 612 245 9999 218 402 787 821 486 646 1394 1225 666 822 912 666 610 879 903 980 948 1707 2165 1825 1881 2227 2257 1398 1174 1986 1889 1724 1767 3414 2338 2262 2122 1981 2018 
2517 1334 96 335 505 805 1372 1446 823 372 218 9999 203 905 951 665 828 1348 1229 692 907 1084 822 766 768 897 1044 996 1611 2170 1782 1811 2180 2215 1283 1204 2043 1891 1714 1832 3225 2430 2357 2236 2050 2103 
2493 1477 107 476 681 986 1526 1608 1014 574 402 203 9999 942 998 777 935 1221 1146 655 912 1173 902 848 604 818 1022 961 1444 2075 1651 1661 2044 2083 1108 1145 1995 1796 1610 1794 3022 2413 2343 2244 2012 2081 
1649 827 924 631 704 808 938 1052 917 980 787 905 942 9999 71 382 338 977 677 381 146 345 206 232 878 516 303 341 1422 1513 1336 1475 1719 1730 1239 554 1238 1260 1142 1012 3466 1553 1477 1337 1218 1238 
1628 764 975 663 713 790 879 994 901 1003 821 951 998 71 9999 385 311 1033 726 452 209 277 191 233 950 583 346 395 1482 1534 1381 1527 1759 1768 1306 595 1236 1287 1178 1009 3535 1529 1452 1301 1211 1221 
2011 715 719 335 328 450 786 884 551 631 486 665 777 382 385 9999 162 1266 1005 521 484 425 199 153 969 754 662 671 1673 1887 1662 1774 2057 2073 1430 904 1618 1627 1495 1392 3603 1910 1832 1669 1595 1605 
1900 581 880 497 456 480 668 774 591 773 646 828 935 338 311 162 9999 1296 1009 594 472 268 135 141 1075 801 640 670 1724 1845 1670 1800 2056 2068 1506 891 1539 1596 1480 1311 3706 1796 1717 1541 1506 1502 
1573 1794 1291 1302 1498 1713 1911 2027 1807 1639 1394 1348 1221 977 1033 1266 1296 9999 329 765 832 1300 1163 1161 648 517 695 638 467 896 433 507 834 867 460 479 1017 630 431 910 2606 1535 1491 1523 1084 1226 
1420 1477 1192 1107 1274 1455 1598 1714 1556 1465 1225 1229 1146 677 726 1005 1009 329 9999 559 537 983 875 883 682 332 380 340 796 943 660 802 1051 1068 729 149 881 665 502 715 2927 1361 1305 1289 921 1032 
1839 1162 674 549 733 957 1259 1367 1046 906 666 692 655 381 452 521 594 765 559 9999 287 712 479 454 501 249 368 308 1153 1498 1182 1270 1584 1608 914 514 1353 1223 1060 1145 3116 1758 1688 1595 1363 1426 
1613 972 911 674 787 928 1084 1199 1033 1036 822 907 912 146 209 484 472 832 537 287 9999 485 338 349 763 375 177 198 1276 1404 1197 1331 1585 1598 1098 423 1168 1143 1014 946 3328 1524 1451 1334 1160 1199 
1673 494 1129 759 720 683 615 731 794 1040 912 1084 1173 345 277 425 268 1300 983 712 485 9999 272 325 1213 860 605 665 1755 1720 1627 1785 1993 1996 1583 844 1358 1492 1405 1134 3811 1565 1485 1294 1313 1287 
1812 683 862 509 528 603 781 891 713 828 666 822 902 206 191 199 135 1163 875 479 338 272 9999 57 972 673 507 535 1595 1718 1535 1666 1921 1934 1385 757 1428 1466 1347 1200 3595 1711 1633 1471 1401 1407 
1859 714 806 452 481 580 806 913 687 776 610 766 848 232 233 153 141 1161 883 454 349 325 57 9999 939 662 524 543 1586 1744 1543 1667 1933 1947 1366 771 1466 1488 1363 1239 3567 1760 1682 1523 1443 1453 
2101 1653 692 844 1074 1354 1742 1847 1422 1112 879 768 604 878 950 969 1075 648 682 501 763 1213 972 939 9999 442 763 678 843 1537 1064 1058 1448 1491 519 749 1561 1264 1068 1395 2634 2040 1981 1942 1603 1709 
1702 1340 861 795 983 1198 1447 1560 1291 1146 903 897 818 516 583 754 801 517 332 249 375 860 673 662 442 9999 327 241 924 1273 933 1023 1335 1361 724 335 1184 994 822 994 2953 1631 1568 1510 1210 1298 
1475 1100 1036 838 963 1103 1219 1334 1209 1202 980 1044 1022 303 346 662 640 695 380 368 177 605 507 524 763 327 9999 86 1154 1226 1035 1182 1417 1428 1016 251 1006 966 841 790 3247 1391 1321 1229 1006 1061 
1532 1158 981 813 956 1119 1274 1389 1222 1178 948 996 961 341 395 671 670 638 340 308 198 665 535 543 678 241 86 9999 1089 1232 1000 1134 1389 1404 937 236 1047 964 825 837 3170 1452 1384 1302 1055 1120 
1880 2246 1535 1645 1862 2108 2360 2474 2193 1947 1707 1611 1444 1422 1482 1673 1724 467 796 1153 1276 1755 1595 1586 843 924 1154 1089 9999 1038 466 298 711 769 350 945 1339 850 690 1290 2151 1865 1834 1911 1426 1587 
929 2167 2129 2039 2186 2321 2298 2411 2430 2402 2165 2170 2075 1513 1534 1887 1845 896 943 1498 1404 1720 1718 1744 1537 1273 1226 1232 1038 9999 574 765 530 482 1276 997 523 279 470 661 2973 954 955 1134 629 795 
1428 2117 1723 1727 1914 2112 2242 2358 2211 2070 1825 1782 1651 1336 1381 1662 1670 433 660 1182 1197 1627 1535 1543 1064 933 1035 1000 466 574 9999 230 403 434 716 786 903 395 282 898 2520 1422 1398 1504 999 1167 
1650 2279 1743 1798 2001 2221 2400 2516 2314 2125 1881 1811 1661 1475 1527 1774 1800 507 802 1270 1331 1785 1666 1667 1058 1023 1182 1134 298 765 230 9999 417 474 621 943 1132 621 508 1126 2290 1648 1626 1735 1229 1397 
1458 2475 2119 2129 2315 2506 2602 2718 2607 2472 2227 2180 2044 1719 1759 2057 2056 834 1051 1584 1585 1993 1921 1933 1448 1335 1417 1389 711 530 403 417 9999 66 1037 1165 1025 559 589 1104 2449 1485 1483 1647 1131 1303 
1406 2475 2157 2156 2338 2523 2603 2718 2624 2502 2257 2215 2083 1730 1768 2073 2068 867 1068 1608 1598 1996 1934 1947 1491 1361 1428 1404 769 482 434 474 66 9999 1091 1177 987 540 591 1078 2506 1436 1436 1608 1094 1264 
2027 2061 1203 1353 1579 1845 2165 2276 1921 1632 1398 1283 1108 1239 1306 1430 1506 460 729 914 1098 1583 1385 1366 519 724 1016 937 350 1276 716 621 1037 1091 9999 866 1471 1041 850 1370 2233 1993 1951 1982 1543 1686 
1368 1337 1178 1044 1192 1350 1459 1575 1455 1408 1174 1204 1145 554 595 904 891 479 149 514 423 844 757 771 749 335 251 236 945 997 786 943 1165 1177 866 9999 852 728 592 660 3074 1299 1237 1195 875 966 
557 1754 2025 1841 1941 2016 1884 1991 2128 2204 1986 2043 1995 1238 1236 1618 1539 1017 881 1353 1168 1358 1428 1466 1561 1184 1006 1047 1339 523 903 1132 1025 987 1471 852 9999 513 649 228 3415 527 496 623 106 278 
1033 1958 1850 1766 1920 2068 2088 2202 2175 2128 1889 1891 1796 1260 1287 1627 1596 630 665 1223 1143 1492 1466 1488 1264 994 966 964 850 279 395 621 559 540 1041 728 513 9999 199 548 2902 1027 1005 1127 613 784 
1195 1886 1669 1608 1774 1942 2013 2129 2046 1965 1724 1714 1610 1142 1178 1495 1480 431 502 1060 1014 1405 1347 1363 1068 822 841 825 690 470 282 508 589 591 850 592 649 199 9999 619 2796 1175 1144 1232 737 900 
708 1541 1819 1620 1716 1789 1672 1781 1901 1982 1767 1832 1794 1012 1009 1392 1311 910 715 1145 946 1134 1200 1239 1395 994 790 837 1290 661 898 1126 1104 1078 1370 660 228 548 619 9999 3414 646 591 621 218 320 
3901 4278 3128 3433 3665 3963 4373 4479 4015 3593 3414 3225 3022 3466 3535 3603 3706 2606 2927 3116 3328 3811 3595 3567 2634 2953 3247 3170 2151 2973 2520 2290 2449 2506 2233 3074 3415 2902 2796 3414 9999 3916 3903 4024 3514 3685 
117 1850 2427 2183 2238 2248 1972 2063 2359 2532 2338 2430 2413 1553 1529 1910 1796 1535 1361 1758 1524 1565 1711 1760 2040 1631 1391 1452 1865 954 1422 1648 1485 1436 1993 1299 527 1027 1175 646 3916 9999 80 334 451 334 
195 1770 2355 2108 2160 2168 1893 1985 2279 2455 2262 2357 2343 1477 1452 1832 1717 1491 1305 1688 1451 1485 1633 1682 1981 1568 1321 1384 1834 955 1398 1626 1483 1436 1951 1237 496 1005 1144 591 3903 80 9999 265 410 273 
450 1536 2245 1964 1993 1972 1655 1742 2082 2299 2122 2236 2244 1337 1301 1669 1541 1523 1289 1595 1334 1294 1471 1523 1942 1510 1229 1302 1911 1134 1504 1735 1647 1608 1982 1195 623 1127 1232 621 4024 334 265 9999 518 345 
499 1690 2036 1833 1921 1980 1820 1924 2093 2193 1981 2050 2012 1218 1211 1595 1506 1084 921 1363 1160 1313 1401 1443 1603 1210 1006 1055 1426 629 999 1229 1131 1094 1543 875 106 613 737 218 3514 451 410 518 9999 173 
414 1625 2097 1865 1934 1966 1753 1853 2078 2219 2018 2103 2081 1238 1221 1605 1502 1226 1032 1426 1199 1287 1407 1453 1709 1298 1061 1120 1587 795 1167 1397 1303 1264 1686 966 278 784 900 320 3685 334 273 345 173 9999 
