,0,1,2,3,4,5,6,7,8
0,0.0,4240.068959705993,3437.789455350249,3444.7206557603477,3136.6331471917197,3641.3684630042576,3782.672341278615,2516.2564148076635,1323.8836101157292
1,4240.068959705993,0.0,4166.411590631906,4167.424392432769,1596.1816931133822,1157.9972794674443,1949.2388443615746,4327.2232032424745,5079.422885397697
2,3437.789455350249,4166.411590631906,0.0,7.1733659169945625,4359.724605046998,4516.959497514249,5204.447530781658,1056.568758972383,2957.1994337376586
3,3444.7206557603477,4167.424392432769,7.1733659169945625,0.0,4363.260616702799,4519.730741413319,5207.871508994496,1063.6404250516734,2964.313804407792
4,3136.6331471917197,1596.1816931133822,4359.724605046998,4363.260616702799,0.0,549.9917642365265,848.9440523245953,4123.436877356564,4247.174214888977
5,3641.3684630042576,1157.9972794674443,4516.959497514249,4519.730741413319,549.9917642365265,0.0,844.1819482853834,4401.523447978333,4699.8666430133635
6,3782.672341278615,1949.2388443615746,5204.447530781658,5207.871508994496,848.9440523245953,844.1819482853834,0.0,4966.023110099987,4974.274287392387
7,2516.2564148076635,4327.2232032424745,1056.568758972383,1063.6404250516734,4123.436877356564,4401.523447978333,4966.023110099987,0.0,1901.9890707223024
8,1323.8836101157292,5079.422885397697,2957.1994337376586,2964.313804407792,4247.174214888977,4699.8666430133635,4974.274287392387,1901.9890707223024,0.0
