NAME: ds_806_courier_4474
TYPE: TSP
COMMENT: nil
DIMENSION: 16
EDGE_WEIGHT_TYPE: EXPLICIT
EDGE_WEIGHT_FORMAT: FULL_MATRIX
EDGE_WEIGHT_SECTION
9999 1045 1296 1758 1004 1077 1514 1504 635 1412 1204 1750 2018 2087 1377 1290 
1045 9999 291 782 370 94 1976 1959 1060 1542 801 1273 1123 1129 536 247 
1296 291 9999 491 623 224 2031 2013 1194 1533 730 1100 836 838 312 198 
1758 782 491 9999 1086 713 2238 2219 1544 1672 884 984 387 348 421 613 
1004 370 623 1086 9999 464 2197 2181 1228 1826 1144 1639 1454 1430 902 474 
1077 94 224 713 464 9999 1930 1912 1036 1477 719 1180 1042 1058 444 248 
1514 1976 2031 2238 2197 1930 9999 19 982 603 1357 1482 2239 2414 1848 2168 
1504 1959 2013 2219 2181 1912 19 9999 968 584 1338 1463 2220 2395 1830 2151 
635 1060 1194 1544 1228 1036 982 968 9999 779 754 1224 1697 1818 1123 1285 
1412 1542 1533 1672 1826 1477 603 584 779 9999 814 880 1643 1824 1308 1696 
1204 801 730 884 1144 719 1357 1338 754 814 9999 561 958 1101 495 907 
1750 1273 1100 984 1639 1180 1482 1463 1224 880 561 9999 822 1020 790 1298 
2018 1123 836 387 1454 1042 2239 2220 1697 1643 958 822 9999 203 643 986 
2087 1129 838 348 1430 1058 2414 2395 1818 1824 1101 1020 203 9999 716 955 
1377 536 312 421 902 444 1848 1830 1123 1308 495 790 643 716 9999 510 
1290 247 198 613 474 248 2168 2151 1285 1696 907 1298 986 955 510 9999 
