NAME: ds_726_courier_2925
TYPE: TSP
COMMENT: nil
DIMENSION: 23
EDGE_WEIGHT_TYPE: EXPLICIT
EDGE_WEIGHT_FORMAT: FULL_MATRIX
EDGE_WEIGHT_SECTION
9999 80 3355 2238 3158 2583 3057 2242 4179 3529 4904 4450 4836 4943 3874 3091 3825 3060 3156 3455 4181 3352 3334 
80 9999 3304 2176 3108 2520 2996 2179 4137 3481 4862 4409 4796 4903 3832 3025 3782 3002 3105 3415 4136 3300 3282 
3355 3304 9999 1229 209 990 607 1256 961 276 1656 1261 1623 1750 707 863 664 468 199 577 909 32 49 
2238 2176 1229 9999 1075 350 821 58 2171 1469 2883 2469 2843 2967 1887 872 1839 845 1039 1563 2133 1216 1195 
3158 3108 209 1075 9999 879 590 1109 1096 394 1811 1394 1768 1892 815 868 767 432 83 563 1063 219 210 
2583 2520 990 350 879 9999 491 341 1951 1254 2641 2251 2612 2740 1686 523 1640 550 823 1422 1897 970 949 
3057 2996 607 821 590 491 9999 824 1542 883 2200 1839 2182 2313 1310 280 1269 159 510 1147 1472 579 559 
2242 2179 1256 58 1109 341 824 9999 2204 1501 2912 2502 2874 2999 1922 856 1874 858 1069 1605 2163 1241 1221 
4179 4137 961 2171 1096 1951 1542 2204 9999 703 727 300 673 796 305 1761 354 1421 1136 737 127 982 1003 
3529 3481 276 1469 394 1254 883 1501 703 9999 1417 1002 1374 1498 433 1134 389 743 434 373 669 304 324 
4904 4862 1656 2883 1811 2641 2200 2912 727 1417 9999 461 120 185 1031 2384 1081 2096 1843 1453 749 1673 1694 
4450 4409 1261 2469 1394 2251 1839 2502 300 1002 461 9999 386 501 588 2052 638 1720 1435 996 375 1282 1303 
4836 4796 1623 2843 1768 2612 2182 2874 673 1374 120 386 9999 133 972 2377 1022 2072 1805 1382 715 1642 1663 
4943 4903 1750 2967 1892 2740 2313 2999 796 1498 185 501 133 9999 1089 2510 1139 2202 1930 1489 844 1770 1791 
3874 3832 707 1887 815 1686 1310 1922 305 433 1031 588 972 1089 9999 1550 50 1175 864 437 332 733 753 
3091 3025 863 872 868 523 280 856 1761 1134 2384 2052 2377 2510 1550 9999 1512 438 786 1419 1679 832 814 
3825 3782 664 1839 767 1640 1269 1874 354 389 1081 638 1022 1139 50 1512 9999 1132 817 393 375 691 711 
3060 3002 468 845 432 550 159 858 1421 743 2096 1720 2072 2202 1175 438 1132 9999 353 991 1358 442 422 
3156 3105 199 1039 83 823 510 1069 1136 434 1843 1435 1805 1930 864 786 817 353 9999 639 1094 196 180 
3455 3415 577 1563 563 1422 1147 1605 737 373 1453 996 1382 1489 437 1419 393 991 639 9999 768 609 623 
4181 4136 909 2133 1063 1897 1472 2163 127 669 749 375 715 844 332 1679 375 1358 1094 768 9999 927 948 
3352 3300 32 1216 219 970 579 1241 982 304 1673 1282 1642 1770 733 832 691 442 196 609 927 9999 21 
3334 3282 49 1195 210 949 559 1221 1003 324 1694 1303 1663 1791 753 814 711 422 180 623 948 21 9999 
