NAME: ds_817_courier_75
TYPE: TSP
COMMENT: nil
DIMENSION: 34
EDGE_WEIGHT_TYPE: EXPLICIT
EDGE_WEIGHT_FORMAT: FULL_MATRIX
EDGE_WEIGHT_SECTION
9999 2274 2322 2423 2429 1985 1856 2333 2501 1542 2040 1755 1699 2401 2395 1993 1545 1200 1602 1280 1644 1382 1728 1608 973 704 978 1365 1201 8912 101 142 287 534 
2274 9999 130 183 227 670 849 950 609 812 423 696 625 522 616 1136 776 1097 672 1369 1081 2225 2142 1885 1328 1813 1620 1619 2236 7598 2205 2289 1996 1741 
2322 130 9999 102 312 601 790 838 721 902 371 673 639 640 737 1265 860 1164 725 1471 1198 2334 2262 2003 1392 1891 1709 1729 2338 7685 2256 2343 2048 1791 
2423 183 102 9999 281 684 876 878 699 989 464 771 741 632 732 1305 950 1260 824 1551 1263 2408 2323 2067 1490 1984 1797 1802 2418 7627 2357 2443 2148 1892 
2429 227 312 281 9999 895 1075 1148 418 915 650 918 830 354 456 1079 894 1233 841 1431 1099 2257 2134 1885 1465 1923 1707 1652 2286 7377 2354 2433 2146 1895 
1985 670 601 684 895 9999 195 445 1263 932 251 250 412 1163 1243 1565 864 1015 625 1485 1356 2350 2379 2116 1197 1723 1623 1783 2305 8266 1940 2039 1742 1489 
1856 849 790 876 1075 195 9999 490 1426 969 426 253 448 1322 1396 1652 899 983 658 1486 1408 2331 2393 2133 1137 1656 1586 1788 2271 8433 1817 1920 1627 1380 
2333 950 838 878 1148 445 490 9999 1557 1375 619 684 857 1472 1565 1978 1308 1451 1070 1930 1793 2792 2823 2560 1620 2142 2059 2228 2743 8497 2299 2402 2112 1867 
2501 609 721 699 418 1263 1426 1557 9999 964 1012 1229 1093 112 119 813 974 1313 1024 1348 966 2087 1901 1672 1531 1911 1660 1506 2149 7008 2416 2481 2214 1981 
1542 812 902 989 915 932 969 1375 964 9999 795 719 526 861 864 739 70 349 312 582 442 1456 1450 1186 569 1008 808 865 1444 7751 1460 1532 1255 1017 
2040 423 371 464 650 251 426 619 1012 795 9999 313 349 912 994 1359 734 960 521 1373 1189 2248 2239 1976 1170 1693 1555 1661 2222 8016 1984 2078 1779 1521 
1755 696 673 771 918 250 253 684 1229 719 313 9999 196 1120 1186 1401 649 768 407 1250 1156 2108 2153 1891 947 1473 1376 1551 2059 8230 1705 1803 1505 1249 
1699 625 639 741 830 412 448 857 1093 526 349 196 9999 982 1038 1207 457 620 215 1074 961 1940 1969 1706 823 1348 1224 1372 1901 8075 1640 1732 1434 1175 
2401 522 640 632 354 1163 1322 1472 112 861 912 1120 982 9999 102 782 868 1209 912 1270 896 2033 1865 1629 1429 1822 1576 1444 2087 7113 2317 2384 2114 1878 
2395 616 737 732 456 1243 1396 1565 119 864 994 1186 1038 102 9999 701 879 1213 949 1231 848 1969 1788 1557 1427 1797 1544 1388 2031 7044 2309 2372 2108 1878 
1993 1136 1265 1305 1079 1565 1652 1978 813 739 1359 1401 1207 782 701 9999 801 992 1015 715 368 1294 1087 863 1126 1312 1034 757 1380 7051 1896 1935 1719 1541 
1545 776 860 950 894 864 899 1308 974 70 734 649 457 868 879 801 9999 345 242 640 511 1515 1516 1253 574 1037 850 928 1497 7799 1466 1541 1259 1016 
1200 1097 1164 1260 1233 1015 983 1451 1313 349 960 768 620 1209 1213 992 345 9999 448 529 634 1348 1437 1185 232 735 608 828 1292 8042 1122 1200 915 671 
1602 672 725 824 841 625 658 1070 1024 312 521 407 215 912 949 1015 242 448 9999 864 751 1735 1754 1491 670 1182 1034 1159 1703 7952 1534 1620 1325 1070 
1280 1369 1471 1551 1431 1485 1486 1930 1348 582 1373 1250 1074 1270 1231 715 640 529 864 9999 392 875 911 657 523 599 324 303 867 7693 1182 1220 1012 860 
1644 1081 1198 1263 1099 1356 1408 1793 966 442 1189 1156 961 896 848 368 511 634 751 392 9999 1158 1066 806 758 985 715 555 1195 7417 1549 1596 1365 1177 
1382 2225 2334 2408 2257 2350 2331 2792 2087 1456 2248 2108 1940 2033 1969 1294 1515 1348 1735 875 1158 9999 396 456 1230 831 761 607 191 7645 1292 1254 1247 1282 
1728 2142 2262 2323 2134 2379 2393 2823 1901 1450 2239 2153 1969 1865 1788 1087 1516 1437 1754 911 1066 396 9999 264 1378 1100 938 609 582 7252 1632 1608 1556 1540 
1608 1885 2003 2067 1885 2116 2133 2560 1672 1186 1976 1891 1706 1629 1557 863 1253 1185 1491 657 806 456 264 9999 1145 936 731 360 594 7316 1509 1501 1406 1354 
973 1328 1392 1490 1465 1197 1137 1620 1531 569 1170 947 823 1429 1427 1126 574 232 670 523 758 1230 1378 1145 9999 527 469 787 1146 8171 893 968 686 451 
704 1813 1891 1984 1923 1723 1656 2142 1911 1008 1693 1473 1348 1822 1797 1312 1037 735 1182 599 985 831 1100 936 527 9999 280 662 697 8213 604 627 472 451 
978 1620 1709 1797 1707 1623 1586 2059 1660 808 1555 1376 1224 1576 1544 1034 850 608 1034 324 715 761 938 731 469 280 9999 410 686 7953 878 906 726 628 
1365 1619 1729 1802 1652 1783 1788 2228 1506 865 1661 1551 1372 1444 1388 757 928 828 1159 303 555 607 609 360 787 662 410 9999 643 7551 1264 1277 1128 1036 
1201 2236 2338 2418 2286 2305 2271 2743 2149 1444 2222 2059 1901 2087 2031 1380 1497 1292 1703 867 1195 191 582 594 1146 697 686 643 9999 7834 1112 1070 1082 1141 
8912 7598 7685 7627 7377 8266 8433 8497 7008 7751 8016 8230 8075 7113 7044 7051 7799 8042 7952 7693 7417 7645 7252 7316 8171 8213 7953 7551 7834 9999 8812 8814 8678 8553 
101 2205 2256 2357 2354 1940 1817 2299 2416 1460 1984 1705 1640 2317 2309 1896 1466 1122 1534 1182 1549 1292 1632 1509 893 604 878 1264 1112 8812 9999 107 209 465 
142 2289 2343 2443 2433 2039 1920 2402 2481 1532 2078 1803 1732 2384 2372 1935 1541 1200 1620 1220 1596 1254 1608 1501 968 627 906 1277 1070 8814 107 9999 299 557 
287 1996 2048 2148 2146 1742 1627 2112 2214 1255 1779 1505 1434 2114 2108 1719 1259 915 1325 1012 1365 1247 1556 1406 686 472 726 1128 1082 8678 209 299 9999 258 
534 1741 1791 1892 1895 1489 1380 1867 1981 1017 1521 1249 1175 1878 1878 1541 1016 671 1070 860 1177 1282 1540 1354 451 451 628 1036 1141 8553 465 557 258 9999 
