NAME: ds_516_courier_1103
TYPE: TSP
COMMENT: nil
DIMENSION: 16
EDGE_WEIGHT_TYPE: EXPLICIT
EDGE_WEIGHT_FORMAT: FULL_MATRIX
EDGE_WEIGHT_SECTION
9999 3258 2142 2168 2144 2160 32 385 377 588 380 293 619 670 1167 4600 
3258 9999 1747 1940 2207 1745 3252 3038 3044 3844 3050 3501 3603 3343 4088 6901 
2142 1747 9999 215 477 19 2121 2121 2123 2652 2132 2434 2691 2552 3253 5157 
2168 1940 215 9999 268 209 2145 2185 2187 2650 2195 2461 2740 2624 3304 4974 
2144 2207 477 268 9999 474 2119 2208 2209 2586 2218 2436 2739 2652 3301 4715 
2160 1745 19 209 474 9999 2139 2140 2142 2670 2151 2452 2710 2571 3271 5160 
32 3252 2121 2145 2119 2139 9999 407 399 592 402 317 649 701 1195 4577 
385 3038 2121 2185 2208 2140 407 9999 9 891 12 494 589 444 1138 4983 
377 3044 2123 2187 2209 2142 399 9 9999 883 9 485 584 444 1135 4975 
588 3844 2652 2650 2586 2670 592 891 883 9999 881 405 644 910 963 4282 
380 3050 2132 2195 2218 2151 402 12 9 881 9999 483 577 435 1126 4979 
293 3501 2434 2461 2436 2452 317 494 485 405 483 9999 375 547 888 4626 
619 3603 2691 2740 2739 2710 649 589 584 644 577 375 9999 316 564 4926 
670 3343 2552 2624 2652 2571 701 444 444 910 435 547 316 9999 750 5172 
1167 4088 3253 3304 3301 3271 1195 1138 1135 963 1126 888 564 750 9999 5109 
4600 6901 5157 4974 4715 5160 4577 4983 4975 4282 4979 4626 4926 5172 5109 9999 
