,0,1,2,3,4,5,6
0,0.0,3764.8493493702827,2627.82780433744,3607.3661041877444,2991.958976681117,3310.101606537934,2637.729889114705
1,3764.8493493702827,0.0,3853.9635033973104,4101.172277772052,2467.4785299787272,1201.8571954270385,1613.2495412826966
2,2627.82780433744,3853.9635033973104,0.0,1003.9608412323389,1532.8300548499685,4218.836047347128,2248.3847288229035
3,3607.3661041877444,4101.172277772052,1003.9608412323389,0.0,1637.0650212330795,4709.203627739434,2619.291703733671
4,2991.958976681117,2467.4785299787272,1532.8300548499685,1637.0650212330795,0.0,3115.4337285361576,1027.0746983372676
5,3310.101606537934,1201.8571954270385,4218.836047347128,4709.203627739434,3115.4337285361576,0.0,2095.009028334249
6,2637.729889114705,1613.2495412826966,2248.3847288229035,2619.291703733671,1027.0746983372676,2095.009028334249,0.0
