NAME: ds_719_courier_1103
TYPE: TSP
COMMENT: nil
DIMENSION: 24
EDGE_WEIGHT_TYPE: EXPLICIT
EDGE_WEIGHT_FORMAT: FULL_MATRIX
EDGE_WEIGHT_SECTION
9999 3405 3177 2164 3205 1910 2107 2127 2286 2170 2803 1828 2024 2261 2186 36 689 499 472 315 4303 369 269 268 
3405 9999 271 2827 518 1754 2046 2494 2597 2575 799 1928 1970 2835 1826 3422 3655 3120 3186 3241 6645 3087 3160 3358 
3177 271 9999 2751 604 1611 1957 2415 2534 2501 742 1790 1865 2768 1737 3196 3404 2875 2941 3002 6541 2851 2927 3120 
2164 2827 2751 9999 2364 1251 797 336 268 253 2029 1087 908 97 1014 2148 2827 2362 2399 2301 3834 2160 2131 2357 
3205 518 604 2364 9999 1402 1606 2035 2122 2111 410 1560 1551 2363 1389 3218 3544 2987 3053 3083 6196 2919 2980 3198 
1910 1754 1611 1251 1402 9999 514 937 1109 1031 997 181 370 1298 399 1915 2387 1822 1883 1865 4942 1694 1728 1968 
2107 2046 1957 797 1606 514 9999 462 612 553 1247 407 145 825 221 2103 2674 2131 2184 2134 4599 1968 1977 2222 
2127 2494 2415 336 2035 937 462 9999 192 94 1695 785 581 364 679 2116 2758 2255 2300 2220 4161 2067 2053 2290 
2286 2597 2534 268 2122 1109 612 192 9999 118 1803 965 744 243 814 2273 2928 2433 2477 2392 4085 2241 2224 2458 
2170 2575 2501 253 2111 1031 553 94 118 9999 1777 878 674 272 767 2158 2810 2316 2359 2274 4086 2123 2106 2341 
2803 799 742 2029 410 997 1247 1695 1803 1777 9999 1159 1175 2040 1027 2814 3163 2601 2667 2690 5846 2525 2582 2804 
1828 1928 1790 1087 1560 181 407 785 965 878 1159 9999 266 1140 375 1830 2343 1786 1843 1811 4761 1641 1665 1908 
2024 1970 1865 908 1551 370 145 581 744 674 1175 266 9999 946 181 2022 2571 2022 2077 2034 4678 1866 1881 2125 
2261 2835 2768 97 2363 1298 825 364 243 272 2040 1140 946 9999 1037 2245 2923 2456 2494 2397 3843 2256 2227 2453 
2186 1826 1737 1014 1389 399 221 679 814 767 1027 375 181 1037 9999 2186 2716 2161 2218 2182 4820 2013 2033 2277 
36 3422 3196 2148 3218 1915 2103 2116 2273 2158 2814 1830 2022 2245 2186 9999 715 534 508 351 4267 399 299 302 
689 3655 3404 2827 3544 2387 2674 2758 2928 2810 3163 2343 2571 2923 2716 715 9999 568 505 541 4817 706 706 470 
499 3120 2875 2362 2987 1822 2131 2255 2433 2316 2601 1786 2022 2456 2161 534 568 9999 66 187 4795 214 290 284 
472 3186 2941 2399 3053 1883 2184 2300 2477 2359 2667 1843 2077 2494 2218 508 505 66 9999 158 4774 240 296 235 
315 3241 3002 2301 3083 1865 2134 2220 2392 2274 2690 1811 2034 2397 2182 351 541 187 158 9999 4616 171 170 118 
4303 6645 6541 3834 6196 4942 4599 4161 4085 4086 5846 4761 4678 3843 4820 4267 4817 4795 4774 4616 9999 4617 4519 4560 
369 3087 2851 2160 2919 1694 1968 2067 2241 2123 2525 1641 1866 2256 2013 399 706 214 240 171 4617 9999 103 280 
269 3160 2927 2131 2980 1728 1977 2053 2224 2106 2582 1665 1881 2227 2033 299 706 290 296 170 4519 103 9999 245 
268 3358 3120 2357 3198 1968 2222 2290 2458 2341 2804 1908 2125 2453 2277 302 470 284 235 118 4560 280 245 9999 
