NAME: ds_801_courier_2688
TYPE: TSP
COMMENT: nil
DIMENSION: 29
EDGE_WEIGHT_TYPE: EXPLICIT
EDGE_WEIGHT_FORMAT: FULL_MATRIX
EDGE_WEIGHT_SECTION
9999 5377 5260 5132 5066 5261 4903 4734 5161 5158 4257 4079 3265 3244 3033 2905 3393 3170 3806 3557 2666 2640 3141 3477 3773 4316 4199 6102 6047 
5377 9999 316 367 418 169 494 783 219 238 1274 1299 2251 2267 2443 2559 2047 2227 1697 1919 2730 2832 2278 1901 1608 1192 1186 787 821 
5260 316 9999 129 194 169 384 551 271 221 1059 1196 2067 2085 2273 2395 2005 2154 1504 1741 2596 2670 2217 1807 1531 1237 1131 1043 1109 
5132 367 129 9999 66 198 261 436 235 179 942 1067 1946 1963 2150 2271 1878 2025 1384 1618 2469 2545 2089 1678 1403 1126 1005 1136 1186 
5066 418 194 66 9999 250 209 374 257 205 878 1003 1880 1897 2083 2204 1817 1962 1318 1552 2403 2479 2026 1614 1340 1080 945 1195 1239 
5261 169 169 198 250 9999 358 620 131 107 1118 1182 2107 2123 2304 2422 1960 2127 1548 1776 2605 2696 2183 1791 1504 1146 1089 947 989 
4903 494 384 261 209 358 9999 341 278 259 791 826 1757 1773 1949 2066 1622 1777 1203 1424 2247 2340 1837 1436 1154 871 748 1278 1293 
4734 783 551 436 374 620 341 9999 588 550 508 734 1519 1537 1729 1853 1576 1685 955 1196 2069 2127 1760 1325 1079 1001 748 1566 1603 
5161 219 271 235 257 131 278 588 9999 56 1065 1082 2034 2050 2224 2340 1843 2017 1481 1701 2512 2613 2070 1686 1396 1016 976 1000 1019 
5158 238 221 179 205 107 259 550 56 9999 1036 1079 2015 2031 2209 2326 1853 2021 1459 1683 2504 2600 2077 1686 1399 1043 982 1025 1053 
4257 1274 1059 942 878 1118 791 508 1065 1036 9999 505 1017 1035 1234 1360 1270 1312 455 702 1598 1632 1403 950 785 1028 659 2061 2083 
4079 1299 1196 1067 1003 1182 826 734 1082 1079 505 9999 1029 1040 1182 1287 843 961 574 707 1432 1555 1031 611 345 581 211 2051 2026 
3265 2251 2067 1946 1880 2107 1757 1519 2034 2015 1017 1029 9999 21 236 365 1018 837 564 334 671 625 939 705 904 1535 1225 3032 3028 
3244 2267 2085 1963 1897 2123 1773 1537 2050 2031 1035 1040 21 9999 215 344 1012 826 581 349 650 605 928 704 909 1542 1235 3047 3042 
3033 2443 2273 2150 2083 2304 1949 1729 2224 2209 1234 1182 236 215 9999 129 991 766 779 534 443 399 857 744 997 1640 1364 3216 3203 
2905 2559 2395 2271 2204 2422 2066 1853 2340 2326 1360 1287 365 344 129 9999 1017 773 905 658 332 275 853 810 1080 1722 1462 3329 3312 
3393 2047 2005 1878 1817 1960 1622 1576 1843 1853 1270 843 1018 1012 991 1017 9999 268 1020 905 948 1196 256 368 500 922 874 2725 2658 
3170 2227 2154 2025 1962 2127 1777 1685 2017 2021 1312 961 837 826 766 773 268 9999 980 807 680 933 107 364 624 1155 1042 2934 2877 
3806 1697 1504 1384 1318 1548 1203 955 1481 1459 455 574 564 581 779 905 1020 980 9999 250 1155 1177 1082 655 641 1149 785 2481 2487 
3557 1919 1741 1618 1552 1776 1424 1196 1701 1683 702 707 334 349 534 658 905 807 250 9999 907 932 914 541 644 1242 910 2698 2694 
2666 2730 2596 2469 2403 2605 2247 2069 2512 2504 1598 1432 671 650 443 332 948 680 1155 907 9999 292 725 864 1162 1779 1578 3481 3447 
2640 2832 2670 2545 2479 2696 2340 2127 2613 2600 1632 1555 625 605 399 275 1196 933 1177 932 292 9999 993 1045 1329 1967 1724 3600 3581 
3141 2278 2217 2089 2026 2183 1837 1760 2070 2077 1403 1031 939 928 857 853 256 107 1082 914 725 993 9999 453 688 1175 1094 2970 2907 
3477 1901 1807 1678 1614 1791 1436 1325 1686 1686 950 611 705 704 744 810 368 364 655 541 864 1045 453 9999 300 923 724 2632 2590 
3773 1608 1531 1403 1340 1504 1154 1079 1396 1399 785 345 904 909 997 1080 500 624 641 644 1162 1329 688 300 9999 643 426 2333 2289 
4316 1192 1237 1126 1080 1146 871 1001 1016 1043 1028 581 1535 1542 1640 1722 922 1155 1149 1242 1779 1967 1175 923 643 9999 378 1813 1737 
4199 1186 1131 1005 945 1089 748 748 976 982 659 211 1225 1235 1364 1462 874 1042 785 910 1578 1724 1094 724 426 378 9999 1908 1869 
6102 787 1043 1136 1195 947 1278 1566 1000 1025 2061 2051 3032 3047 3216 3329 2725 2934 2481 2698 3481 3600 2970 2632 2333 1813 1908 9999 191 
6047 821 1109 1186 1239 989 1293 1603 1019 1053 2083 2026 3028 3042 3203 3312 2658 2877 2487 2694 3447 3581 2907 2590 2289 1737 1869 191 9999 
