,0,1,2,3,4,5,6,7,8
0,0.0,3987.46086839634,3459.314872455871,3423.2395955328225,3200.2582102095002,4122.671135070138,7212.858353082504,5457.381989226496,2766.781620625019
1,3987.46086839634,0.0,1425.4647121991359,1231.3977506751598,820.0529612217207,458.831986647176,4853.534232639748,8158.066762295121,1306.6233806674788
2,3459.314872455871,1425.4647121991359,0.0,213.16690566946585,1008.7643521389284,1152.5032161423196,4099.444988705035,6861.754680460233,965.6966220211415
3,3423.2395955328225,1231.3977506751598,213.16690566946585,0.0,801.1488217723731,996.312653995466,4256.398971323416,7001.936722737147,814.65922915035
4,3200.2582102095002,820.0529612217207,1008.7643521389284,801.1488217723731,0.0,936.0666055347032,4984.223930764298,7400.690669197197,489.0272241699798
5,4122.671135070138,458.831986647176,1152.5032161423196,996.312653995466,936.0666055347032,0.0,4396.580541434154,7998.020304596699,1360.2530492296144
6,7212.858353082504,4853.534232639748,4099.444988705035,4256.398971323416,4984.223930764298,4396.580541434154,0.0,8182.994840745168,5063.801433827677
7,5457.381989226496,8158.066762295121,6861.754680460233,7001.936722737147,7400.690669197197,7998.020304596699,8182.994840745168,0.0,6933.131345031811
8,2766.781620625019,1306.6233806674788,965.6966220211415,814.65922915035,489.0272241699798,1360.2530492296144,5063.801433827677,6933.131345031811,0.0
