NAME: ds_713_courier_2688
TYPE: TSP
COMMENT: nil
DIMENSION: 13
EDGE_WEIGHT_TYPE: EXPLICIT
EDGE_WEIGHT_FORMAT: FULL_MATRIX
EDGE_WEIGHT_SECTION
9999 4777 4880 5312 4268 4071 3108 2727 3267 6128 3723 3951 5108 
4777 9999 193 625 553 733 1700 2051 1512 1502 1341 1121 825 
4880 193 9999 459 615 810 1783 2159 1626 1337 1349 1115 638 
5312 625 459 9999 1047 1244 2206 2600 2072 879 1695 1451 506 
4268 553 615 1047 9999 197 1167 1553 1029 1898 806 610 974 
4071 733 810 1244 197 9999 973 1356 834 2092 688 536 1149 
3108 1700 1783 2206 1167 973 9999 467 355 3024 725 901 2019 
2727 2051 2159 2600 1553 1356 467 9999 540 3443 1192 1364 2457 
3267 1512 1626 2072 1029 834 355 540 9999 2927 870 967 1966 
6128 1502 1337 879 1898 2092 3024 3443 2927 9999 2431 2192 1035 
3723 1341 1349 1695 806 688 725 1192 870 2431 9999 244 1398 
3951 1121 1115 1451 610 536 901 1364 967 2192 244 9999 1161 
5108 825 638 506 974 1149 2019 2457 1966 1035 1398 1161 9999 
