NAME: ds_703_courier_638
TYPE: TSP
COMMENT: nil
DIMENSION: 16
EDGE_WEIGHT_TYPE: EXPLICIT
EDGE_WEIGHT_FORMAT: FULL_MATRIX
EDGE_WEIGHT_SECTION
9999 1660 1083 583 545 542 1424 1224 1298 1356 1492 1074 771 697 1160 8980 
1660 9999 1238 1592 1548 1684 1693 887 560 624 1084 1243 1466 1522 939 7905 
1083 1238 9999 607 604 711 515 363 678 633 450 10 382 475 300 7898 
583 1592 607 9999 58 107 849 880 1090 1101 1056 597 229 136 805 8468 
545 1548 604 58 9999 137 880 857 1054 1069 1049 594 239 154 783 8482 
542 1684 711 107 137 9999 920 986 1191 1204 1161 701 330 237 911 8558 
1424 1693 515 849 880 920 9999 811 1142 1069 667 516 657 727 772 7664 
1224 887 363 880 857 986 811 9999 332 271 332 371 684 766 75 7798 
1298 560 678 1090 1054 1191 1142 332 9999 113 589 683 934 1000 380 7867 
1356 624 633 1101 1069 1204 1069 271 113 9999 485 640 926 1000 334 7767 
1492 1084 450 1056 1049 1161 667 332 589 485 9999 460 832 924 364 7496 
1074 1243 10 597 594 701 516 371 683 640 460 9999 372 464 307 7908 
771 1466 382 229 239 330 657 684 934 926 832 372 9999 93 610 8244 
697 1522 475 136 154 237 727 766 1000 1000 924 464 93 9999 691 8333 
1160 939 300 805 783 911 772 75 380 334 364 307 610 691 9999 7850 
8980 7905 7898 8468 8482 8558 7664 7798 7867 7767 7496 7908 8244 8333 7850 9999 
