NAME: ds_1002_courier_949
TYPE: TSP
COMMENT: nil
DIMENSION: 16
EDGE_WEIGHT_TYPE: EXPLICIT
EDGE_WEIGHT_FORMAT: FULL_MATRIX
EDGE_WEIGHT_SECTION
9999 3680 2796 2623 2345 2086 2250 3149 4027 3419 3028 3159 3623 3925 3648 3788 
3680 9999 1250 1509 1763 2014 2020 817 618 851 741 694 68 292 788 186 
2796 1250 9999 261 544 822 784 449 1322 640 547 556 1182 1370 874 1428 
2623 1509 261 9999 301 586 526 709 1568 873 793 815 1441 1630 1105 1685 
2345 1763 544 301 9999 284 262 989 1864 1172 1027 1077 1695 1906 1405 1934 
2086 2014 822 586 284 9999 201 1261 2144 1456 1273 1339 1946 2171 1689 2179 
2250 2020 784 526 262 201 9999 1233 2091 1391 1287 1330 1952 2153 1619 2192 
3149 817 449 709 989 1261 1233 9999 896 310 266 151 750 920 512 999 
4027 618 1322 1568 1864 2144 2091 896 9999 705 1003 868 617 376 493 716 
3419 851 640 873 1172 1456 1391 310 705 9999 557 405 794 851 234 1034 
3028 741 547 793 1027 1273 1287 266 1003 557 9999 158 674 924 719 907 
3159 694 556 815 1077 1339 1330 151 868 405 158 9999 626 833 561 873 
3623 68 1182 1441 1695 1946 1952 750 617 794 674 626 9999 323 744 250 
3925 292 1370 1630 1906 2171 2153 920 376 851 924 833 323 9999 712 344 
3648 788 874 1105 1405 1689 1619 512 493 234 719 561 744 712 9999 958 
3788 186 1428 1685 1934 2179 2192 999 716 1034 907 873 250 344 958 9999 
