NAME: ds_921_courier_290
TYPE: TSP
COMMENT: nil
DIMENSION: 15
EDGE_WEIGHT_TYPE: EXPLICIT
EDGE_WEIGHT_FORMAT: FULL_MATRIX
EDGE_WEIGHT_SECTION
9999 3675 3281 3295 3621 3292 3079 3426 3550 4114 3214 3298 3436 44 2966 
3675 9999 472 714 1018 892 952 563 187 541 555 583 1152 3687 712 
3281 472 9999 327 783 1004 957 740 470 1011 536 664 1320 3296 425 
3295 714 327 9999 490 1328 1268 1066 768 1246 858 990 1646 3314 680 
3621 1018 783 490 9999 1778 1741 1488 1137 1471 1316 1434 2086 3645 1169 
3292 892 1004 1328 1778 9999 216 330 710 991 470 345 324 3294 747 
3079 952 957 1268 1741 216 9999 431 765 1147 435 370 477 3081 626 
3426 563 740 1066 1488 330 431 9999 383 724 276 138 603 3432 610 
3550 187 470 768 1137 710 765 383 9999 588 378 396 982 3560 588 
4114 541 1011 1246 1471 991 1147 724 588 9999 901 833 1117 4122 1170 
3214 555 536 858 1316 470 435 276 378 901 9999 150 791 3222 334 
3298 583 664 990 1434 345 370 138 396 833 150 9999 657 3304 480 
3436 1152 1320 1646 2086 324 477 603 982 1117 791 657 9999 3434 1069 
44 3687 3296 3314 3645 3294 3081 3432 3560 4122 3222 3304 3434 9999 2977 
2966 712 425 680 1169 747 626 610 588 1170 334 480 1069 2977 9999 
