NAME: ds_912_courier_290
TYPE: TSP
COMMENT: nil
DIMENSION: 19
EDGE_WEIGHT_TYPE: EXPLICIT
EDGE_WEIGHT_FORMAT: FULL_MATRIX
EDGE_WEIGHT_SECTION
9999 3525 3566 3157 3457 3942 3599 3674 3777 3476 2906 3353 36 3007 3149 3222 1643 2844 2985 
3525 9999 65 654 490 1142 1335 1188 1245 2135 1980 1232 3538 2388 1075 992 2576 1298 1224 
3566 65 9999 643 452 1084 1291 1140 1194 2100 1962 1197 3579 2368 1052 965 2591 1288 1207 
3157 654 643 9999 310 899 845 768 862 1535 1328 661 3165 1739 445 384 2006 645 572 
3457 490 452 310 9999 727 847 709 778 1649 1538 746 3466 1937 623 528 2309 902 799 
3942 1142 1084 899 727 9999 484 314 253 1314 1473 643 3946 1788 796 720 2578 1120 975 
3599 1335 1291 845 847 484 9999 188 233 866 992 255 3599 1306 512 497 2153 759 625 
3674 1188 1140 768 709 314 188 9999 106 1053 1161 335 3676 1489 532 481 2274 833 690 
3777 1245 1194 862 778 253 233 106 9999 1068 1225 431 3779 1535 638 587 2365 934 792 
3476 2135 2100 1535 1649 1314 866 1053 1068 9999 575 903 3468 594 1091 1155 1859 1053 1022 
2906 1980 1962 1328 1538 1473 992 1161 1225 575 9999 870 2898 415 915 1011 1306 707 757 
3353 1232 1197 661 746 643 255 335 431 903 870 9999 3354 1235 267 280 1939 509 371 
36 3538 3579 3165 3466 3946 3599 3676 3779 3468 2898 3354 9999 2995 3152 3226 1631 2845 2987 
3007 2388 2368 1739 1937 1788 1306 1489 1535 594 415 1235 2995 9999 1317 1409 1365 1121 1168 
3149 1075 1052 445 623 796 512 532 638 1091 915 267 3152 1317 9999 102 1810 336 199 
3222 992 965 384 528 720 497 481 587 1155 1011 280 3226 1409 102 9999 1905 433 299 
1643 2576 2591 2006 2309 2578 2153 2274 2365 1859 1306 1939 1631 1365 1810 1905 9999 1474 1615 
2844 1298 1288 645 902 1120 759 833 934 1053 707 509 2845 1121 336 433 1474 9999 145 
2985 1224 1207 572 799 975 625 690 792 1022 757 371 2987 1168 199 299 1615 145 9999 
