NAME: ds_806_courier_1103
TYPE: TSP
COMMENT: nil
DIMENSION: 14
EDGE_WEIGHT_TYPE: EXPLICIT
EDGE_WEIGHT_FORMAT: FULL_MATRIX
EDGE_WEIGHT_SECTION
9999 3803 3280 2165 2125 2202 2319 2266 2098 2185 2126 3823 855 506 
3803 9999 581 2610 2628 2784 3092 2391 2469 2147 3293 7153 4094 3328 
3280 581 9999 2039 2056 2216 2531 1822 1893 1568 2722 6573 3637 2821 
2165 2610 2039 9999 41 189 526 222 185 498 684 4647 2909 1964 
2125 2628 2056 41 9999 192 527 248 180 505 668 4617 2871 1926 
2202 2784 2216 189 192 9999 337 394 371 687 512 4514 2974 2042 
2319 3092 2531 526 527 337 9999 719 707 1023 285 4298 3129 2226 
2266 2391 1822 222 248 394 719 9999 169 321 902 4865 2973 2020 
2098 2469 1893 185 180 371 707 169 9999 330 840 4745 2812 1860 
2185 2147 1568 498 505 687 1023 321 330 9999 1170 5040 2831 1878 
2126 3293 2722 684 668 512 285 902 840 1170 9999 4027 2956 2086 
3823 7153 6573 4647 4617 4514 4298 4865 4745 5040 4027 9999 4275 4297 
855 4094 3637 2909 2871 2974 3129 2973 2812 2831 2956 4275 9999 955 
506 3328 2821 1964 1926 2042 2226 2020 1860 1878 2086 4297 955 9999 
