NAME: ds_927_courier_1520
TYPE: TSP
COMMENT: nil
DIMENSION: 28
EDGE_WEIGHT_TYPE: EXPLICIT
EDGE_WEIGHT_FORMAT: FULL_MATRIX
EDGE_WEIGHT_SECTION
9999 551 598 892 270 286 936 708 712 1859 1716 1535 576 1328 1845 222 1017 1338 782 704 504 1409 988 721 645 1613 972 1284 
551 9999 856 1222 798 689 1376 936 1035 2229 1919 1721 221 1762 2235 346 1299 1364 1069 794 498 1806 1096 525 495 1758 450 1526 
598 856 9999 368 496 322 590 110 188 1374 1125 939 1010 942 1383 595 449 777 213 236 388 961 414 1251 509 1014 1085 700 
892 1222 368 9999 698 609 324 314 190 1007 854 699 1367 596 1015 941 156 761 164 527 753 595 462 1589 859 810 1442 422 
270 798 496 698 9999 212 682 601 542 1619 1548 1381 845 1071 1598 453 841 1273 625 680 593 1164 910 982 755 1476 1189 1113 
286 689 322 609 212 9999 694 432 427 1593 1431 1251 788 1085 1585 358 731 1087 496 475 390 1149 728 985 553 1333 1033 999 
936 1376 590 324 682 694 9999 585 412 941 1028 916 1481 393 916 1052 443 1076 449 802 964 484 785 1657 1097 1047 1665 643 
708 936 110 314 601 432 585 9999 175 1303 1020 832 1101 907 1319 695 363 675 150 219 449 907 312 1350 545 905 1130 600 
712 1035 188 190 542 427 412 175 9999 1195 1011 840 1177 753 1200 752 306 789 88 390 576 774 440 1401 695 935 1273 577 
1859 2229 1374 1007 1619 1593 941 1303 1195 9999 723 823 2370 587 101 1941 946 1321 1162 1492 1753 457 1277 2576 1838 935 2421 801 
1716 1919 1125 854 1548 1431 1028 1020 1011 723 9999 200 2105 917 810 1713 708 700 935 1125 1422 752 828 2367 1449 237 1986 435 
1535 1721 939 699 1381 1251 916 832 840 823 200 9999 1909 882 898 1522 545 521 759 927 1225 736 628 2174 1249 142 1787 280 
576 221 1010 1367 845 788 1481 1101 1177 2370 2105 1909 9999 1873 2368 431 1459 1574 1223 984 686 1934 1291 304 707 1954 598 1700 
1328 1762 942 596 1071 1085 393 907 753 587 917 882 1873 9999 542 1443 627 1217 758 1123 1328 173 1015 2049 1447 1024 2027 673 
1845 2235 1383 1015 1598 1585 916 1319 1200 101 810 898 2368 542 9999 1937 969 1384 1174 1514 1766 436 1316 2565 1859 1016 2444 848 
222 346 595 941 453 358 1052 695 752 1941 1713 1522 431 1443 1937 9999 1042 1253 804 623 357 1503 929 656 467 1583 751 1294 
1017 1299 449 156 841 731 443 363 306 946 708 545 1459 627 969 1042 9999 636 239 546 811 582 388 1697 892 655 1476 273 
1338 1364 777 761 1273 1087 1076 675 789 1321 700 521 1574 1217 1384 1253 636 9999 705 636 905 1117 364 1866 869 473 1336 559 
782 1069 213 164 625 496 449 150 88 1162 935 759 1223 758 1174 804 239 705 9999 366 592 759 362 1458 695 851 1279 503 
704 794 236 527 680 475 802 219 390 1492 1125 927 984 1123 1514 623 546 636 366 9999 298 1114 309 1258 347 971 930 740 
504 498 388 753 593 390 964 449 576 1753 1422 1225 686 1328 1766 357 811 905 592 298 9999 1348 605 966 163 1268 701 1029 
1409 1806 961 595 1164 1149 484 907 774 457 752 736 1934 173 436 1503 582 1117 759 1114 1348 9999 961 2129 1453 877 2037 560 
988 1096 414 462 910 728 785 312 440 1277 828 628 1291 1015 1316 929 388 364 362 309 605 961 9999 1567 621 663 1173 484 
721 525 1251 1589 982 985 1657 1350 1401 2576 2367 2174 304 2049 2565 656 1697 1866 1458 1258 966 2129 1567 9999 1005 2228 859 1950 
645 495 509 859 755 553 1097 545 695 1838 1449 1249 707 1447 1859 467 892 869 695 347 163 1453 621 1005 9999 1274 585 1083 
1613 1758 1014 810 1476 1333 1047 905 935 935 237 142 1954 1024 1016 1583 655 473 851 971 1268 877 663 2228 1274 9999 1788 405 
972 450 1085 1442 1189 1033 1665 1130 1273 2421 1986 1787 598 2027 2444 751 1476 1336 1279 930 701 2037 1173 859 585 1788 9999 1651 
1284 1526 700 422 1113 999 643 600 577 801 435 280 1700 673 848 1294 273 559 503 740 1029 560 484 1950 1083 405 1651 9999 
