NAME: ds_802_courier_4474
TYPE: TSP
COMMENT: nil
DIMENSION: 16
EDGE_WEIGHT_TYPE: EXPLICIT
EDGE_WEIGHT_FORMAT: FULL_MATRIX
EDGE_WEIGHT_SECTION
9999 1347 1076 784 1455 983 881 924 1133 1183 1754 1917 1981 1596 1857 1793 
1347 9999 272 573 2043 640 671 1195 1489 1449 1152 753 762 379 879 734 
1076 272 9999 303 1876 495 488 1025 1333 1306 1195 960 991 589 1025 900 
784 573 303 9999 1762 527 460 938 1249 1243 1346 1238 1279 877 1263 1156 
1455 2043 1876 1762 9999 1404 1389 852 556 610 1444 2106 2215 2011 1867 1926 
983 640 495 527 1404 9999 103 556 851 817 840 958 1038 698 875 818 
881 671 488 460 1389 103 9999 538 845 821 935 1052 1128 775 977 916 
924 1195 1025 938 852 556 538 9999 313 310 931 1385 1484 1210 1207 1214 
1133 1489 1333 1249 556 851 845 313 9999 90 998 1583 1689 1461 1366 1405 
1183 1449 1306 1243 610 817 821 310 90 9999 909 1509 1616 1402 1286 1330 
1754 1152 1195 1346 1444 840 935 931 998 909 9999 763 874 877 479 599 
1917 753 960 1238 2106 958 1052 1385 1583 1509 763 9999 112 376 288 181 
1981 762 991 1279 2215 1038 1128 1484 1689 1616 874 112 9999 402 397 292 
1596 379 589 877 2011 698 775 1210 1461 1402 877 376 402 9999 520 366 
1857 879 1025 1263 1867 875 977 1207 1366 1286 479 288 397 520 9999 158 
1793 734 900 1156 1926 818 916 1214 1405 1330 599 181 292 366 158 9999 
