,0,1,2,3,4,5,6
0,0.0,2085.554656792713,2240.7488995284684,20.8813873806688,37.29141053962526,2148.3962672368875,2251.3915921516164
1,2085.554656792713,0.0,253.4927622363486,2101.3041606746606,2091.362445144481,280.8371435622055,222.06642400363322
2,2240.7488995284684,253.4927622363486,0.0,2257.6937008301343,2249.9156855334622,495.10641423249547,56.22546852793992
3,20.8813873806688,2101.3041606746606,2257.6937008301343,0.0,25.28239783783967,2162.2503245331764,2268.0323404714723
4,37.29141053962526,2091.362445144481,2249.9156855334622,25.28239783783967,0.0,2149.396545559553,2259.6675397664867
5,2148.3962672368875,280.8371435622055,495.10641423249547,2162.2503245331764,2149.396545559553,0.0,445.86666571776834
6,2251.3915921516164,222.06642400363322,56.22546852793992,2268.0323404714723,2259.6675397664867,445.86666571776834,0.0
