NAME: ds_830_courier_949
TYPE: TSP
COMMENT: nil
DIMENSION: 29
EDGE_WEIGHT_TYPE: EXPLICIT
EDGE_WEIGHT_FORMAT: FULL_MATRIX
EDGE_WEIGHT_SECTION
9999 2315 2708 2249 3394 2722 2300 2231 3777 3009 2226 3878 4013 3762 4040 3962 3903 3982 4175 4171 3088 2922 3291 3414 3505 3524 3595 3220 2165 
2315 9999 442 271 1524 729 62 95 1928 928 390 2164 2262 2443 2740 2477 2348 2410 2550 2509 1617 1309 1625 1904 2027 2110 1859 1241 167 
2708 442 9999 467 1150 437 431 537 1538 531 528 1798 1884 2160 2445 2151 2012 2067 2190 2142 1364 1055 1308 1609 1730 1825 1502 854 609 
2249 271 467 9999 1367 567 209 303 1778 821 119 1991 2098 2217 2517 2272 2151 2217 2368 2333 1387 1087 1426 1690 1811 1888 1682 1106 338 
3394 1524 1150 1367 9999 803 1484 1608 411 620 1313 648 738 1109 1360 1029 879 927 1040 992 577 513 315 593 691 801 360 300 1669 
2722 729 437 567 803 9999 684 809 1212 288 528 1437 1539 1737 2029 1752 1620 1682 1821 1782 930 619 900 1190 1312 1402 1130 540 868 
2300 62 431 209 1484 684 9999 125 1889 896 329 2121 2221 2390 2687 2427 2300 2363 2506 2466 1562 1256 1576 1853 1975 2057 1815 1205 189 
2231 95 537 303 1608 809 125 9999 2014 1018 418 2246 2346 2508 2807 2550 2424 2487 2630 2590 1680 1375 1699 1974 2096 2177 1939 1328 72 
3777 1928 1538 1778 411 1212 1889 2014 9999 1008 1724 310 353 947 1132 766 609 629 686 625 783 857 513 597 629 726 242 688 2076 
3009 928 531 821 620 288 896 1018 1008 9999 802 1268 1353 1668 1944 1634 1490 1543 1660 1612 926 645 808 1118 1236 1337 976 323 1084 
2226 390 528 119 1313 528 329 418 1724 802 9999 1924 2036 2124 2425 2189 2072 2140 2297 2264 1294 1000 1350 1603 1723 1797 1615 1067 444 
3878 2164 1798 1991 648 1437 2121 2246 310 1268 1924 9999 139 678 831 462 308 319 393 345 798 974 597 507 475 540 309 946 2304 
4013 2262 1884 2098 738 1539 2221 2346 353 1353 2036 139 9999 758 866 501 365 345 341 275 936 1102 726 645 607 663 427 1030 2406 
3762 2443 2160 2217 1109 1737 2390 2508 947 1668 2124 678 758 9999 303 304 395 439 603 655 830 1134 860 552 433 335 783 1382 2554 
4040 2740 2445 2517 1360 2029 2687 2807 1132 1944 2425 831 866 303 9999 370 524 522 598 671 1131 1432 1139 839 717 630 1013 1646 2853 
3962 2477 2151 2272 1029 1752 2427 2550 766 1634 2189 462 501 304 370 9999 157 157 299 353 920 1191 852 591 477 438 671 1324 2601 
3903 2348 2012 2151 879 1620 2300 2424 609 1490 2072 308 365 395 524 157 9999 79 278 299 830 1080 725 496 398 396 520 1177 2477 
3982 2410 2067 2217 927 1682 2363 2487 629 1543 2140 319 345 439 522 157 79 9999 200 227 907 1151 791 573 477 474 568 1226 2541 
4175 2550 2190 2368 1040 1821 2506 2630 686 1660 2297 393 341 603 598 299 278 200 9999 77 1092 1320 950 761 673 674 691 1338 2687 
4171 2509 2142 2333 992 1782 2466 2590 625 1612 2264 345 275 655 671 353 299 227 77 9999 1083 1297 923 758 678 692 652 1289 2648 
3088 1617 1364 1387 577 930 1562 1680 783 926 1294 798 936 830 1131 920 830 907 1092 1083 9999 312 284 334 444 505 552 720 1724 
2922 1309 1055 1087 513 619 1256 1375 857 645 1000 974 1102 1134 1432 1191 1080 1151 1320 1297 312 9999 377 603 724 802 676 515 1422 
3291 1625 1308 1426 315 900 1576 1699 513 808 1350 597 726 860 1139 852 725 791 950 923 284 377 9999 311 428 530 304 533 1752 
3414 1904 1609 1690 593 1190 1853 1974 597 1118 1603 507 645 552 839 591 496 573 761 758 334 603 311 9999 122 219 360 843 2022 
3505 2027 1730 1811 691 1312 1975 2096 629 1236 1723 475 607 433 717 477 398 477 673 678 444 724 428 122 9999 110 409 953 2144 
3524 2110 1825 1888 801 1402 2057 2177 726 1337 1797 540 663 335 630 438 396 474 674 692 505 802 530 219 110 9999 515 1060 2224 
3595 1859 1502 1682 360 1130 1815 1939 242 976 1615 309 427 783 1013 671 520 568 691 652 552 676 304 360 409 515 9999 658 1997 
3220 1241 854 1106 300 540 1205 1328 688 323 1067 946 1030 1382 1646 1324 1177 1226 1338 1289 720 515 533 843 953 1060 658 9999 1392 
2165 167 609 338 1669 868 189 72 2076 1084 444 2304 2406 2554 2853 2601 2477 2541 2687 2648 1724 1422 1752 2022 2144 2224 1997 1392 9999 
