NAME: ds_903_courier_1103
TYPE: TSP
COMMENT: nil
DIMENSION: 20
EDGE_WEIGHT_TYPE: EXPLICIT
EDGE_WEIGHT_FORMAT: FULL_MATRIX
EDGE_WEIGHT_SECTION
9999 686 3507 2252 2164 2345 2271 2160 2147 2931 3352 1799 2197 1159 509 4302 371 286 721 695 
686 9999 3584 2729 2683 2905 2842 2760 2745 3127 3504 2220 2596 699 341 4906 645 481 168 47 
3507 3584 9999 2189 2410 2656 2725 2912 2900 782 409 2113 1865 4271 3783 6758 3169 3354 3751 3540 
2252 2729 2189 9999 225 490 543 724 713 1407 1830 542 374 3371 2727 4581 2093 2284 2851 2704 
2164 2683 2410 225 9999 317 341 503 490 1629 2055 602 568 3303 2653 4356 2040 2224 2796 2662 
2345 2905 2656 490 317 9999 103 323 321 1877 2284 913 861 3499 2846 4148 2260 2434 3007 2887 
2271 2842 2725 543 341 103 9999 222 218 1945 2358 913 906 3427 2774 4064 2198 2369 2941 2826 
2160 2760 2912 724 503 323 222 9999 17 2131 2554 997 1065 3318 2668 3860 2121 2281 2849 2747 
2147 2745 2900 713 490 321 218 17 9999 2119 2542 981 1051 3305 2655 3871 2106 2267 2835 2732 
2931 3127 782 1407 1629 1877 1945 2131 2119 9999 454 1367 1088 3826 3274 5979 2626 2822 3288 3087 
3352 3504 409 1830 2055 2284 2358 2554 2542 454 9999 1821 1531 4201 3673 6411 3034 3228 3668 3463 
1799 2220 2113 542 602 913 913 997 981 1367 1821 9999 399 2881 2248 4688 1597 1794 2351 2192 
2197 2596 1865 374 568 861 906 1065 1051 1088 1531 399 9999 3266 2639 4894 1984 2183 2732 2567 
1159 699 4271 3371 3303 3499 3427 3318 3305 3826 4201 2881 3266 9999 653 4922 1284 1088 542 739 
509 341 3783 2727 2653 2846 2774 2668 2655 3274 3673 2248 2639 653 9999 4586 662 461 265 380 
4302 4906 6758 4581 4356 4148 4064 3860 3871 5979 6411 4688 4894 4922 4586 9999 4602 4587 4848 4934 
371 645 3169 2093 2040 2260 2198 2121 2106 2626 3034 1597 1984 1284 662 4602 9999 202 759 628 
286 481 3354 2284 2224 2434 2369 2281 2267 2822 3228 1794 2183 1088 461 4587 202 9999 573 474 
721 168 3751 2851 2796 3007 2941 2849 2835 3288 3668 2351 2732 542 265 4848 759 573 9999 214 
695 47 3540 2704 2662 2887 2826 2747 2732 3087 3463 2192 2567 739 380 4934 628 474 214 9999 
