NAME: ds_616_courier_2688
TYPE: TSP
COMMENT: nil
DIMENSION: 12
EDGE_WEIGHT_TYPE: EXPLICIT
EDGE_WEIGHT_FORMAT: FULL_MATRIX
EDGE_WEIGHT_SECTION
9999 5040 5211 4691 5146 6126 3033 4302 3326 3256 2412 2531 
5040 9999 861 829 769 1098 2234 861 2038 1907 2798 2576 
5211 861 9999 522 102 1199 2205 966 1935 1955 2826 2680 
4691 829 522 9999 455 1588 1698 472 1439 1436 2316 2161 
5146 769 102 455 9999 1195 2151 881 1887 1891 2770 2616 
6126 1098 1199 1588 1195 9999 3240 1857 3006 2936 3835 3635 
3033 2234 2205 1698 2151 3240 9999 1389 299 349 624 559 
4302 861 966 472 881 1857 1389 9999 1178 1079 1978 1785 
3326 2038 1935 1439 1887 3006 299 1178 9999 349 914 854 
3256 1907 1955 1436 1891 2936 349 1079 349 9999 899 725 
2412 2798 2826 2316 2770 3835 624 1978 914 899 9999 305 
2531 2576 2680 2161 2616 3635 559 1785 854 725 305 9999 
