NAME: ds_606_courier_152
TYPE: TSP
COMMENT: nil
DIMENSION: 8
EDGE_WEIGHT_TYPE: EXPLICIT
EDGE_WEIGHT_FORMAT: FULL_MATRIX
EDGE_WEIGHT_SECTION
9999 1200 1864 1456 1569 1524 1695 1912 
1200 9999 745 366 450 392 606 838 
1864 745 9999 806 761 736 849 971 
1456 366 806 9999 115 86 250 483 
1569 450 761 115 9999 59 158 389 
1524 392 736 86 59 9999 217 447 
1695 606 849 250 158 217 9999 233 
1912 838 971 483 389 447 233 9999 
