NAME: ds_826_courier_2688
TYPE: TSP
COMMENT: nil
DIMENSION: 37
EDGE_WEIGHT_TYPE: EXPLICIT
EDGE_WEIGHT_FORMAT: FULL_MATRIX
EDGE_WEIGHT_SECTION
9999 80 4042 4807 4726 5243 5268 5163 5271 5199 6682 4029 4854 4484 3254 4601 5125 4077 4058 4337 4286 4408 3245 3213 3271 2976 3169 3064 3378 3237 3638 3020 2891 3640 5387 3275 4040 
80 9999 4009 4775 4690 5208 5231 5130 5237 5165 6642 3980 4811 4446 3210 4553 5082 4049 4026 4305 4256 4373 3220 3189 3245 2951 3130 3036 3339 3208 3612 2992 2857 3593 5348 3244 4008 
4042 4009 9999 768 704 1206 1251 1121 1230 1157 2685 891 1019 556 983 1054 1268 263 41 300 319 399 892 915 827 1123 939 1002 743 830 526 1039 1153 899 1411 768 39 
4807 4775 768 9999 264 478 574 361 480 407 1974 1294 740 540 1702 1061 851 763 750 471 546 465 1608 1636 1560 1861 1695 1753 1490 1579 1209 1794 1920 1496 790 1532 767 
4726 4690 704 264 9999 521 548 482 563 496 1982 1058 498 305 1549 798 659 789 700 454 592 317 1591 1616 1530 1827 1573 1705 1363 1533 1207 1741 1837 1297 714 1464 717 
5243 5208 1206 478 521 9999 151 165 85 99 1497 1510 692 802 2067 1101 631 1237 1196 925 1021 836 2075 2102 2021 2321 2094 2207 1884 2033 1679 2245 2352 1794 379 1973 1213 
5268 5231 1251 574 548 151 9999 311 229 247 1434 1459 598 794 2063 1009 496 1310 1245 985 1098 864 2134 2160 2076 2373 2107 2253 1897 2081 1744 2289 2383 1766 233 2012 1262 
5163 5130 1121 361 482 165 311 9999 126 66 1623 1524 772 784 2024 1167 759 1122 1106 828 905 779 1969 1997 1920 2222 2034 2113 1826 1938 1570 2153 2274 1779 543 1888 1123 
5271 5237 1230 480 563 85 229 126 9999 73 1498 1576 773 855 2112 1180 715 1243 1217 941 1025 873 2087 2114 2037 2337 2132 2226 1923 2052 1689 2265 2381 1850 448 1998 1234 
5199 5165 1157 407 496 99 247 66 73 9999 1568 1521 740 792 2045 1142 709 1170 1144 868 953 803 2014 2042 1964 2265 2061 2154 1853 1979 1616 2193 2308 1788 478 1925 1162 
6682 6642 2685 1974 1982 1497 1434 1623 1498 1568 9999 2732 1844 2199 3441 2173 1583 2733 2679 2416 2517 2294 3567 3593 3510 3808 3512 3687 3304 3515 3174 3722 3808 3094 1294 3443 2697 
4029 3980 891 1294 1058 1510 1459 1524 1576 1521 2732 9999 902 756 803 575 1150 1153 930 1025 1150 860 1428 1433 1335 1532 967 1384 811 1272 1241 1390 1338 391 1487 1133 929 
4854 4811 1019 740 498 692 598 772 773 740 1844 902 9999 464 1602 412 273 1190 1033 869 1029 646 1888 1907 1812 2088 1693 1951 1490 1791 1544 1977 2018 1250 586 1690 1046 
4484 4446 556 540 305 802 794 784 855 792 2199 756 464 9999 1270 595 715 735 569 433 597 199 1434 1455 1362 1646 1317 1514 1107 1348 1081 1544 1611 996 905 1259 583 
3254 3210 983 1702 1549 2067 2063 2024 2112 2045 3441 803 1602 1270 9999 1357 1872 1164 1017 1267 1299 1246 884 872 798 865 226 733 270 706 940 716 581 419 2154 570 1003 
4601 4553 1054 1061 798 1101 1009 1167 1180 1142 2173 575 412 595 1357 9999 606 1285 1082 1020 1181 788 1826 1840 1740 1984 1492 1839 1308 1699 1542 1855 1849 960 977 1576 1090 
5125 5082 1268 851 659 631 496 759 715 709 1583 1150 273 715 1872 606 9999 1418 1279 1086 1239 880 2149 2169 2075 2355 1966 2219 1763 2057 1794 2246 2291 1512 385 1959 1293 
4077 4049 263 763 789 1237 1310 1122 1243 1170 2733 1153 1190 735 1164 1285 1418 9999 224 336 217 544 849 878 809 1109 1077 1014 903 841 449 1058 1217 1141 1499 824 225 
4058 4026 41 750 700 1196 1245 1106 1217 1144 2679 930 1033 569 1017 1082 1279 224 9999 279 283 403 892 916 831 1128 967 1011 773 838 517 1049 1170 940 1411 782 18 
4337 4305 300 471 454 925 985 828 941 868 2416 1025 869 433 1267 1020 1086 336 279 9999 164 235 1151 1177 1097 1397 1237 1285 1037 1111 759 1325 1449 1127 1166 1061 297 
4286 4256 319 546 592 1021 1098 905 1025 953 2517 1150 1029 597 1299 1181 1239 217 283 164 9999 398 1065 1094 1022 1323 1240 1223 1051 1049 665 1266 1413 1209 1293 1020 296 
4408 4373 399 465 317 836 864 779 873 803 2294 860 646 199 1246 788 880 544 403 235 398 9999 1291 1315 1225 1519 1259 1394 1050 1223 920 1428 1520 1032 1013 1149 419 
3245 3220 892 1608 1591 2075 2134 1969 2087 2014 3567 1428 1888 1434 884 1826 2149 849 892 1151 1065 1291 9999 32 94 270 669 236 675 178 401 286 521 1166 2302 321 875 
3213 3189 915 1636 1616 2102 2160 1997 2114 2042 3593 1433 1907 1455 872 1840 2169 878 916 1177 1094 1315 32 9999 100 238 655 207 671 171 430 257 493 1164 2326 316 900 
3271 3245 827 1560 1530 2021 2076 1920 2037 1964 3510 1335 1812 1362 798 1740 2075 809 831 1097 1022 1225 94 100 9999 301 588 217 583 95 367 267 484 1072 2238 230 814 
2976 2951 1123 1861 1827 2321 2373 2222 2337 2265 3808 1532 2088 1646 865 1984 2355 1109 1128 1397 1323 1519 270 238 301 9999 639 148 727 298 664 150 350 1219 2532 409 1111 
3169 3130 939 1695 1573 2094 2107 2034 2132 2061 3512 967 1693 1317 226 1492 1966 1077 967 1237 1240 1259 669 655 588 639 9999 508 210 493 783 490 375 607 2218 368 951 
3064 3036 1002 1753 1705 2207 2253 2113 2226 2154 3687 1384 1951 1514 733 1839 2219 1014 1011 1285 1223 1394 236 207 217 148 508 9999 581 174 580 51 287 1075 2406 264 994 
3378 3339 743 1490 1363 1884 1897 1826 1923 1853 3304 811 1490 1107 270 1308 1763 903 773 1037 1051 1050 675 671 583 727 210 581 9999 501 674 582 541 496 2010 355 758 
3237 3208 830 1579 1533 2033 2081 1938 2052 1979 3515 1272 1791 1348 706 1699 2057 841 838 1111 1049 1223 178 171 95 298 493 174 501 9999 416 217 407 995 2236 146 820 
3638 3612 526 1209 1207 1679 1744 1570 1689 1616 3174 1241 1544 1081 940 1542 1794 449 517 759 665 920 401 430 367 664 783 580 674 416 9999 628 817 1080 1921 446 502 
3020 2992 1039 1794 1741 2245 2289 2153 2265 2193 3722 1390 1977 1544 716 1855 2246 1058 1049 1325 1266 1428 286 257 267 150 490 51 582 217 628 9999 240 1071 2439 287 1032 
2891 2857 1153 1920 1837 2352 2383 2274 2381 2308 3808 1338 2018 1611 581 1849 2291 1217 1170 1449 1413 1520 521 493 484 350 375 287 541 407 817 240 9999 982 2515 394 1153 
3640 3593 899 1496 1297 1794 1766 1779 1850 1788 3094 391 1250 996 419 960 1512 1141 940 1127 1209 1032 1166 1164 1072 1219 607 1075 496 995 1080 1071 982 9999 1825 849 931 
5387 5348 1411 790 714 379 233 543 448 478 1294 1487 586 905 2154 977 385 1499 1411 1166 1293 1013 2302 2326 2238 2532 2218 2406 2010 2236 1921 2439 2515 1825 9999 2156 1427 
3275 3244 768 1532 1464 1973 2012 1888 1998 1925 3443 1133 1690 1259 570 1576 1959 824 782 1061 1020 1149 321 316 230 409 368 264 355 146 446 287 394 849 2156 9999 765 
4040 4008 39 767 717 1213 1262 1123 1234 1162 2697 929 1046 583 1003 1090 1293 225 18 297 296 419 875 900 814 1111 951 994 758 820 502 1032 1153 931 1427 765 9999 
