NAME: ds_802_courier_638
TYPE: TSP
COMMENT: nil
DIMENSION: 12
EDGE_WEIGHT_TYPE: EXPLICIT
EDGE_WEIGHT_FORMAT: FULL_MATRIX
EDGE_WEIGHT_SECTION
9999 1574 1774 1794 910 1172 1426 1652 1501 1145 1445 830 
1574 9999 203 235 1149 1043 1424 1525 1236 1031 350 948 
1774 203 9999 131 1338 1213 1574 1656 1372 1203 505 1146 
1794 235 131 9999 1292 1144 1487 1557 1276 1137 440 1119 
910 1149 1338 1292 9999 275 555 774 592 253 854 260 
1172 1043 1213 1144 275 9999 421 600 356 29 709 397 
1426 1424 1574 1487 555 421 9999 226 243 445 1076 779 
1652 1525 1656 1557 774 600 226 9999 290 628 1175 983 
1501 1236 1372 1276 592 356 243 290 9999 386 886 753 
1145 1031 1203 1137 253 29 445 628 386 9999 700 367 
1445 350 505 440 854 709 1076 1175 886 700 9999 698 
830 948 1146 1119 260 397 779 983 753 367 698 9999 
