NAME: ds_530_courier_949
TYPE: TSP
COMMENT: nil
DIMENSION: 39
EDGE_WEIGHT_TYPE: EXPLICIT
EDGE_WEIGHT_FORMAT: FULL_MATRIX
EDGE_WEIGHT_SECTION
9999 3801 2245 2125 3377 2185 2593 2368 4116 3998 3672 3709 3170 3233 2777 2856 3039 2735 2620 3038 3112 2616 2520 1965 3320 2838 1960 3231 2233 4067 3763 3861 4017 3943 4168 3797 4058 3801 3807 
3801 9999 2291 2293 446 1900 2137 2268 393 351 305 532 979 1034 1466 1480 1342 1563 1551 981 780 1966 2033 2146 505 1203 2385 872 1817 277 287 244 458 398 474 25 269 27 32 
2245 2291 9999 132 1865 524 350 125 2447 2314 2033 1939 1345 1339 838 855 1039 746 741 1310 1521 420 319 461 1997 1089 289 1446 598 2559 2417 2470 2690 2612 2761 2274 2552 2276 2280 
2125 2293 132 9999 1859 454 469 256 2468 2336 2045 1966 1368 1373 864 896 1086 779 748 1317 1516 508 406 343 1974 1091 166 1466 537 2565 2405 2462 2679 2601 2759 2277 2557 2280 2283 
3377 446 1865 1859 9999 1457 1737 1851 743 635 320 487 615 701 1057 1086 978 1155 1125 569 343 1564 1622 1701 280 777 1945 515 1373 724 561 605 827 751 900 436 715 439 444 
2185 1900 524 454 1457 9999 664 588 2115 1985 1677 1635 1045 1082 595 671 855 550 440 954 1120 567 515 254 1544 727 496 1129 86 2176 1986 2051 2262 2183 2355 1886 2168 1889 1894 
2593 2137 350 469 1737 664 9999 235 2243 2112 1857 1729 1160 1128 681 657 813 583 649 1168 1402 174 155 724 1911 973 634 1267 707 2393 2298 2337 2562 2487 2611 2118 2386 2119 2121 
2368 2268 125 256 1851 588 235 9999 2405 2273 2001 1894 1307 1291 804 807 983 708 728 1288 1509 338 246 567 1999 1074 414 1411 653 2533 2408 2456 2678 2601 2741 2251 2525 2253 2255 
4116 393 2447 2468 743 2115 2243 2405 9999 133 448 514 1102 1117 1609 1599 1431 1701 1722 1162 1018 2082 2161 2368 882 1391 2579 1003 2037 330 636 546 669 650 561 382 329 377 369 
3998 351 2314 2336 635 1985 2112 2273 133 9999 326 383 969 985 1476 1466 1299 1568 1590 1031 894 1950 2029 2238 802 1260 2446 870 1907 388 626 552 712 679 635 333 385 328 321 
3672 305 2033 2045 320 1677 1857 2001 448 326 9999 245 697 739 1198 1202 1052 1294 1298 729 571 1689 1762 1928 539 958 2148 592 1597 537 562 545 763 701 767 282 530 281 281 
3709 532 1939 1966 487 1635 1729 1894 514 383 245 9999 599 603 1103 1087 917 1193 1225 686 607 1568 1649 1889 749 909 2083 507 1561 716 803 776 986 930 961 507 711 506 504 
3170 979 1345 1368 615 1045 1160 1307 1102 969 697 599 9999 117 507 504 366 600 626 170 349 992 1065 1298 851 332 1484 107 974 1233 1165 1190 1417 1344 1453 959 1226 960 962 
3233 1034 1339 1373 701 1082 1128 1291 1117 985 739 603 117 9999 511 485 316 595 649 283 461 965 1046 1332 950 403 1499 188 1017 1276 1238 1254 1481 1411 1504 1012 1269 1013 1014 
2777 1466 838 864 1057 595 681 804 1609 1476 1198 1103 507 511 9999 103 262 99 158 488 721 507 568 836 1234 298 988 609 545 1729 1618 1659 1883 1807 1939 1447 1721 1449 1452 
2856 1480 855 896 1086 671 657 807 1599 1466 1202 1087 504 485 103 9999 193 124 248 520 761 488 563 903 1281 362 1030 610 628 1737 1647 1682 1908 1833 1954 1460 1729 1462 1464 
3039 1342 1039 1086 978 855 813 983 1431 1299 1052 917 366 316 262 193 9999 316 419 439 679 652 737 1093 1200 370 1222 472 807 1589 1531 1556 1783 1710 1815 1321 1582 1322 1324 
2735 1563 746 779 1155 550 583 708 1701 1568 1294 1193 600 595 99 124 316 9999 152 587 819 409 470 780 1331 393 910 703 512 1825 1716 1757 1981 1906 2036 1545 1818 1546 1549 
2620 1551 741 748 1125 440 649 728 1722 1590 1298 1225 626 649 158 248 419 152 9999 571 782 479 513 686 1273 348 858 720 387 1820 1681 1730 1951 1874 2020 1534 1812 1536 1540 
3038 981 1310 1317 569 954 1168 1288 1162 1031 729 686 170 283 488 520 439 587 571 9999 243 995 1056 1208 766 229 1419 195 878 1249 1130 1170 1395 1319 1453 964 1242 966 970 
3112 780 1521 1516 343 1120 1402 1509 1018 894 571 607 349 461 721 761 679 819 782 243 9999 1228 1283 1369 523 435 1605 287 1038 1056 900 949 1169 1092 1242 766 1047 769 773 
2616 1966 420 508 1564 567 174 338 2082 1950 1689 1568 992 965 507 488 652 409 479 995 1228 9999 102 684 1737 799 670 1098 592 2225 2125 2164 2389 2314 2440 1947 2217 1949 1951 
2520 2033 319 406 1622 515 155 246 2161 2029 1762 1649 1065 1046 568 563 737 470 513 1056 1283 102 9999 603 1784 849 569 1170 554 2295 2182 2226 2449 2373 2507 2015 2287 2016 2019 
1965 2146 461 343 1701 254 724 567 2368 2238 1928 1889 1298 1332 836 903 1093 780 686 1208 1369 684 603 9999 1774 981 300 1383 332 2423 2222 2291 2499 2419 2597 2133 2415 2136 2141 
3320 505 1997 1974 280 1544 1911 1999 882 802 539 749 851 950 1234 1281 1200 1331 1273 766 523 1737 1784 1774 9999 938 2040 762 1458 751 458 545 731 652 857 508 743 513 520 
2838 1203 1089 1091 777 727 973 1074 1391 1260 958 909 332 403 298 362 370 393 348 229 435 799 849 981 938 9999 1190 404 652 1474 1335 1383 1604 1527 1672 1187 1466 1190 1193 
1960 2385 289 166 1945 496 634 414 2579 2446 2148 2083 1484 1499 988 1030 1222 910 858 1419 1605 670 569 300 2040 1190 9999 1578 582 2659 2480 2543 2756 2677 2844 2370 2651 2373 2377 
3231 872 1446 1466 515 1129 1267 1411 1003 870 592 507 107 188 609 610 472 703 720 195 287 1098 1170 1383 762 404 1578 9999 1055 1127 1061 1084 1311 1238 1346 852 1119 853 856 
2233 1817 598 537 1373 86 707 653 2037 1907 1597 1561 974 1017 545 628 807 512 387 878 1038 592 554 332 1458 652 582 1055 9999 2093 1900 1966 2177 2098 2270 1803 2085 1806 1811 
4067 277 2559 2565 724 2176 2393 2533 330 388 537 716 1233 1276 1729 1737 1589 1825 1820 1249 1056 2225 2295 2423 751 1474 2659 1127 2093 9999 372 263 340 328 249 290 8 287 282 
3763 287 2417 2405 561 1986 2298 2408 636 626 562 803 1165 1238 1618 1647 1531 1716 1681 1130 900 2125 2182 2222 458 1335 2480 1061 1900 372 9999 111 277 197 405 310 366 314 319 
3861 244 2470 2462 605 2051 2337 2456 546 552 545 776 1190 1254 1659 1682 1556 1757 1730 1170 949 2164 2226 2291 545 1383 2543 1084 1966 263 111 9999 227 158 312 269 257 270 273 
4017 458 2690 2679 827 2262 2562 2678 669 712 763 986 1417 1481 1883 1908 1783 1981 1951 1395 1169 2389 2449 2499 731 1604 2756 1311 2177 340 277 227 9999 79 190 482 340 483 484 
3943 398 2612 2601 751 2183 2487 2601 650 679 701 930 1344 1411 1807 1833 1710 1906 1874 1319 1092 2314 2373 2419 652 1527 2677 1238 2098 328 197 158 79 9999 240 423 326 424 426 
4168 474 2761 2759 900 2355 2611 2741 561 635 767 961 1453 1504 1939 1954 1815 2036 2020 1453 1242 2440 2507 2597 857 1672 2844 1346 2270 249 405 312 190 240 9999 494 253 493 491 
3797 25 2274 2277 436 1886 2118 2251 382 333 282 507 959 1012 1447 1460 1321 1545 1534 964 766 1947 2015 2133 508 1187 2370 852 1803 290 310 269 482 423 494 9999 281 5 13 
4058 269 2552 2557 715 2168 2386 2525 329 385 530 711 1226 1269 1721 1729 1582 1818 1812 1242 1047 2217 2287 2415 743 1466 2651 1119 2085 8 366 257 340 326 253 281 9999 278 274 
3801 27 2276 2280 439 1889 2119 2253 377 328 281 506 960 1013 1449 1462 1322 1546 1536 966 769 1949 2016 2136 513 1190 2373 853 1806 287 314 270 483 424 493 5 278 9999 7 
3807 32 2280 2283 444 1894 2121 2255 369 321 281 504 962 1014 1452 1464 1324 1549 1540 970 773 1951 2019 2141 520 1193 2377 856 1811 282 319 273 484 426 491 13 274 7 9999 
