NAME: ds_904_courier_4474
TYPE: TSP
COMMENT: nil
DIMENSION: 25
EDGE_WEIGHT_TYPE: EXPLICIT
EDGE_WEIGHT_FORMAT: FULL_MATRIX
EDGE_WEIGHT_SECTION
9999 1818 1482 1585 1894 2012 1980 2025 2137 1744 1188 760 1439 1437 638 1542 1331 1306 1096 638 1155 746 736 764 4108 
1818 9999 505 379 150 291 172 211 634 421 731 1490 1925 1975 1342 746 911 939 840 1209 885 1088 1146 1212 3761 
1482 505 9999 132 491 567 605 650 660 262 700 1366 1965 2007 918 288 408 435 398 844 401 842 943 1055 3427 
1585 379 132 9999 360 442 473 519 584 186 706 1414 1976 2020 1038 378 533 562 517 949 531 915 1005 1107 3482 
1894 150 491 360 9999 146 116 160 485 333 855 1612 2069 2119 1383 687 882 912 867 1271 891 1180 1248 1324 3633 
2012 291 567 442 146 9999 170 183 365 350 999 1754 2215 2265 1480 711 928 960 960 1383 967 1310 1383 1464 3546 
1980 172 605 473 116 170 9999 47 535 446 902 1661 2081 2133 1485 803 998 1028 972 1364 1002 1255 1316 1383 3713 
2025 211 650 519 160 183 47 9999 544 485 939 1698 2106 2158 1531 844 1042 1072 1019 1410 1048 1298 1357 1422 3729 
2137 634 660 584 485 365 535 544 9999 403 1266 1995 2521 2568 1545 645 888 920 1041 1499 1002 1496 1589 1690 3193 
1744 421 262 186 333 350 446 485 403 9999 889 1599 2157 2202 1172 362 579 611 655 1106 639 1094 1188 1292 3354 
1188 731 700 706 855 999 902 939 1266 889 9999 759 1270 1314 909 958 937 943 637 699 761 450 458 491 4087 
760 1490 1366 1414 1612 1754 1661 1698 1995 1599 759 9999 756 773 972 1557 1434 1424 1107 780 1224 561 440 312 4528 
1439 1925 1965 1976 2069 2215 2081 2106 2521 2157 1270 756 9999 58 1727 2204 2124 2119 1792 1528 1918 1274 1150 1010 5260 
1437 1975 2007 2020 2119 2265 2133 2158 2568 2202 1314 773 58 9999 1745 2242 2157 2152 1825 1550 1951 1302 1178 1038 5288 
638 1342 918 1038 1383 1480 1485 1531 1545 1172 909 972 1727 1745 9999 922 699 672 521 226 543 526 624 750 3580 
1542 746 288 378 687 711 803 844 645 362 958 1557 2204 2242 922 9999 243 276 469 919 387 1004 1119 1246 3143 
1331 911 408 533 882 928 998 1042 888 579 937 1434 2124 2157 699 243 9999 33 332 731 210 873 995 1131 3157 
1306 939 435 562 912 960 1028 1072 920 611 943 1424 2119 2152 672 276 33 9999 328 711 202 863 986 1123 3156 
1096 840 398 517 867 960 972 1019 1041 655 637 1107 1792 1825 521 469 332 328 9999 461 129 546 666 800 3482 
638 1209 844 949 1271 1383 1364 1410 1499 1106 699 780 1528 1550 226 919 731 711 461 9999 535 301 402 533 3749 
1155 885 401 531 891 967 1002 1048 1002 639 761 1224 1918 1951 543 387 210 202 129 535 9999 663 785 921 3354 
746 1088 842 915 1180 1310 1255 1298 1496 1094 450 561 1274 1302 526 1004 873 863 546 301 663 9999 124 264 3986 
736 1146 943 1005 1248 1383 1316 1357 1589 1188 458 440 1150 1178 624 1119 995 986 666 402 785 124 9999 140 4110 
764 1212 1055 1107 1324 1464 1383 1422 1690 1292 491 312 1010 1038 750 1246 1131 1123 800 533 921 264 140 9999 4250 
4108 3761 3427 3482 3633 3546 3713 3729 3193 3354 4087 4528 5260 5288 3580 3143 3157 3156 3482 3749 3354 3986 4110 4250 9999 
