,0,1,2,3,4,5,6,7,8
0,0.0,2968.654750989775,2205.718204905849,652.5925252259653,1873.5628447767383,701.2270973546341,440.0154259351483,4201.533713820648,370.8358982499313
1,2968.654750989775,0.0,2170.2025911979604,3620.497095831119,1391.804173776664,3295.841313725703,2654.7343883639987,6248.298484656459,2798.3354933589562
2,2205.718204905849,2170.2025911979604,0.0,2673.7123548762197,966.3097021434376,2870.553947765831,2235.616983184525,4153.527415942498,2336.538219405142
3,652.5925252259653,3620.497095831119,2673.7123548762197,0.0,2483.886038169067,787.7354912769196,1034.226375363994,3881.688235907229,911.7365970976501
4,1873.5628447767383,1391.804173776664,966.3097021434376,2483.886038169067,0.0,2406.794733589199,1714.7203530731538,4868.631235486513,1848.3630039843365
5,701.2270973546341,3295.841313725703,2870.553947765831,787.7354912769196,2406.794733589199,0.0,692.7074066878508,4663.93668001599,559.4154981095677
6,440.0154259351483,2654.7343883639987,2235.616983184525,1034.226375363994,1714.7203530731538,692.7074066878508,0.0,4621.355906098158,144.11592527630054
7,4201.533713820648,6248.298484656459,4153.527415942498,3881.688235907229,4868.631235486513,4663.93668001599,4621.355906098158,0.0,4572.365058959244
8,370.8358982499313,2798.3354933589562,2336.538219405142,911.7365970976501,1848.3630039843365,559.4154981095677,144.11592527630054,4572.365058959244,0.0
