,0,1,2,3,4,5,6,7,8,9,10,11,12,13,14,15,16,17,18,19,20
0,0.0,3053.4504350257316,3532.783787324647,4342.666439497116,4129.795345182877,3298.0772523338364,3235.8027157936885,3205.5258412036906,3830.7130066825916,3430.374998628154,3646.0459126617943,3588.0450923233416,2991.8090073381163,2967.171697229052,3128.273672230083,3205.5990171866865,3266.664674615718,2818.341892215788,2710.7244173132,2864.574059750812,2796.6822522629905
1,3053.4504350257316,0.0,857.6750117606832,1336.1628190829238,1140.3517649023668,262.2017560615461,220.73941475124627,265.9393507534986,964.9088647350711,808.4578651935767,983.2067141941698,701.2273202890538,1110.0654204561067,1525.523227676024,1220.869030534748,601.7460502873729,851.4176294716101,1019.3676079162384,1374.8933796367314,391.7142595692885,342.9096863894096
2,3532.783787324647,857.6750117606832,0.0,1466.5195585247275,1366.1115350013479,872.1820015023957,668.5801717984767,1015.732377245648,1436.4611495693732,1517.4767234520089,1614.702758206598,1255.6265043179433,1953.6403427072396,2375.2655577400496,2049.1153111883377,1387.2504242432472,1632.6029616654387,1875.5003438728781,2232.567211415784,1248.5358631868971,1180.7287297179178
3,4342.666439497116,1336.1628190829238,1466.5195585247275,0.0,216.77842882244371,1074.6506189922954,1218.5017384193334,1141.495521576141,588.0010009013714,1031.848453482008,889.7895164857484,771.5793368743839,1668.0906007012657,2020.085575759325,1640.6474732636552,1185.486124305585,1242.7734685890462,1744.8504336577637,2064.349286692797,1479.7163998211588,1547.3500657901739
4,4129.795345182877,1140.3517649023668,1366.1115350013479,216.77842882244371,0.0,878.1681603712527,1040.3848690890884,933.6960698087065,385.7234127860766,823.0260555117151,697.4219972625081,554.8050805223241,1463.756207220156,1827.180112982127,1444.8330326111668,969.1828117770924,1034.9096779747933,1533.7239547327072,1859.0975991414998,1265.6864322735994,1336.5843466655294
5,3298.0772523338364,262.2017560615461,872.1820015023957,1074.6506189922954,878.1681603712527,0.0,234.8114623819864,159.63727882005637,722.9405677174669,657.2601146410893,793.2624626406594,469.69390723355065,1103.2909233834682,1528.9695890801927,1184.8827527955852,517.0529858929016,760.4415211589522,1056.561331311304,1423.9189514262384,508.26863214386464,522.1994524366675
6,3235.8027157936885,220.73941475124627,668.5801717984767,1218.5017384193334,1040.3848690890884,234.8114623819864,0.0,353.2181717892378,939.62879258534,888.7177744334263,1027.88530292137,697.1189421702643,1285.1623008284391,1707.491039270437,1381.8142956756983,726.737425896518,976.4288437119076,1212.7738431287635,1574.5584052795843,601.6598369354069,563.3405692244829
7,3205.5258412036906,265.9393507534986,1015.732377245648,1141.495521576141,933.6960698087065,159.63727882005637,353.2181717892378,0.0,712.5999914856201,550.546939569603,717.7158754662021,445.6911010757203,947.0636478427939,1372.3911791852138,1034.1904882658057,373.585809936001,623.3321200557582,896.9547945743343,1264.2841173234033,368.7441051897927,409.5531006478301
8,3830.7130066825916,964.9088647350711,1436.4611495693732,588.0010009013714,385.7234127860766,722.9405677174669,939.62879258534,712.5999914856201,0.0,445.72987097455774,315.0277221289203,267.1992299604513,1080.3415019578822,1441.882402267566,1059.1786696231218,628.643445277537,655.3659863177901,1159.6970965404416,1476.4498901155503,980.9527521160672,1074.7684223100262
9,3430.374998628154,808.4578651935767,1517.4767234520089,1031.848453482008,823.0260555117151,657.2601146410893,888.7177744334263,550.546939569603,445.72987097455774,0.0,221.4716524045847,334.8753373811818,644.0236698039573,1032.1437114931146,648.620101465689,253.09697414802025,212.12772258374693,713.9676134654329,1037.2945870788483,655.0379608659932,774.0675316891098
10,3646.0459126617943,983.2067141941698,1614.702758206598,889.7895164857484,697.4219972625081,793.2624626406594,1027.88530292137,717.7158754662021,315.0277221289203,221.4716524045847,0.0,360.7208707986419,788.0469760334021,1130.9694480940195,750.8859033790108,471.6151694295794,389.8963380399856,892.3490546779727,1183.8536913249634,871.7055405384584,987.4563823148872
11,3588.0450923233416,701.2273202890538,1255.6265043179433,771.5793368743839,554.8050805223241,469.69390723355065,697.1189421702643,445.6911010757203,267.1992299604513,334.8753373811818,360.7208707986419,0.0,963.6624624829573,1363.8839502894689,981.8377815157762,417.1874782134649,533.6941610536659,1002.9329291748303,1348.4263242723136,726.628786589233,813.426565309372
12,2991.8090073381163,1110.0654204561067,1953.6403427072396,1668.0906007012657,1463.756207220156,1103.2909233834682,1285.1623008284391,947.0636478427939,1080.3415019578822,644.0236698039573,788.0469760334021,963.6624624829573,0.0,425.7497649420089,161.2647040455255,603.3350542917397,432.938085296735,192.87643589754973,396.52526847952134,748.6784397163841,861.1611587201596
13,2967.171697229052,1525.523227676024,2375.2655577400496,2020.085575759325,1827.180112982127,1528.9695890801927,1707.491039270437,1372.3911791852138,1441.882402267566,1032.1437114931146,1130.9694480940195,1363.8839502894689,425.7497649420089,0.0,384.5913543132926,1026.629831639479,831.5700637148786,518.0860248291973,285.8474520697658,1150.042832054985,1251.4428907637207
14,3128.273672230083,1220.869030534748,2049.1153111883377,1640.6474732636552,1444.8330326111668,1184.8827527955852,1381.8142956756983,1034.1904882658057,1059.1786696231218,648.620101465689,750.8859033790108,981.8377815157762,161.2647040455255,384.5913543132926,0.0,669.9072833213238,453.3106685737218,353.305323926191,464.8374797052162,878.2850283901174,996.5788085286846
15,3205.5990171866865,601.7460502873729,1387.2504242432472,1185.486124305585,969.1828117770924,517.0529858929016,726.737425896518,373.585809936001,628.643445277537,253.09697414802025,471.6151694295794,417.1874782134649,603.3350542917397,1026.629831639479,669.9072833213238,0.0,251.41303877767152,601.7701859783868,961.772033077458,402.0037454590965,522.2705722363728
16,3266.664674615718,851.4176294716101,1632.6029616654387,1242.7734685890462,1034.9096779747933,760.4415211589522,976.4288437119076,623.3321200557582,655.3659863177901,212.12772258374693,389.8963380399856,533.6941610536659,432.938085296735,831.5700637148786,453.3106685737218,251.41303877767152,0.0,506.94229911688757,825.2160505084547,599.8471530202147,727.4136093362094
17,2818.341892215788,1019.3676079162384,1875.5003438728781,1744.8504336577637,1533.7239547327072,1056.561331311304,1212.7738431287635,896.9547945743343,1159.6970965404416,713.9676134654329,892.3490546779727,1002.9329291748303,192.87643589754973,518.0860248291973,353.305323926191,601.7701859783868,506.94229911688757,0.0,367.69649704907675,635.8337180616286,733.6522398737538
18,2710.7244173132,1374.8933796367314,2232.567211415784,2064.349286692797,1859.0975991414998,1423.9189514262384,1574.5584052795843,1264.2841173234033,1476.4498901155503,1037.2945870788483,1183.8536913249634,1348.4263242723136,396.52526847952134,285.8474520697658,464.8374797052162,961.772033077458,825.2160505084547,367.69649704907675,0.0,985.008677669845,1068.4439877420145
19,2864.574059750812,391.7142595692885,1248.5358631868971,1479.7163998211588,1265.6864322735994,508.26863214386464,601.6598369354069,368.7441051897927,980.9527521160672,655.0379608659932,871.7055405384584,726.628786589233,748.6784397163841,1150.042832054985,878.2850283901174,402.0037454590965,599.8471530202147,635.8337180616286,985.008677669845,0.0,127.91119439130183
20,2796.6822522629905,342.9096863894096,1180.7287297179178,1547.3500657901739,1336.5843466655294,522.1994524366675,563.3405692244829,409.5531006478301,1074.7684223100262,774.0675316891098,987.4563823148872,813.426565309372,861.1611587201596,1251.4428907637207,996.5788085286846,522.2705722363728,727.4136093362094,733.6522398737538,1068.4439877420145,127.91119439130183,0.0
