NAME: ds_606_courier_4849
TYPE: TSP
COMMENT: nil
DIMENSION: 26
EDGE_WEIGHT_TYPE: EXPLICIT
EDGE_WEIGHT_FORMAT: FULL_MATRIX
EDGE_WEIGHT_SECTION
9999 3469 2926 3183 3252 3461 3020 3367 3185 3484 2980 2998 3204 3183 3227 3539 3456 3570 3524 2477 3882 3805 3907 3514 2965 2554 
3469 9999 546 340 218 250 606 318 298 258 689 474 515 424 822 703 864 841 447 1002 1097 883 814 437 763 928 
2926 546 9999 342 329 608 439 554 260 632 504 126 541 429 835 932 1004 1048 759 456 1381 1197 1201 746 582 382 
3183 340 342 9999 202 283 272 213 261 308 358 221 248 123 578 602 701 726 417 762 1048 858 859 404 437 697 
3252 218 329 202 9999 330 467 326 100 351 553 262 443 323 773 748 874 881 520 784 1181 977 943 507 635 710 
3461 250 608 283 330 9999 473 109 429 25 544 497 326 287 593 454 615 592 202 1044 863 653 614 191 602 977 
3020 606 439 272 467 473 9999 367 500 493 86 329 186 190 400 573 593 662 503 720 1007 854 911 494 168 674 
3367 318 554 213 326 109 367 9999 418 127 435 434 219 185 504 422 559 556 206 972 857 658 647 193 494 908 
3185 298 260 261 100 429 500 418 9999 451 584 230 510 385 839 839 956 970 617 710 1275 1073 1043 604 668 634 
3484 258 632 308 351 25 493 127 451 9999 562 521 342 309 598 445 611 583 190 1069 847 637 592 179 619 1001 
2980 689 504 358 553 544 86 435 584 562 9999 403 232 268 360 581 573 655 549 736 1000 862 935 541 84 698 
2998 474 126 221 262 497 329 434 230 521 403 9999 415 303 717 806 880 922 637 549 1255 1071 1080 624 485 480 
3204 515 541 248 443 326 186 219 510 342 232 415 9999 125 331 404 465 510 320 886 849 682 728 311 279 834 
3183 424 429 123 323 287 190 185 385 309 268 303 125 9999 454 503 585 620 358 810 952 772 794 346 339 751 
3227 822 835 578 773 593 400 504 839 598 360 717 331 454 9999 334 234 343 470 1094 672 579 701 470 315 1058 
3539 703 932 602 748 454 573 422 839 445 581 806 404 503 334 9999 194 138 258 1289 448 282 371 267 578 1238 
3456 864 1004 701 874 615 593 559 956 611 573 880 465 585 234 194 9999 123 435 1308 438 360 507 441 542 1266 
3570 841 1048 726 881 592 662 556 970 583 655 922 510 620 343 138 123 9999 395 1382 346 239 386 404 635 1335 
3524 447 759 417 520 202 503 206 617 190 549 637 320 358 470 258 435 395 9999 1166 663 457 443 13 583 1105 
2477 1002 456 762 784 1044 720 972 710 1069 736 549 886 810 1094 1289 1308 1382 1166 9999 1727 1568 1604 1154 782 77 
3882 1097 1381 1048 1181 863 1007 857 1275 847 1000 1255 849 952 672 448 438 346 663 1727 9999 216 355 675 977 1679 
3805 883 1197 858 977 653 854 658 1073 637 862 1071 682 772 579 282 360 239 457 1568 216 9999 180 469 855 1516 
3907 814 1201 859 943 614 911 647 1043 592 935 1080 728 794 701 371 507 386 443 1604 355 180 9999 455 942 1545 
3514 437 746 404 507 191 494 193 604 179 541 624 311 346 470 267 441 404 13 1154 675 469 455 9999 576 1093 
2965 763 582 437 635 602 168 494 668 619 84 485 279 339 315 578 542 635 583 782 977 855 942 576 9999 750 
2554 928 382 697 710 977 674 908 634 1001 698 480 834 751 1058 1238 1266 1335 1105 77 1679 1516 1545 1093 750 9999 
