NAME: ds_824_courier_435
TYPE: TSP
COMMENT: nil
DIMENSION: 22
EDGE_WEIGHT_TYPE: EXPLICIT
EDGE_WEIGHT_FORMAT: FULL_MATRIX
EDGE_WEIGHT_SECTION
9999 569 692 581 952 1252 1677 1019 1036 1009 500 1056 465 536 1329 1163 1266 1134 36 1278 629 694 
569 9999 126 321 384 910 1246 563 485 1048 105 600 530 205 838 600 725 910 581 844 177 150 
692 126 9999 396 271 840 1145 524 389 1068 223 558 597 294 769 491 631 872 702 749 167 123 
581 321 396 9999 531 1229 1539 447 548 1327 237 483 763 119 761 690 740 1229 609 1145 498 295 
952 384 271 531 9999 882 1079 395 147 1270 457 417 854 473 551 220 376 986 965 724 411 267 
1252 910 840 1229 882 9999 467 1276 1015 735 1009 1300 826 1115 1392 989 1171 256 1237 235 738 959 
1677 1246 1145 1539 1079 467 9999 1458 1174 1176 1351 1471 1278 1438 1476 1092 1247 703 1666 405 1096 1247 
1019 563 524 447 395 1276 1458 9999 284 1592 561 38 1093 487 314 393 344 1364 1044 1118 690 419 
1036 485 389 548 147 1015 1174 284 9999 1416 536 298 984 521 404 143 242 1130 1053 842 544 344 
1009 1048 1068 1327 1270 735 1176 1592 1416 9999 1097 1627 581 1213 1818 1460 1638 480 978 937 902 1178 
500 105 223 237 457 1009 1351 561 536 1097 9999 598 549 118 856 663 769 995 517 949 271 193 
1056 600 558 483 417 1300 1471 38 298 1627 598 9999 1130 524 280 395 328 1392 1081 1137 725 455 
465 530 597 763 854 826 1278 1093 984 581 549 1130 9999 657 1363 1071 1225 676 441 902 443 678 
536 205 294 119 473 1115 1438 487 521 1213 118 524 657 9999 794 659 738 1111 559 1040 380 212 
1329 838 769 761 551 1392 1476 314 404 1818 856 280 1363 794 9999 404 230 1527 1353 1197 933 688 
1163 600 491 690 220 989 1092 393 143 1460 663 395 1071 659 404 9999 185 1133 1178 794 628 470 
1266 725 631 740 376 1171 1247 344 242 1638 769 328 1225 738 230 185 9999 1318 1285 970 784 581 
1134 910 872 1229 986 256 703 1364 1130 480 995 1392 676 1111 1527 1133 1318 9999 1113 472 734 995 
36 581 702 609 965 1237 1666 1044 1053 978 517 1081 441 559 1353 1178 1285 1113 9999 1269 631 709 
1278 844 749 1145 724 235 405 1118 842 937 949 1137 902 1040 1197 794 970 472 1269 9999 691 857 
629 177 167 498 411 738 1096 690 544 902 271 725 443 380 933 628 784 734 631 691 9999 278 
694 150 123 295 267 959 1247 419 344 1178 193 455 678 212 688 470 581 995 709 857 278 9999 
