NAME: ds_717_courier_4474
TYPE: TSP
COMMENT: nil
DIMENSION: 17
EDGE_WEIGHT_TYPE: EXPLICIT
EDGE_WEIGHT_FORMAT: FULL_MATRIX
EDGE_WEIGHT_SECTION
9999 1642 1475 750 924 1495 1200 1730 1709 1851 823 1057 819 753 711 1491 780 
1642 9999 237 1371 1332 250 844 378 937 456 878 586 870 891 969 250 1580 
1475 237 9999 1144 1098 38 608 311 758 430 773 433 673 725 777 33 1514 
750 1371 1144 9999 175 1145 622 1291 1064 1393 921 877 566 672 520 1143 1372 
924 1332 1098 175 9999 1094 525 1207 917 1300 1003 896 608 744 593 1093 1518 
1495 250 38 1145 1094 9999 596 276 725 396 804 460 688 747 793 5 1548 
1200 844 608 622 525 596 9999 682 514 776 852 577 468 629 547 595 1553 
1730 378 311 1291 1207 276 682 9999 594 124 1076 726 912 996 1019 281 1823 
1709 937 758 1064 917 725 514 594 9999 605 1310 978 968 1119 1056 728 2042 
1851 456 430 1393 1300 396 776 124 605 9999 1199 850 1032 1120 1140 401 1944 
823 878 773 921 1003 804 852 1076 1310 1199 9999 356 418 261 410 799 753 
1057 586 433 877 896 460 577 726 978 850 356 9999 318 306 400 456 1109 
819 870 673 566 608 688 468 912 968 1032 418 318 9999 167 107 684 1085 
753 891 725 672 744 747 629 996 1119 1120 261 306 167 9999 153 743 926 
711 969 777 520 593 793 547 1019 1056 1140 410 400 107 153 9999 790 1017 
1491 250 33 1143 1093 5 595 281 728 401 799 456 684 743 790 9999 1543 
780 1580 1514 1372 1518 1548 1553 1823 2042 1944 753 1109 1085 926 1017 1543 9999 
