NAME: ds_813_courier_1656
TYPE: TSP
COMMENT: nil
DIMENSION: 18
EDGE_WEIGHT_TYPE: EXPLICIT
EDGE_WEIGHT_FORMAT: FULL_MATRIX
EDGE_WEIGHT_SECTION
9999 3173 4124 3877 5452 2581 4089 3406 3235 4664 2538 3874 5266 3372 2846 3703 4931 3339 
3173 9999 1232 842 6859 967 1135 238 62 1512 693 702 2094 581 1766 583 1758 203 
4124 1232 9999 421 8087 1552 131 1121 1191 1348 1632 853 1564 1609 2967 1196 1270 1222 
3877 842 421 9999 7679 1367 304 706 794 1148 1343 461 1534 1188 2550 784 1202 808 
5452 6859 8087 7679 9999 7026 7981 6973 6896 7672 6676 7355 8293 6536 5144 7007 8078 6871 
2581 967 1552 1367 7026 9999 1532 1172 1013 2381 438 1524 2877 1499 2261 1532 2538 1169 
4089 1135 131 304 7981 1532 9999 1010 1091 1238 1577 723 1495 1489 2854 1068 1188 1111 
3406 238 1121 706 6973 1172 1010 9999 177 1275 928 477 1860 521 1846 360 1525 102 
3235 62 1191 794 6896 1013 1091 177 9999 1451 751 641 2032 566 1794 528 1696 157 
4664 1512 1348 1148 7672 2381 1238 1275 1451 9999 2199 857 657 1353 2612 961 409 1330 
2538 693 1632 1343 6676 438 1577 928 751 2199 9999 1362 2758 1136 1828 1274 2418 890 
3874 702 853 461 7355 1524 723 477 641 857 1362 9999 1397 819 2211 358 1059 563 
5266 2094 1564 1534 8293 2877 1495 1860 2032 657 2758 1397 9999 2003 3263 1584 341 1930 
3372 581 1609 1188 6536 1499 1489 521 566 1353 1136 819 2003 9999 1392 475 1699 440 
2846 1766 2967 2550 5144 2261 2854 1846 1794 2612 1828 2211 3263 1392 9999 1864 3002 1745 
3703 583 1196 784 7007 1532 1068 360 528 961 1274 358 1584 475 1864 9999 1263 384 
4931 1758 1270 1202 8078 2538 1188 1525 1696 409 2418 1059 341 1699 3002 1263 9999 1599 
3339 203 1222 808 6871 1169 1111 102 157 1330 890 563 1930 440 1745 384 1599 9999 
