NAME: ds_705_courier_949
TYPE: TSP
COMMENT: nil
DIMENSION: 20
EDGE_WEIGHT_TYPE: EXPLICIT
EDGE_WEIGHT_FORMAT: FULL_MATRIX
EDGE_WEIGHT_SECTION
9999 586 3790 4362 4531 4445 4359 4523 4624 3948 3757 3393 3064 2659 3649 3901 3985 2973 2750 3974 
586 9999 3222 3836 4019 3922 3818 3985 4085 3376 3178 2810 2481 2073 3104 3340 3442 2390 2174 3426 
3790 3222 9999 986 1266 1082 800 969 1048 199 303 612 1291 1296 463 197 544 1353 1633 463 
4362 3836 986 9999 280 99 259 255 334 1034 1273 1587 2262 2171 780 790 470 2317 2581 535 
4531 4019 1266 280 9999 190 517 430 452 1313 1554 1863 2536 2426 1028 1070 739 2589 2849 810 
4445 3922 1082 99 190 9999 328 268 321 1124 1367 1685 2360 2269 878 886 569 2415 2680 633 
4359 3818 800 259 517 328 9999 176 271 813 1067 1412 2090 2051 715 606 376 2152 2427 404 
4523 3985 969 255 430 268 176 9999 101 967 1227 1581 2259 2227 886 777 547 2322 2599 580 
4624 4085 1048 334 452 321 271 101 9999 1031 1295 1659 2335 2316 985 859 646 2400 2680 675 
3948 3376 199 1034 1313 1124 813 967 1031 9999 268 663 1322 1401 642 291 643 1394 1685 557 
3757 3178 303 1273 1554 1367 1067 1227 1295 268 9999 406 1054 1162 741 488 845 1127 1420 762 
3393 2810 612 1587 1863 1685 1412 1581 1659 663 406 9999 678 763 910 806 1125 741 1026 1053 
3064 2481 1291 2262 2536 2360 2090 2259 2335 1322 1054 678 9999 521 1551 1485 1797 94 387 1727 
2659 2073 1296 2171 2426 2269 2051 2227 2316 1401 1162 763 521 9999 1398 1466 1705 467 528 1653 
3649 3104 463 780 1028 878 715 886 985 642 741 910 1551 1398 9999 384 339 1593 1837 327 
3901 3340 197 790 1070 886 606 777 859 291 488 806 1485 1466 384 9999 360 1546 1822 276 
3985 3442 544 470 739 569 376 547 646 643 845 1125 1797 1705 339 360 9999 1849 2112 85 
2973 2390 1353 2317 2589 2415 2152 2322 2400 1394 1127 741 94 467 1593 1546 1849 9999 299 1782 
2750 2174 1633 2581 2849 2680 2427 2599 2680 1685 1420 1026 387 528 1837 1822 2112 299 9999 2048 
3974 3426 463 535 810 633 404 580 675 557 762 1053 1727 1653 327 276 85 1782 2048 9999 
