NAME: ds_720_courier_4849
TYPE: TSP
COMMENT: nil
DIMENSION: 22
EDGE_WEIGHT_TYPE: EXPLICIT
EDGE_WEIGHT_FORMAT: FULL_MATRIX
EDGE_WEIGHT_SECTION
9999 2095 2051 2278 2704 2489 2676 3598 3156 3463 2439 2990 3918 2160 2434 2633 3193 3053 3854 3404 2334 2424 
2095 9999 241 296 610 525 861 1505 1072 1412 711 928 1826 456 351 858 1108 1038 1769 1362 601 343 
2051 241 9999 228 700 446 723 1564 1189 1554 531 941 1880 234 516 705 1152 1211 1872 1355 411 512 
2278 296 228 9999 492 237 566 1338 983 1357 431 713 1653 264 380 563 925 1042 1656 1130 336 380 
2704 610 700 492 9999 432 703 896 491 867 737 384 1217 736 298 742 509 590 1173 808 712 309 
2489 525 446 237 432 9999 356 1167 890 1276 310 523 1474 358 477 370 755 1022 1521 916 283 483 
2676 861 723 566 703 356 9999 1183 1063 1440 237 578 1453 534 825 60 810 1270 1591 825 345 831 
3598 1505 1564 1338 896 1167 1183 9999 532 577 1368 646 321 1526 1183 1242 414 828 437 433 1415 1194 
3156 1072 1189 983 491 890 1063 532 9999 387 1169 506 831 1221 724 1115 364 327 698 697 1171 734 
3463 1412 1554 1357 867 1276 1440 577 387 9999 1555 868 759 1602 1061 1494 671 422 455 926 1558 1069 
2439 711 531 431 737 310 237 1368 1169 1555 9999 732 1654 315 769 196 972 1327 1757 1041 122 773 
2990 928 941 713 384 523 578 646 506 868 732 9999 951 881 670 635 240 774 1025 436 770 681 
3918 1826 1880 1653 1217 1474 1453 321 831 759 1654 951 9999 1832 1503 1512 728 1095 399 640 1711 1514 
2160 456 234 264 736 358 534 1526 1221 1602 315 881 1832 9999 641 504 1113 1302 1874 1259 193 641 
2434 351 516 380 298 477 825 1183 724 1061 769 670 1503 641 9999 845 805 697 1422 1101 698 11 
2633 858 705 563 742 370 60 1242 1115 1494 196 635 1512 504 845 9999 868 1316 1650 883 312 851 
3193 1108 1152 925 509 755 810 414 364 671 972 240 728 1113 805 868 9999 682 785 351 1009 817 
3053 1038 1211 1042 590 1022 1270 828 327 422 1327 774 1095 1302 697 1316 682 9999 862 1023 1300 703 
3854 1769 1872 1656 1173 1521 1591 437 698 455 1757 1025 399 1874 1422 1650 785 862 9999 870 1788 1432 
3404 1362 1355 1130 808 916 825 433 697 926 1041 436 640 1259 1101 883 351 1023 870 9999 1113 1113 
2334 601 411 336 712 283 345 1415 1171 1558 122 770 1711 193 698 312 1009 1300 1788 1113 9999 701 
2424 343 512 380 309 483 831 1194 734 1069 773 681 1514 641 11 851 817 703 1432 1113 701 9999 
