NAME: ds_908_courier_435
TYPE: TSP
COMMENT: nil
DIMENSION: 16
EDGE_WEIGHT_TYPE: EXPLICIT
EDGE_WEIGHT_FORMAT: FULL_MATRIX
EDGE_WEIGHT_SECTION
9999 473 226 1792 1085 20 923 1294 27 939 640 1171 928 1237 1495 1503 
473 9999 287 1554 1015 484 1038 1310 488 468 256 699 503 767 1068 1074 
226 287 9999 1594 933 229 850 1181 231 734 416 967 783 1050 1270 1278 
1792 1554 1594 9999 803 1785 1195 897 1783 1377 1300 1384 1739 1554 945 956 
1085 1015 933 803 9999 1074 406 333 1070 1095 817 1237 1396 1405 1107 1120 
20 484 229 1785 1074 9999 906 1280 7 948 645 1181 944 1249 1499 1507 
923 1038 850 1195 406 906 9999 408 901 1275 925 1462 1505 1613 1449 1461 
1294 1310 1181 897 333 1280 408 9999 1275 1427 1133 1570 1718 1738 1409 1423 
27 488 231 1783 1070 7 901 1275 9999 952 647 1185 949 1253 1501 1509 
939 468 734 1377 1095 948 1275 1427 952 9999 373 233 362 343 663 665 
640 256 416 1300 817 645 925 1133 647 373 9999 595 589 715 855 863 
1171 699 967 1384 1237 1181 1462 1570 1185 233 595 9999 451 176 540 538 
928 503 783 1739 1396 944 1505 1718 949 362 589 451 9999 395 982 981 
1237 767 1050 1554 1405 1249 1613 1738 1253 343 715 176 395 9999 676 671 
1495 1068 1270 945 1107 1499 1449 1409 1501 663 855 540 982 676 9999 14 
1503 1074 1278 956 1120 1507 1461 1423 1509 665 863 538 981 671 14 9999 
