NAME: ds_701_courier_949
TYPE: TSP
COMMENT: nil
DIMENSION: 17
EDGE_WEIGHT_TYPE: EXPLICIT
EDGE_WEIGHT_FORMAT: FULL_MATRIX
EDGE_WEIGHT_SECTION
9999 3116 2354 3966 3847 4052 3245 2957 2014 2259 1892 3928 3964 3072 3005 3564 3076 
3116 9999 1463 1121 834 1038 433 461 1298 1381 1578 1052 1139 44 205 602 40 
2354 1463 9999 2583 2281 2475 1282 1040 536 157 474 2515 2601 1429 1518 2064 1438 
3966 1121 2583 9999 380 339 1406 1565 2374 2498 2666 76 34 1155 1095 520 1146 
3847 834 2281 380 9999 209 1055 1244 2128 2209 2411 305 411 874 866 284 866 
4052 1038 2475 339 209 9999 1230 1436 2335 2407 2617 288 373 1079 1076 489 1071 
3245 433 1282 1406 1055 1230 9999 290 1285 1243 1523 1332 1432 440 629 908 448 
2957 461 1040 1565 1244 1436 290 9999 997 982 1242 1493 1585 440 595 1046 450 
2014 1298 536 2374 2128 2335 1285 997 9999 380 297 2314 2386 1256 1280 1873 1264 
2259 1381 157 2498 2209 2407 1243 982 380 9999 366 2431 2514 1344 1418 1981 1353 
1892 1578 474 2666 2411 2617 1523 1242 297 366 9999 2605 2679 1537 1572 2162 1545 
3928 1052 2515 76 305 288 1332 1493 2314 2431 2605 9999 106 1087 1033 451 1078 
3964 1139 2601 34 411 373 1432 1585 2386 2514 2679 106 9999 1173 1108 539 1163 
3072 44 1429 1155 874 1079 440 440 1256 1344 1537 1087 1173 9999 189 637 11 
3005 205 1518 1095 866 1076 629 595 1280 1418 1572 1033 1108 189 9999 597 182 
3564 602 2064 520 284 489 908 1046 1873 1981 2162 451 539 637 597 9999 627 
3076 40 1438 1146 866 1071 448 450 1264 1353 1545 1078 1163 11 182 627 9999 
