NAME: ds_706_courier_487
TYPE: TSP
COMMENT: nil
DIMENSION: 13
EDGE_WEIGHT_TYPE: EXPLICIT
EDGE_WEIGHT_FORMAT: FULL_MATRIX
EDGE_WEIGHT_SECTION
9999 3158 2609 2897 2911 4252 3770 3846 3918 3006 2794 2527 3624 
3158 9999 640 338 266 6002 5343 4892 2862 1654 2192 1969 558 
2609 640 9999 312 378 5817 5177 4816 3127 1846 2256 1971 1194 
2897 338 312 9999 114 5952 5302 4898 3038 1781 2259 2000 896 
2911 266 378 114 9999 5886 5234 4817 2927 1675 2163 1911 817 
4252 6002 5817 5952 5886 9999 672 1412 4161 4587 3961 4082 6136 
3770 5343 5177 5302 5234 672 9999 836 3515 3915 3289 3414 5467 
3846 4892 4816 4898 4817 1412 836 9999 2772 3352 2738 2924 4943 
3918 2862 3127 3038 2927 4161 3515 2772 9999 1286 1142 1453 2654 
3006 1654 1846 1781 1675 4587 3915 3352 1286 9999 626 600 1598 
2794 2192 2256 2259 2163 3961 3289 2738 1142 626 9999 328 2205 
2527 1969 1971 2000 1911 4082 3414 2924 1453 600 328 9999 2053 
3624 558 1194 896 817 6136 5467 4943 2654 1598 2205 2053 9999 
