NAME: ds_610_courier_949
TYPE: TSP
COMMENT: nil
DIMENSION: 27
EDGE_WEIGHT_TYPE: EXPLICIT
EDGE_WEIGHT_FORMAT: FULL_MATRIX
EDGE_WEIGHT_SECTION
9999 2119 2272 2364 2429 1989 2054 2798 3777 3923 3990 3798 3845 4090 3960 3829 3862 3928 4090 4030 3846 3089 3212 4126 3341 3562 2428 
2119 9999 316 294 449 307 65 741 1923 2031 2120 2031 2118 2347 2178 2045 2108 2364 2470 2386 2110 1468 1528 2355 1488 1884 457 
2272 316 9999 154 162 284 352 818 2037 2125 2220 2172 2268 2485 2308 2180 2250 2549 2638 2550 2258 1678 1718 2483 1623 2058 165 
2364 294 154 9999 181 399 351 664 1883 1970 2066 2019 2116 2332 2155 2027 2097 2401 2488 2400 2105 1538 1572 2329 1471 1909 193 
2429 449 162 181 9999 441 496 784 1994 2071 2169 2143 2243 2451 2272 2147 2220 2543 2622 2532 2231 1695 1721 2445 1596 2048 13 
1989 307 284 399 441 9999 285 1012 2216 2317 2409 2331 2420 2647 2476 2344 2408 2671 2776 2691 2412 1775 1834 2652 1785 2190 440 
2054 65 352 351 496 285 9999 798 1970 2080 2168 2073 2158 2389 2221 2088 2149 2397 2506 2423 2150 1496 1561 2398 1532 1920 503 
2798 741 818 664 784 1012 798 9999 1219 1310 1404 1359 1459 1670 1492 1365 1437 1764 1838 1748 1447 958 959 1666 812 1269 797 
3777 1923 2037 1883 1994 2216 1970 1219 9999 168 213 226 338 473 290 198 284 738 720 628 319 751 610 453 445 419 2006 
3923 2031 2125 1970 2071 2317 2080 1310 168 9999 103 336 427 477 316 293 364 819 764 679 407 917 776 430 582 574 2082 
3990 2120 2220 2066 2169 2409 2168 1404 213 103 9999 306 376 384 240 259 312 751 680 598 356 954 815 332 655 569 2180 
3798 2031 2172 2019 2143 2331 2073 1359 226 336 306 9999 115 316 162 47 78 512 508 415 97 715 586 333 549 275 2155 
3845 2118 2268 2116 2243 2420 2158 1459 338 427 376 115 9999 245 160 142 64 400 395 302 20 756 638 286 647 286 2255 
4090 2347 2485 2332 2451 2647 2389 1670 473 477 384 316 245 9999 183 305 240 423 306 239 246 1001 882 80 863 528 2464 
3960 2178 2308 2155 2272 2476 2221 1492 290 316 240 162 160 183 9999 135 110 512 449 363 146 877 749 177 690 425 2285 
3829 2045 2180 2027 2147 2344 2088 1365 198 293 259 47 142 305 135 9999 86 542 524 432 122 751 619 311 559 319 2159 
3862 2108 2250 2097 2220 2408 2149 1437 284 364 312 78 64 240 110 86 9999 459 438 345 44 775 651 264 627 316 2233 
3928 2364 2549 2401 2543 2671 2397 1764 738 819 751 512 400 423 512 542 459 9999 186 191 420 908 837 502 971 496 2556 
4090 2470 2638 2488 2622 2776 2506 1838 720 764 680 508 395 306 449 524 438 186 9999 93 411 1038 949 380 1029 586 2634 
4030 2386 2550 2400 2532 2691 2423 1748 628 679 598 415 302 239 363 432 345 191 93 9999 318 965 870 318 938 504 2545 
3846 2110 2258 2105 2231 2412 2150 1447 319 407 356 97 20 246 146 122 44 420 411 318 9999 757 637 282 635 290 2244 
3089 1468 1678 1538 1695 1775 1496 958 751 917 954 715 756 1001 877 751 775 908 1038 965 757 9999 141 1039 445 475 1708 
3212 1528 1718 1572 1721 1834 1561 959 610 776 815 586 638 882 749 619 651 837 949 870 637 141 9999 915 328 367 1734 
4126 2355 2483 2329 2445 2652 2398 1666 453 430 332 333 286 80 177 311 264 502 380 318 282 1039 915 9999 867 572 2457 
3341 1488 1623 1471 1596 1785 1532 812 445 582 655 549 647 863 690 559 627 971 1029 938 635 445 328 867 9999 482 1609 
3562 1884 2058 1909 2048 2190 1920 1269 419 574 569 275 286 528 425 319 316 496 586 504 290 475 367 572 482 9999 2061 
2428 457 165 193 13 440 503 797 2006 2082 2180 2155 2255 2464 2285 2159 2233 2556 2634 2545 2244 1708 1734 2457 1609 2061 9999 
