NAME: ds_828_courier_2665
TYPE: TSP
COMMENT: nil
DIMENSION: 31
EDGE_WEIGHT_TYPE: EXPLICIT
EDGE_WEIGHT_FORMAT: FULL_MATRIX
EDGE_WEIGHT_SECTION
9999 726 1643 1781 765 886 1963 966 1353 556 89 944 1569 505 646 935 764 421 809 1071 1784 587 1219 1686 767 382 1690 1325 1890 80 560 
726 9999 1492 1423 805 817 1728 349 698 1012 687 935 1056 365 448 877 1019 734 340 873 1120 148 899 1389 572 599 1109 853 1667 804 584 
1643 1492 9999 482 878 765 349 1224 1234 2191 1555 700 848 1279 1893 2333 2343 1230 1152 627 1362 1542 614 327 2038 1867 1044 805 273 1692 1964 
1781 1423 482 9999 1064 923 405 1092 954 2291 1694 921 484 1326 1864 2300 2389 1409 1100 718 956 1515 566 162 1994 1917 637 582 389 1844 1973 
765 805 878 1064 9999 143 1202 725 1009 1316 677 180 991 477 1106 1527 1482 356 545 353 1377 788 546 948 1257 1016 1168 755 1127 815 1138 
886 817 765 923 143 9999 1077 676 916 1428 797 121 856 532 1163 1595 1579 489 516 210 1264 826 406 810 1312 1106 1040 626 1004 941 1213 
1963 1728 349 405 1202 1077 9999 1423 1341 2503 1874 1029 884 1564 2153 2594 2637 1557 1391 908 1359 1799 829 350 2292 2160 1042 938 76 2016 2241 
966 349 1224 1092 725 676 1423 9999 387 1339 903 795 707 478 796 1219 1366 816 195 648 818 476 611 1077 913 929 766 513 1368 1045 932 
1353 698 1234 954 1009 916 1341 387 9999 1708 1290 1021 480 860 1119 1506 1707 1175 560 802 431 840 665 997 1211 1296 443 428 1303 1432 1274 
556 1012 2191 2291 1316 1428 2503 1339 1708 9999 643 1495 2018 967 658 632 284 977 1233 1599 2131 868 1725 2210 671 412 2104 1785 2431 528 483 
89 687 1555 1694 677 797 1874 903 1290 643 9999 855 1490 433 665 986 840 335 738 982 1719 556 1133 1598 796 429 1615 1244 1801 153 600 
944 935 700 921 180 121 1029 795 1021 1495 855 9999 917 635 1268 1695 1661 530 637 254 1351 938 456 793 1418 1192 1110 701 954 992 1309 
1569 1056 848 484 991 856 884 707 480 2018 1490 917 9999 1070 1503 1921 2068 1274 785 663 516 1175 462 558 1617 1616 208 247 856 1643 1636 
505 365 1279 1326 477 532 1564 478 860 967 433 635 1070 9999 633 1063 1074 373 305 657 1288 315 761 1253 783 597 1185 828 1495 582 685 
646 448 1893 1864 1106 1163 2153 796 1119 658 665 1268 1503 633 9999 441 591 893 767 1266 1521 354 1326 1822 151 307 1547 1300 2089 701 176 
935 877 2333 2300 1527 1595 2594 1219 1506 632 986 1695 1921 1063 441 9999 390 1274 1206 1706 1877 795 1766 2261 306 557 1945 1729 2530 960 396 
764 1019 2343 2389 1482 1579 2637 1366 1707 284 840 1661 2068 1074 591 390 9999 1169 1297 1729 2112 893 1830 2325 540 477 2128 1850 2567 757 434 
421 734 1230 1409 356 489 1557 816 1175 977 335 530 1274 373 893 1274 1169 9999 623 691 1586 653 866 1300 1039 727 1427 1027 1482 463 878 
809 340 1152 1100 545 516 1391 195 560 1233 738 637 785 305 767 1206 1297 623 9999 537 985 415 561 1056 902 835 885 554 1329 886 874 
1071 873 627 718 353 210 908 648 802 1599 982 254 663 657 1266 1706 1729 691 537 9999 1105 915 203 616 1411 1252 856 450 838 1131 1340 
1784 1120 1362 956 1377 1264 1359 818 431 2131 1719 1351 516 1288 1521 1877 2112 1586 985 1105 9999 1265 922 1060 1596 1719 321 657 1344 1863 1684 
587 148 1542 1515 788 826 1799 476 840 868 556 938 1175 315 354 795 893 653 415 915 1265 9999 972 1468 496 456 1242 959 1735 664 463 
1219 899 614 566 546 406 829 611 665 1725 1133 456 462 761 1326 1766 1830 866 561 203 922 972 9999 498 1463 1355 659 266 768 1285 1421 
1686 1389 327 162 948 810 350 1077 997 2210 1598 793 558 1253 1822 2261 2325 1300 1056 616 1060 1468 498 9999 1958 1849 739 588 306 1746 1919 
767 572 2038 1994 1257 1312 2292 913 1211 671 796 1418 1617 783 151 306 540 1039 902 1411 1596 496 1463 1958 9999 398 1647 1424 2229 813 222 
382 599 1867 1917 1016 1106 2160 929 1296 412 429 1192 1616 597 307 557 477 727 835 1252 1719 456 1355 1849 398 9999 1695 1389 2090 419 180 
1690 1109 1044 637 1168 1040 1042 766 443 2104 1615 1110 208 1185 1547 1945 2128 1427 885 856 321 1242 659 739 1647 1695 9999 414 1024 1766 1693 
1325 853 805 582 755 626 938 513 428 1785 1244 701 247 828 1300 1729 1850 1027 554 450 657 959 266 588 1424 1389 414 9999 892 1397 1422 
1890 1667 273 389 1127 1004 76 1368 1303 2431 1801 954 856 1495 2089 2530 2567 1482 1329 838 1344 1735 768 306 2229 2090 1024 892 9999 1942 2174 
80 804 1692 1844 815 941 2016 1045 1432 528 153 992 1643 582 701 960 757 463 886 1131 1863 664 1285 1746 813 419 1766 1397 1942 9999 600 
560 584 1964 1973 1138 1213 2241 932 1274 483 600 1309 1636 685 176 396 434 878 874 1340 1684 463 1421 1919 222 180 1693 1422 2174 600 9999 
