NAME: ds_809_courier_487
TYPE: TSP
COMMENT: nil
DIMENSION: 13
EDGE_WEIGHT_TYPE: EXPLICIT
EDGE_WEIGHT_FORMAT: FULL_MATRIX
EDGE_WEIGHT_SECTION
9999 2655 3626 3241 2969 3037 2976 2906 3293 2984 2653 3631 2507 
2655 9999 2952 2240 1926 2137 2175 368 2682 525 38 2172 215 
3626 2952 9999 5135 4804 5000 5016 3275 340 3436 2915 5123 3082 
3241 2240 5135 9999 337 205 282 2010 4837 1883 2277 564 2073 
2969 1926 4804 337 9999 215 282 1719 4504 1603 1963 686 1753 
3037 2137 5000 205 215 9999 101 1933 4697 1818 2173 721 1960 
2976 2175 5016 282 282 101 9999 1986 4710 1875 2211 819 1993 
2906 368 3275 2010 1719 1933 1986 9999 3016 162 399 1874 411 
3293 2682 340 4837 4504 4697 4710 3016 9999 3178 2644 4845 2799 
2984 525 3436 1883 1603 1818 1875 162 3178 9999 558 1723 531 
2653 38 2915 2277 1963 2173 2211 399 2644 558 9999 2210 242 
3631 2172 5123 564 686 721 819 1874 4845 1723 2210 9999 2047 
2507 215 3082 2073 1753 1960 1993 411 2799 531 242 2047 9999 
