NAME: ds_829_courier_435
TYPE: TSP
COMMENT: nil
DIMENSION: 26
EDGE_WEIGHT_TYPE: EXPLICIT
EDGE_WEIGHT_FORMAT: FULL_MATRIX
EDGE_WEIGHT_SECTION
9999 1735 938 528 1219 279 1331 1740 907 436 1493 1406 1469 380 539 2998 296 526 375 1328 1160 832 1415 1002 553 1160 
1735 9999 1395 1445 561 1605 1914 335 1074 1300 247 333 276 1422 1496 3205 1576 1425 1403 1574 1445 1627 1690 1497 1827 1709 
938 1395 9999 414 860 660 589 1221 1246 785 1169 1165 1136 604 400 2205 642 420 636 411 226 257 523 120 1423 362 
528 1445 414 9999 886 255 893 1363 973 431 1199 1151 1169 204 60 2562 234 23 243 816 639 379 915 492 1015 688 
1219 561 860 886 9999 1058 1417 525 789 797 318 308 287 879 936 2862 1029 866 864 1110 951 1078 1235 970 1418 1198 
279 1605 660 255 1058 9999 1069 1563 947 387 1358 1290 1330 183 260 2741 29 258 210 1048 881 560 1137 723 805 887 
1331 1914 589 893 1417 1069 9999 1685 1824 1319 1708 1724 1676 1096 848 1674 1064 910 1136 368 470 517 300 470 1874 227 
1740 335 1221 1363 525 1563 1685 9999 1237 1321 358 488 358 1388 1406 2889 1534 1347 1378 1328 1225 1471 1435 1308 1930 1495 
907 1074 1246 973 789 947 1824 1237 9999 565 891 764 883 806 1030 3443 928 951 764 1631 1439 1335 1754 1363 782 1600 
436 1300 785 431 797 387 1319 1321 565 9999 1060 971 1036 244 484 2980 366 412 201 1195 1005 808 1307 888 690 1106 
1493 247 1169 1199 318 1358 1708 358 891 1060 9999 131 32 1176 1251 3074 1329 1180 1157 1381 1238 1393 1502 1275 1615 1496 
1406 333 1165 1151 308 1290 1724 488 764 971 131 9999 133 1107 1205 3140 1261 1130 1084 1413 1257 1376 1536 1277 1499 1506 
1469 276 1136 1169 287 1330 1676 358 883 1036 32 133 9999 1148 1221 3047 1301 1150 1130 1350 1206 1361 1471 1243 1599 1463 
380 1422 604 204 879 183 1096 1388 806 244 1176 1107 1148 9999 248 2766 155 190 43 1012 829 579 1115 691 820 892 
539 1496 400 60 936 260 848 1406 1030 484 1251 1205 1221 248 9999 2520 243 83 290 792 621 332 886 466 1044 649 
2998 3205 2205 2562 2862 2741 1674 2889 3443 2980 3074 3140 3047 2766 2520 9999 2738 2577 2805 1813 2004 2190 1689 2094 3545 1875 
296 1576 642 234 1029 29 1064 1534 928 366 1329 1261 1301 155 243 2738 9999 235 183 1035 864 553 1126 709 811 879 
526 1425 420 23 866 258 910 1347 951 412 1180 1130 1150 190 83 2577 235 9999 228 825 646 397 926 502 1005 703 
375 1403 636 243 864 210 1136 1378 764 201 1157 1084 1130 43 290 2805 183 228 9999 1046 861 620 1151 727 789 931 
1328 1574 411 816 1110 1048 368 1328 1631 1195 1381 1413 1350 1012 792 1813 1035 825 1046 9999 193 519 127 326 1831 257 
1160 1445 226 639 951 881 470 1225 1439 1005 1238 1257 1206 829 621 2004 864 646 861 193 9999 395 315 172 1649 271 
832 1627 257 379 1078 560 517 1471 1335 808 1393 1376 1361 579 332 2190 553 397 620 519 395 9999 589 225 1364 327 
1415 1690 523 915 1235 1137 300 1435 1754 1307 1502 1536 1471 1115 886 1689 1126 926 1151 127 315 589 9999 424 1929 280 
1002 1497 120 492 970 723 470 1308 1363 888 1275 1277 1243 691 466 2094 709 502 727 326 172 225 424 9999 1507 242 
553 1827 1423 1015 1418 805 1874 1930 782 690 1615 1499 1599 820 1044 3545 811 1005 789 1831 1649 1364 1929 1507 9999 1690 
1160 1709 362 688 1198 887 227 1495 1600 1106 1496 1506 1463 892 649 1875 879 703 931 257 271 327 280 242 1690 9999 
