NAME: ds_907_courier_2688
TYPE: TSP
COMMENT: nil
DIMENSION: 22
EDGE_WEIGHT_TYPE: EXPLICIT
EDGE_WEIGHT_FORMAT: FULL_MATRIX
EDGE_WEIGHT_SECTION
9999 4269 3265 2851 3765 5369 4662 5058 5166 5284 6116 2974 3103 4152 4105 4312 3244 3014 3272 3675 3670 3883 
4269 9999 1066 1419 505 1100 417 815 952 1061 1854 1452 1400 807 470 586 1162 1341 1064 647 821 421 
3265 1066 9999 508 618 2148 1420 1805 1904 2024 2908 401 406 953 841 1058 168 275 13 424 436 648 
2851 1419 508 9999 915 2519 1815 2214 2330 2447 3268 552 683 1457 1306 1538 597 421 520 850 941 1041 
3765 505 618 915 9999 1604 912 1312 1440 1553 2354 1019 1003 871 559 797 750 886 619 282 564 220 
5369 1100 2148 2519 1604 9999 733 411 447 397 761 2514 2437 1532 1370 1263 2220 2421 2144 1724 1823 1503 
4662 417 1420 1815 912 733 9999 401 535 645 1494 1781 1704 863 644 586 1487 1690 1415 997 1092 780 
5058 815 1805 2214 1312 411 401 9999 164 252 1141 2154 2066 1125 993 861 1861 2073 1800 1386 1450 1175 
5166 952 1904 2330 1440 447 535 164 9999 120 1106 2238 2142 1159 1074 912 1948 2167 1898 1491 1529 1289 
5284 1061 2024 2447 1553 397 645 252 120 9999 1000 2358 2262 1273 1194 1030 2068 2286 2017 1610 1649 1406 
6116 1854 2908 3268 2354 761 1494 1141 1106 1000 9999 3275 3196 2260 2126 2001 2981 3181 2904 2484 2581 2262 
2974 1452 401 552 1019 2514 1781 2154 2238 2358 3275 9999 156 1179 1164 1349 294 163 399 805 710 1030 
3103 1400 406 683 1003 2437 1704 2066 2142 2262 3196 156 9999 1053 1073 1241 253 265 400 761 616 981 
4152 807 953 1457 871 1532 863 1125 1159 1273 2260 1179 1053 9999 353 277 922 1157 942 685 517 655 
4105 470 841 1306 559 1370 644 993 1074 1194 2126 1164 1073 353 9999 245 874 1095 833 459 457 339 
4312 586 1058 1538 797 1263 586 861 912 1030 2001 1349 1241 277 245 9999 1069 1298 1049 699 642 580 
3244 1162 168 597 750 2220 1487 1861 1948 2068 2981 294 253 922 874 1069 9999 235 158 517 427 741 
3014 1341 275 421 886 2421 1690 2073 2167 2286 3181 163 265 1157 1095 1298 235 9999 278 698 658 922 
3272 1064 13 520 619 2144 1415 1800 1898 2017 2904 399 400 942 833 1049 158 278 9999 420 425 645 
3675 647 424 850 282 1724 997 1386 1491 1610 2484 805 761 685 459 699 517 698 420 9999 287 225 
3670 821 436 941 564 1823 1092 1450 1529 1649 2581 710 616 517 457 642 427 658 425 287 9999 436 
3883 421 648 1041 220 1503 780 1175 1289 1406 2262 1030 981 655 339 580 741 922 645 225 436 9999 
