NAME: ds_723_courier_2925
TYPE: TSP
COMMENT: nil
DIMENSION: 31
EDGE_WEIGHT_TYPE: EXPLICIT
EDGE_WEIGHT_FORMAT: FULL_MATRIX
EDGE_WEIGHT_SECTION
9999 4701 2405 4148 3119 3053 3233 4953 3048 4695 4892 4957 2783 4976 4610 3357 3811 3022 3644 5737 4690 5806 3278 5064 5612 5128 4442 5191 5475 4232 3324 
4701 9999 2546 553 2131 1984 1585 416 2199 239 224 296 2148 372 235 1397 891 1921 1249 1790 1072 1873 1748 1418 1737 1267 863 1256 1658 748 1492 
2405 2546 9999 2018 726 655 961 2889 660 2617 2763 2835 409 2884 2531 1157 1696 654 1334 3336 2309 3404 895 2664 3210 2739 2094 2806 3073 1933 1054 
4148 553 2018 9999 1677 1497 1065 871 1737 599 755 825 1631 867 514 862 339 1416 788 2084 1125 2168 1278 1563 2002 1472 808 1490 1897 534 975 
3119 2131 726 1677 9999 262 711 2521 78 2258 2354 2427 459 2496 2177 930 1418 402 891 2647 1667 2711 402 1979 2519 2076 1508 2147 2382 1422 766 
3053 1984 655 1497 262 9999 473 2359 282 2091 2207 2280 278 2342 2007 697 1213 139 736 2684 1655 2753 249 2011 2559 2084 1449 2151 2422 1315 542 
3233 1585 961 1065 711 473 9999 1936 749 1664 1803 1875 567 1927 1578 225 757 363 412 2564 1486 2641 348 1903 2448 1931 1214 1986 2315 1003 95 
4953 416 2889 871 2521 2359 1936 9999 2586 273 226 188 2502 86 359 1732 1197 2285 1631 2018 1452 2096 2130 1750 1987 1576 1272 1550 1930 1162 1845 
3048 2199 660 1737 78 282 749 2586 9999 2322 2422 2495 430 2563 2241 971 1471 417 955 2723 1745 2788 459 2057 2595 2155 1585 2226 2459 1495 811 
4695 239 2617 599 2258 2091 1664 273 2322 9999 234 280 2231 281 87 1460 925 2014 1367 2011 1308 2092 1865 1657 1963 1503 1083 1489 1889 931 1574 
4892 224 2763 755 2354 2207 1803 226 2422 234 9999 73 2368 160 301 1611 1093 2142 1472 1824 1226 1904 1972 1528 1786 1358 1053 1335 1722 965 1710 
4957 296 2835 825 2427 2280 1875 188 2495 280 73 9999 2440 107 356 1682 1162 2214 1545 1835 1276 1913 2044 1563 1801 1388 1115 1362 1742 1035 1782 
2783 2148 409 1631 459 278 567 2502 430 2231 2368 2440 9999 2493 2145 778 1319 246 926 2954 1912 3024 496 2281 2830 2347 1687 2411 2693 1524 658 
4976 372 2884 867 2496 2342 1927 86 2563 281 160 107 2493 9999 367 1728 1199 2271 1610 1932 1381 2010 2110 1670 1901 1494 1213 1467 1845 1119 1835 
4610 235 2531 514 2177 2007 1578 359 2241 87 301 356 2145 367 9999 1373 838 1929 1286 2025 1279 2107 1783 1644 1972 1498 1039 1489 1893 869 1489 
3357 1397 1157 862 930 697 225 1732 971 1460 1611 1682 778 1728 1373 9999 541 587 364 2515 1432 2594 546 1870 2404 1873 1132 1922 2275 885 166 
3811 891 1696 339 1418 1213 757 1197 1471 925 1093 1162 1319 1199 838 541 9999 1118 571 2295 1262 2378 1016 1716 2201 1660 930 1691 2085 630 675 
3022 1921 654 1416 402 139 363 2285 417 2014 2142 2214 246 2271 1929 587 1118 9999 686 2718 1669 2790 259 2046 2596 2106 1442 2170 2459 1281 444 
3644 1249 1334 788 891 736 412 1631 955 1367 1472 1545 926 1610 1286 364 571 686 9999 2165 1083 2243 500 1513 2052 1527 802 1580 1920 600 324 
5737 1790 3336 2084 2647 2684 2564 2018 2723 2011 1824 1835 2954 1932 2025 2515 2295 2718 2165 9999 1083 84 2460 673 130 644 1393 604 265 1678 2486 
4690 1072 2309 1125 1667 1655 1486 1452 1745 1308 1226 1276 1912 1381 1279 1432 1262 1669 1083 1083 9999 1162 1416 455 972 444 332 502 845 632 1405 
5806 1873 3404 2168 2711 2753 2641 2096 2788 2092 1904 1913 3024 2010 2107 2594 2378 2790 2243 84 1162 9999 2531 744 194 725 1474 687 331 1761 2563 
3278 1748 895 1278 402 249 348 2130 459 1865 1972 2044 496 2110 1783 546 1016 259 500 2460 1416 2531 9999 1788 2337 1851 1202 1915 2201 1068 380 
5064 1418 2664 1563 1979 2011 1903 1750 2057 1657 1528 1563 2281 1670 1644 1870 1716 2046 1513 673 455 744 1788 9999 549 206 787 274 414 1086 1828 
5612 1737 3210 2002 2519 2559 2448 1987 2595 1963 1786 1801 2830 1901 1972 2404 2201 2596 2052 130 972 194 2337 549 9999 542 1289 513 137 1580 2371 
5128 1267 2739 1472 2076 2084 1931 1576 2155 1503 1358 1388 2347 1494 1498 1873 1660 2106 1527 644 444 725 1851 206 542 9999 749 78 426 1038 1849 
4442 863 2094 808 1508 1449 1214 1272 1585 1083 1053 1115 1687 1213 1039 1132 930 1442 802 1393 332 1474 1202 787 1289 749 9999 793 1166 300 1126 
5191 1256 2806 1490 2147 2151 1986 1550 2226 1489 1335 1362 2411 1467 1489 1922 1691 2170 1580 604 502 687 1915 274 513 78 793 9999 410 1075 1904 
5475 1658 3073 1897 2382 2422 2315 1930 2459 1889 1722 1742 2693 1845 1893 2275 2085 2459 1920 265 845 331 2201 414 137 426 1166 410 9999 1460 2238 
4232 748 1933 534 1422 1315 1003 1162 1495 931 965 1035 1524 1119 869 885 630 1281 600 1678 632 1761 1068 1086 1580 1038 300 1075 1460 9999 910 
3324 1492 1054 975 766 542 95 1845 811 1574 1710 1782 658 1835 1489 166 675 444 324 2486 1405 2563 380 1828 2371 1849 1126 1904 2238 910 9999 
