NAME: ds_816_courier_75
TYPE: TSP
COMMENT: nil
DIMENSION: 42
EDGE_WEIGHT_TYPE: EXPLICIT
EDGE_WEIGHT_FORMAT: FULL_MATRIX
EDGE_WEIGHT_SECTION
9999 2381 2411 2199 2336 2455 2463 2456 1848 1698 2290 2444 2392 2261 1300 1622 1793 1640 1290 1365 1375 1759 1780 1433 1739 2122 1462 1601 1362 785 1092 84 1192 904 1224 1106 1017 2102 110 166 395 348 
2381 9999 486 828 390 261 250 81 556 683 229 444 944 1084 1182 776 1434 1150 1220 1045 2594 2444 2323 2353 1704 1670 1373 2455 2323 2049 2012 2426 2267 1610 1372 1764 1787 529 2300 2347 2116 2034 
2411 486 9999 1285 869 744 731 464 627 822 292 59 469 636 1118 825 1101 913 1138 1210 2356 2128 1997 2093 1374 1259 1153 2168 2076 1930 1823 2441 2053 1547 1252 1593 1639 955 2316 2345 2090 2068 
2199 828 1285 9999 453 637 653 887 925 847 994 1255 1697 1785 1377 1000 1945 1587 1429 918 2843 2836 2740 2658 2178 2270 1737 2798 2610 2153 2234 2265 2505 1692 1594 1989 1975 344 2149 2223 2060 1885 
2336 390 869 453 9999 188 204 439 694 718 588 832 1313 1432 1282 858 1699 1371 1329 973 2754 2668 2557 2536 1956 1979 1565 2656 2497 2133 2151 2392 2418 1672 1494 1899 1905 248 2268 2329 2126 1999 
2455 261 744 637 188 9999 16 285 715 787 487 698 1205 1343 1334 911 1670 1364 1378 1092 2785 2665 2548 2555 1935 1921 1575 2666 2520 2198 2191 2507 2453 1745 1538 1940 1954 417 2382 2438 2223 2113 
2463 250 731 653 204 16 9999 271 716 791 478 686 1194 1334 1337 914 1665 1362 1380 1101 2785 2662 2544 2554 1931 1914 1574 2664 2520 2201 2192 2515 2453 1749 1540 1941 1956 431 2390 2445 2229 2121 
2456 81 464 887 439 285 271 9999 622 758 248 416 931 1083 1245 845 1463 1192 1282 1124 2642 2479 2356 2397 1734 1682 1419 2495 2369 2110 2065 2500 2318 1675 1430 1818 1845 600 2374 2420 2187 2109 
1848 556 627 925 694 715 716 622 9999 197 443 641 871 903 628 226 1027 682 668 583 2071 1975 1865 1846 1273 1345 871 1963 1809 1495 1476 1887 1738 1054 825 1225 1242 596 1761 1803 1566 1500 
1698 683 822 847 718 787 791 758 197 9999 617 833 1056 1068 566 153 1108 743 615 391 2043 1995 1895 1837 1332 1454 891 1967 1793 1417 1437 1743 1706 959 781 1186 1188 555 1617 1666 1441 1351 
2290 229 292 994 588 487 478 248 443 617 9999 268 726 856 1038 667 1215 948 1070 1005 2402 2232 2108 2155 1486 1441 1179 2250 2128 1894 1833 2328 2082 1473 1210 1589 1621 664 2202 2241 1998 1942 
2444 444 59 1255 832 698 686 416 641 833 268 9999 523 694 1155 847 1158 964 1177 1223 2411 2186 2055 2149 1432 1318 1204 2225 2130 1976 1874 2476 2105 1587 1295 1642 1687 930 2351 2381 2127 2100 
2392 944 469 1697 1313 1205 1194 931 871 1056 726 523 9999 209 1114 990 786 759 1112 1398 2076 1776 1639 1798 1038 836 974 1844 1794 1788 1614 2406 1806 1489 1170 1419 1486 1355 2288 2297 2030 2068 
2261 1084 636 1785 1432 1343 1334 1083 903 1068 856 694 209 9999 1018 975 586 622 1006 1373 1874 1567 1429 1594 832 633 814 1636 1593 1622 1430 2269 1611 1357 1038 1249 1320 1441 2154 2157 1888 1947 
1300 1182 1118 1377 1282 1334 1337 1245 628 566 1038 1155 1114 1018 9999 425 749 426 53 540 1479 1468 1382 1282 894 1138 418 1421 1235 867 872 1326 1141 435 218 621 623 1115 1202 1227 972 963 
1622 776 825 1000 858 911 914 845 226 153 667 847 990 975 425 9999 963 596 471 409 1897 1842 1742 1686 1182 1319 738 1815 1644 1287 1293 1662 1560 838 636 1041 1048 707 1535 1578 1342 1275 
1793 1434 1101 1945 1699 1670 1665 1463 1027 1108 1215 1158 786 586 749 963 9999 368 711 1260 1291 1028 898 1014 274 389 363 1072 1009 1083 857 1787 1025 926 648 709 792 1622 1683 1668 1403 1516 
1640 1150 913 1587 1371 1364 1362 1192 682 743 948 964 759 622 426 596 368 9999 402 901 1457 1301 1186 1206 593 741 241 1305 1180 1041 910 1650 1143 736 416 686 741 1272 1534 1540 1272 1325 
1290 1220 1138 1429 1329 1378 1380 1282 668 615 1070 1177 1112 1006 53 471 711 402 9999 591 1429 1415 1329 1230 846 1100 372 1369 1183 829 823 1312 1091 409 167 571 577 1166 1190 1211 952 958 
1365 1045 1210 918 973 1092 1101 1124 583 391 1005 1223 1398 1373 540 409 1260 901 591 9999 1942 1992 1914 1779 1430 1641 955 1930 1724 1235 1337 1419 1606 778 737 1102 1075 746 1295 1357 1162 1025 
1375 2594 2356 2843 2754 2785 2785 2642 2071 2043 2402 2411 2076 1874 1479 1897 1291 1457 1429 1942 9999 506 607 284 1048 1378 1223 333 283 761 609 1311 339 1172 1262 858 869 2594 1294 1211 1094 1354 
1759 2444 2128 2836 2668 2665 2662 2479 1975 1995 2232 2186 1776 1567 1468 1842 1028 1301 1415 1992 506 9999 140 327 754 987 1107 177 397 1019 740 1707 567 1295 1257 913 970 2547 1663 1595 1417 1655 
1780 2323 1997 2740 2557 2548 2544 2356 1865 1895 2108 2055 1639 1429 1382 1742 898 1186 1329 1914 607 140 9999 377 625 847 1004 276 437 1016 720 1733 596 1246 1176 860 926 2444 1680 1617 1421 1649 
1433 2353 2093 2658 2536 2555 2554 2397 1846 1837 2155 2149 1798 1594 1282 1686 1014 1206 1230 1779 284 327 377 9999 765 1095 981 175 72 707 458 1380 243 1037 1064 677 713 2391 1338 1268 1097 1342 
1739 1704 1374 2178 1956 1935 1931 1734 1273 1332 1486 1432 1038 832 894 1182 274 593 846 1430 1048 754 625 765 9999 393 476 806 770 977 704 1720 816 946 735 634 724 1865 1629 1599 1345 1500 
2122 1670 1259 2270 1979 1921 1914 1682 1345 1454 1441 1318 836 633 1138 1319 389 741 1100 1641 1378 987 847 1095 393 9999 746 1091 1115 1369 1096 2107 1188 1292 1031 1016 1105 1936 2012 1985 1728 1868 
1462 1373 1153 1737 1565 1575 1574 1419 871 891 1179 1204 974 814 418 738 363 241 372 955 1223 1107 1004 981 476 746 9999 1092 950 814 670 1464 905 573 286 449 512 1441 1353 1349 1080 1168 
1601 2455 2168 2798 2656 2666 2664 2495 1963 1967 2250 2225 1844 1636 1421 1815 1072 1305 1369 1930 333 177 276 175 806 1091 1092 9999 246 882 627 1546 416 1201 1205 831 876 2522 1508 1435 1270 1516 
1362 2323 2076 2610 2497 2520 2520 2369 1809 1793 2128 2130 1794 1593 1235 1644 1009 1180 1183 1724 283 397 437 72 770 1115 950 246 9999 636 395 1310 171 975 1017 623 654 2348 1267 1197 1025 1270 
785 2049 1930 2153 2133 2198 2201 2110 1495 1417 1894 1976 1788 1622 867 1287 1083 1041 829 1235 761 1019 1016 707 977 1369 814 882 636 9999 308 753 470 463 685 375 302 1942 678 632 407 637 
1092 2012 1823 2234 2151 2191 2192 2065 1476 1437 1833 1874 1614 1430 872 1293 857 910 823 1337 609 740 720 458 704 1096 670 627 395 308 9999 1058 271 580 657 252 262 1987 986 937 714 931 
84 2426 2441 2265 2392 2507 2515 2500 1887 1743 2328 2476 2406 2269 1326 1662 1787 1650 1312 1419 1311 1707 1733 1380 1720 2107 1464 1546 1310 753 1058 9999 1142 917 1237 1091 1002 2160 126 122 385 394 
1192 2267 2053 2505 2418 2453 2453 2318 1738 1706 2082 2105 1806 1611 1141 1560 1025 1143 1091 1606 339 567 596 243 816 1188 905 416 171 470 271 1142 9999 841 925 520 532 2256 1096 1028 854 1101 
904 1610 1547 1692 1672 1745 1749 1675 1054 959 1473 1587 1489 1357 435 838 926 736 409 778 1172 1295 1246 1037 946 1292 573 1201 975 463 580 917 841 9999 320 386 326 1479 799 810 546 596 
1224 1372 1252 1594 1494 1538 1540 1430 825 781 1210 1295 1170 1038 218 636 648 416 167 737 1262 1257 1176 1064 735 1031 286 1205 1017 685 657 1237 925 320 9999 405 417 1333 1119 1128 862 910 
1106 1764 1593 1989 1899 1940 1941 1818 1225 1186 1589 1642 1419 1249 621 1041 709 686 571 1102 858 913 860 677 634 1016 449 831 623 375 252 1091 520 386 405 9999 90 1736 996 970 712 873 
1017 1787 1639 1975 1905 1954 1956 1845 1242 1188 1621 1687 1486 1320 623 1048 792 741 577 1075 869 970 926 713 724 1105 512 876 654 302 262 1002 532 326 417 90 9999 1733 906 882 622 784 
2102 529 955 344 248 417 431 600 596 555 664 930 1355 1441 1115 707 1622 1272 1166 746 2594 2547 2444 2391 1865 1936 1441 2522 2348 1942 1987 2160 2256 1479 1333 1736 1733 9999 2037 2101 1907 1768 
110 2300 2316 2149 2268 2382 2390 2374 1761 1617 2202 2351 2288 2154 1202 1535 1683 1534 1190 1295 1294 1663 1680 1338 1629 2012 1353 1508 1267 678 986 126 1096 799 1119 996 906 2037 9999 97 284 270 
166 2347 2345 2223 2329 2438 2445 2420 1803 1666 2241 2381 2297 2157 1227 1578 1668 1540 1211 1357 1211 1595 1617 1268 1599 1985 1349 1435 1197 632 937 122 1028 810 1128 970 882 2101 97 9999 269 338 
395 2116 2090 2060 2126 2223 2229 2187 1566 1441 1998 2127 2030 1888 972 1342 1403 1272 952 1162 1094 1417 1421 1097 1345 1728 1080 1270 1025 407 714 385 854 546 862 712 622 1907 284 269 9999 262 
348 2034 2068 1885 1999 2113 2121 2109 1500 1351 1942 2100 2068 1947 963 1275 1516 1325 958 1025 1354 1655 1649 1342 1500 1868 1168 1516 1270 637 931 394 1101 596 910 873 784 1768 270 338 262 9999 
