NAME: ds_1017_courier_87
TYPE: TSP
COMMENT: nil
DIMENSION: 8
EDGE_WEIGHT_TYPE: EXPLICIT
EDGE_WEIGHT_FORMAT: FULL_MATRIX
EDGE_WEIGHT_SECTION
9999 1346 1140 1268 1665 1444 1163 500 
1346 9999 255 830 1507 610 901 979 
1140 255 9999 633 1315 502 679 839 
1268 830 633 9999 682 332 140 1210 
1665 1507 1315 682 9999 932 659 1771 
1444 610 502 332 932 9999 463 1270 
1163 901 679 140 659 463 9999 1152 
500 979 839 1210 1771 1270 1152 9999 
