,0,1,2,3,4,5,6,7
0,0.0,1345.9011025723148,1140.4960011926999,1267.5502612493567,1664.5480367749933,1443.8314522580272,1162.7636029355435,500.3430797445634
1,1345.9011025723148,0.0,255.32443414541024,830.4878372564851,1506.623484835781,610.3866062682947,900.8271303005699,979.3004959047771
2,1140.4960011926999,255.32443414541024,0.0,632.9310922466271,1315.0734562575683,502.1672183654642,678.8579985771574,838.8449491625472
3,1267.5502612493567,830.4878372564851,632.9310922466271,0.0,682.4110295502213,332.1219059434857,139.98004658923247,1209.868095283622
4,1664.5480367749933,1506.623484835781,1315.0734562575683,682.4110295502213,0.0,932.2940516653426,658.7601060972783,1770.9709058991446
5,1443.8314522580272,610.3866062682947,502.1672183654642,332.1219059434857,932.2940516653426,0.0,462.99031430284873,1269.8408601682718
6,1162.7636029355435,900.8271303005699,678.8579985771574,139.98004658923247,658.7601060972783,462.99031430284873,0.0,1152.0370096214954
7,500.3430797445634,979.3004959047771,838.8449491625472,1209.868095283622,1770.9709058991446,1269.8408601682718,1152.0370096214954,0.0
