,0,1,2,3,4,5
0,0.0,2219.5424101558533,1881.691679605961,2042.6499044225523,2332.140779820098,2025.3294570689006
1,2219.5424101558533,0.0,341.28780891521023,867.9799431056672,315.61057063878013,724.5881509710181
2,1881.691679605961,341.28780891521023,0.0,843.2869109065355,502.1998360553788,703.0607232202743
3,2042.6499044225523,867.9799431056672,843.2869109065355,0.0,1182.368302895361,145.48237673200128
4,2332.140779820098,315.61057063878013,502.1998360553788,1182.368302895361,0.0,1038.2325874162098
5,2025.3294570689006,724.5881509710181,703.0607232202743,145.48237673200128,1038.2325874162098,0.0
