NAME: ds_1011_courier_1656
TYPE: TSP
COMMENT: nil
DIMENSION: 9
EDGE_WEIGHT_TYPE: EXPLICIT
EDGE_WEIGHT_FORMAT: FULL_MATRIX
EDGE_WEIGHT_SECTION
9999 55 5418 5433 3751 3334 2881 49 3700 
55 9999 5396 5411 3793 3377 2914 9 3744 
5418 5396 9999 22 5625 5575 4712 5393 5795 
5433 5411 22 9999 5647 5597 4734 5408 5817 
3751 3793 5625 5647 9999 431 1138 3784 214 
3334 3377 5575 5597 431 9999 908 3368 376 
2881 2914 4712 4734 1138 908 9999 2905 1224 
49 9 5393 5408 3784 3368 2905 9999 3735 
3700 3744 5795 5817 214 376 1224 3735 9999 
