NAME: ds_903_courier_4849
TYPE: TSP
COMMENT: nil
DIMENSION: 21
EDGE_WEIGHT_TYPE: EXPLICIT
EDGE_WEIGHT_FORMAT: FULL_MATRIX
EDGE_WEIGHT_SECTION
9999 3277 3724 3427 3084 3590 3798 3378 3445 3236 3578 3725 3248 3253 3487 2994 3669 3359 3270 3189 3281 
3277 9999 887 654 1003 416 649 858 493 187 320 464 66 445 265 412 513 728 366 770 43 
3724 887 9999 315 710 529 421 370 405 1072 703 693 953 1319 991 1278 464 365 590 538 847 
3427 654 315 9999 522 419 470 232 180 840 576 633 717 1098 823 1011 415 118 306 285 611 
3084 1003 710 522 9999 919 991 342 669 1162 1050 1136 1050 1414 1238 1231 932 405 658 254 965 
3590 416 529 419 919 9999 235 651 250 583 175 217 479 810 464 828 97 534 338 666 385 
3798 649 421 470 991 235 9999 674 367 808 364 295 710 1020 652 1061 140 586 528 753 620 
3378 858 370 232 342 651 674 9999 411 1040 808 864 918 1300 1048 1180 639 131 494 199 816 
3445 493 405 180 669 250 367 411 9999 679 397 467 558 934 644 874 271 287 195 417 451 
3236 187 1072 840 1162 583 808 1040 679 9999 453 580 123 260 253 271 677 910 546 940 229 
3578 320 703 576 1050 175 364 808 397 453 9999 148 371 656 294 717 249 684 413 796 304 
3725 464 693 633 1136 217 295 864 467 580 148 9999 511 756 379 849 234 749 531 882 450 
3248 66 953 717 1050 479 710 918 558 123 371 511 9999 383 259 350 575 788 424 822 107 
3253 445 1319 1098 1414 810 1020 1300 934 260 656 756 383 9999 378 287 899 1171 807 1197 487 
3487 265 991 823 1238 464 652 1048 644 253 294 379 259 378 9999 516 543 918 581 993 291 
2994 412 1278 1011 1231 828 1061 1180 874 271 717 849 350 287 516 9999 925 1058 705 1043 445 
3669 513 464 415 932 97 140 639 271 677 249 234 575 899 543 925 9999 533 403 683 482 
3359 728 365 118 405 534 586 131 287 910 684 749 788 1171 918 1058 533 9999 364 181 686 
3270 366 590 306 658 338 528 494 195 546 413 531 424 807 581 705 403 364 9999 413 324 
3189 770 538 285 254 666 753 199 417 940 796 882 822 1197 993 1043 683 181 413 9999 730 
3281 43 847 611 965 385 620 816 451 229 304 450 107 487 291 445 482 686 324 730 9999 
