NAME: ds_804_courier_3156
TYPE: TSP
COMMENT: nil
DIMENSION: 14
EDGE_WEIGHT_TYPE: EXPLICIT
EDGE_WEIGHT_FORMAT: FULL_MATRIX
EDGE_WEIGHT_SECTION
9999 3103 2458 2862 2941 3152 2992 3037 3473 3900 3090 3348 3658 3543 
3103 9999 1254 918 351 574 1151 485 371 817 590 284 585 492 
2458 1254 9999 474 912 1724 535 864 1546 1985 1704 1331 1791 1446 
2862 918 474 9999 570 1461 268 452 1145 1561 1458 920 1389 1003 
2941 351 912 570 9999 894 815 186 643 1094 895 445 885 614 
3152 574 1724 1461 894 9999 1709 1053 655 877 67 765 666 920 
2992 1151 535 268 815 1709 9999 668 1334 1719 1710 1109 1572 1152 
3037 485 864 452 186 1053 668 9999 695 1123 1060 472 940 586 
3473 371 1546 1145 643 655 1334 695 9999 455 704 226 245 278 
3900 817 1985 1561 1094 877 1719 1123 455 9999 942 655 243 568 
3090 590 1704 1458 895 67 1710 1060 704 942 9999 799 727 963 
3348 284 1331 920 445 765 1109 472 226 655 799 9999 469 209 
3658 585 1791 1389 885 666 1572 940 245 243 727 469 9999 454 
3543 492 1446 1003 614 920 1152 586 278 568 963 209 454 9999 
