NAME: ds_610_courier_487
TYPE: TSP
COMMENT: nil
DIMENSION: 15
EDGE_WEIGHT_TYPE: EXPLICIT
EDGE_WEIGHT_FORMAT: FULL_MATRIX
EDGE_WEIGHT_SECTION
9999 3723 3705 2604 2481 4426 4291 3716 4653 3624 2466 3841 2926 3727 3861 
3723 9999 33 1154 1244 6621 6436 5796 6644 5551 2305 5336 3142 511 429 
3705 33 9999 1131 1227 6590 6405 5765 6612 5520 2274 5303 3109 483 408 
2604 1154 1131 9999 308 5623 5443 4796 5684 4569 1403 4429 2338 1133 1258 
2481 1244 1227 308 9999 5752 5575 4927 5831 4711 1625 4604 2568 1335 1435 
4426 6621 6590 5623 5752 9999 188 828 386 1074 4316 1460 3573 6285 6461 
4291 6436 6405 5443 5575 188 9999 648 401 887 4131 1278 3384 6099 6274 
3716 5796 5765 4796 4927 828 648 9999 949 286 3492 842 2773 5466 5641 
4653 6644 6612 5684 5831 386 401 949 9999 1123 4342 1354 3545 6286 6460 
3624 5551 5520 4569 4711 1074 887 286 1123 9999 3246 589 2503 5211 5387 
2466 2305 2274 1403 1625 4316 4131 3492 4342 3246 9999 3051 943 1987 2162 
3841 5336 5303 4429 4604 1460 1278 842 1354 589 3051 9999 2208 4958 5132 
2926 3142 3109 2338 2568 3573 3384 2773 3545 2503 943 2208 9999 2751 2924 
3727 511 483 1133 1335 6285 6099 5466 6286 5211 1987 4958 2751 9999 176 
3861 429 408 1258 1435 6461 6274 5641 6460 5387 2162 5132 2924 176 9999 
