NAME: ds_531_courier_435
TYPE: TSP
COMMENT: nil
DIMENSION: 27
EDGE_WEIGHT_TYPE: EXPLICIT
EDGE_WEIGHT_FORMAT: FULL_MATRIX
EDGE_WEIGHT_SECTION
9999 633 1373 1393 1073 1925 1171 1163 696 1414 977 1017 380 659 325 949 962 932 1248 1172 1200 1059 1114 921 812 868 981 
633 9999 741 816 440 1369 539 560 330 801 397 1001 413 695 379 940 884 983 1363 1247 1198 1072 1048 1080 858 758 1109 
1373 741 9999 433 301 863 203 340 828 264 492 1407 1104 1247 1098 1372 1277 1448 1797 1668 1564 1482 1396 1599 1357 1175 1599 
1393 816 433 9999 506 555 442 265 719 178 774 1115 1047 1060 1075 1097 993 1183 1490 1362 1239 1185 1078 1352 1122 919 1336 
1073 440 301 506 9999 1040 101 259 570 417 268 1210 815 998 802 1165 1080 1232 1600 1473 1386 1286 1220 1369 1128 965 1379 
1925 1369 863 555 1040 9999 959 819 1233 630 1302 1435 1562 1496 1601 1440 1337 1530 1752 1638 1495 1490 1361 1706 1508 1306 1672 
1171 539 203 442 101 959 9999 230 640 330 344 1254 903 1065 895 1213 1123 1284 1645 1517 1423 1330 1255 1428 1186 1014 1433 
1163 560 340 265 259 819 230 9999 531 253 523 1068 841 928 855 1034 938 1112 1458 1329 1225 1143 1057 1267 1026 839 1264 
696 330 828 719 570 1233 640 531 9999 778 662 684 330 429 371 629 562 683 1061 939 878 758 723 805 568 437 822 
1414 801 264 178 417 630 330 253 778 9999 674 1255 1093 1159 1108 1230 1129 1313 1637 1509 1392 1328 1227 1477 1241 1044 1467 
977 397 492 774 268 1302 344 523 662 674 9999 1344 810 1074 770 1290 1219 1345 1723 1601 1534 1419 1373 1459 1227 1095 1480 
1017 1001 1407 1115 1210 1435 1254 1068 684 1255 1344 9999 720 366 806 69 131 117 391 263 200 76 112 280 206 249 237 
380 413 1104 1047 815 1562 903 841 330 1093 810 720 9999 359 86 652 636 664 1030 929 918 778 800 718 533 524 760 
659 695 1247 1060 998 1496 1065 928 429 1159 1074 366 359 9999 444 297 304 306 678 572 561 420 456 386 175 228 415 
325 379 1098 1075 802 1601 895 855 371 1108 770 806 86 444 9999 738 721 749 1111 1012 1004 864 886 797 618 609 841 
949 940 1372 1097 1165 1440 1213 1034 629 1230 1290 69 652 297 738 9999 105 90 435 311 267 132 170 266 140 200 239 
962 884 1277 993 1080 1337 1123 938 562 1129 1219 131 636 304 721 105 9999 194 522 394 316 207 168 370 196 126 344 
932 983 1448 1183 1232 1530 1284 1112 683 1313 1345 117 664 306 749 90 194 9999 381 267 268 129 227 176 131 273 154 
1248 1363 1797 1490 1600 1752 1645 1458 1061 1637 1723 391 1030 678 1111 435 522 381 9999 129 258 315 412 326 507 635 271 
1172 1247 1668 1362 1473 1638 1517 1329 939 1509 1601 263 929 572 1012 311 394 267 129 9999 147 187 286 264 397 509 197 
1200 1198 1564 1239 1386 1495 1423 1225 878 1392 1534 200 918 561 1004 267 316 268 258 147 9999 142 168 349 391 441 281 
1059 1072 1482 1185 1286 1490 1330 1143 758 1328 1419 76 778 420 864 132 207 129 315 187 142 9999 133 251 249 324 194 
1114 1048 1396 1078 1220 1361 1255 1057 723 1227 1373 112 800 456 886 170 168 227 412 286 168 133 9999 380 310 292 327 
921 1080 1599 1352 1369 1706 1428 1267 805 1477 1459 280 718 386 797 266 370 176 326 264 349 251 380 9999 242 434 69 
812 858 1357 1122 1128 1508 1186 1026 568 1241 1227 206 533 175 618 140 196 131 507 397 391 249 310 242 9999 205 254 
868 758 1175 919 965 1306 1014 839 437 1044 1095 249 524 228 609 200 126 273 635 509 441 324 292 434 205 9999 426 
981 1109 1599 1336 1379 1672 1433 1264 822 1467 1480 237 760 415 841 239 344 154 271 197 281 194 327 69 254 426 9999 
