NAME: ds_911_courier_487
TYPE: TSP
COMMENT: nil
DIMENSION: 12
EDGE_WEIGHT_TYPE: EXPLICIT
EDGE_WEIGHT_FORMAT: FULL_MATRIX
EDGE_WEIGHT_SECTION
9999 4295 3786 3586 4823 3193 2913 3293 3622 3208 3218 3832 
4295 9999 739 909 2306 2501 3514 6198 6121 6014 6136 6418 
3786 739 9999 205 1867 1765 2775 5479 5388 5292 5418 5685 
3586 909 205 9999 1914 1626 2615 5293 5212 5107 5231 5509 
4823 2306 1867 1914 9999 1693 2539 5361 5080 5161 5319 5363 
3193 2501 1765 1626 1693 9999 1048 3884 3712 3687 3831 4008 
2913 3514 2775 2615 2539 1048 9999 2861 2665 2662 2812 2961 
3293 6198 5479 5293 5361 3884 2861 9999 578 200 75 611 
3622 6121 5388 5212 5080 3712 2665 578 9999 499 612 297 
3208 6014 5292 5107 5161 3687 2662 200 499 9999 170 630 
3218 6136 5418 5231 5319 3831 2812 75 612 170 9999 672 
3832 6418 5685 5509 5363 4008 2961 611 297 630 672 9999 
