NAME: ds_915_courier_75
TYPE: TSP
COMMENT: nil
DIMENSION: 21
EDGE_WEIGHT_TYPE: EXPLICIT
EDGE_WEIGHT_FORMAT: FULL_MATRIX
EDGE_WEIGHT_SECTION
9999 2515 2415 1841 2494 2386 2016 1343 1889 1732 1411 3964 1416 1445 1093 937 1205 455 874 1953 467 
2515 9999 156 806 1420 1681 1637 1252 1486 1152 1606 3047 1528 1437 1600 1733 1313 2302 1641 969 2052 
2415 156 9999 663 1508 1752 1676 1126 1331 1001 1458 2932 1382 1291 1470 1608 1211 2225 1542 814 1950 
1841 806 663 9999 1757 1911 1707 501 784 376 803 2769 723 631 822 969 678 1733 998 309 1376 
2494 1420 1508 1757 9999 320 562 1853 2531 2104 2385 4425 2305 2221 2138 2182 1672 2089 1830 2058 2157 
2386 1681 1752 1911 320 9999 371 1927 2662 2234 2463 4636 2385 2308 2176 2198 1712 1957 1814 2219 2096 
2016 1637 1676 1707 562 371 9999 1646 2421 1997 2176 4470 2102 2031 1864 1871 1408 1587 1474 2016 1735 
1343 1252 1126 501 1853 1927 1646 9999 821 464 536 2991 458 385 353 482 280 1273 532 638 882 
1889 1486 1331 784 2531 2662 2421 821 9999 429 478 2183 482 486 837 974 1100 1970 1281 523 1498 
1732 1152 1001 376 2104 2234 1997 464 429 9999 472 2543 405 328 641 799 737 1719 986 239 1290 
1411 1606 1458 803 2385 2463 2176 536 478 472 9999 2619 83 176 390 507 774 1509 864 704 1028 
3964 3047 2932 2769 4425 4636 4470 2991 2183 2543 2619 9999 2648 2667 3005 3124 3271 4125 3463 2466 3638 
1416 1528 1382 723 2305 2385 2102 458 482 405 83 2648 9999 93 358 492 706 1489 820 642 1016 
1445 1437 1291 631 2221 2308 2031 385 486 328 176 2667 93 9999 360 509 647 1489 795 567 1027 
1093 1600 1470 822 2138 2176 1864 353 837 641 390 3005 358 360 9999 158 467 1133 477 869 667 
937 1733 1608 969 2182 2198 1871 482 974 799 507 3124 492 509 158 9999 520 1002 419 1027 524 
1205 1313 1211 678 1672 1712 1408 280 1100 737 774 3271 706 647 467 520 9999 1056 333 885 740 
455 2302 2225 1733 2089 1957 1587 1273 1970 1719 1509 4125 1489 1489 1133 1002 1056 9999 742 1911 492 
874 1641 1542 998 1830 1814 1474 532 1281 986 864 3463 820 795 477 419 333 742 9999 1170 413 
1953 969 814 309 2058 2219 2016 638 523 239 704 2466 642 567 869 1027 885 1911 1170 9999 1503 
467 2052 1950 1376 2157 2096 1735 882 1498 1290 1028 3638 1016 1027 667 524 740 492 413 1503 9999 
