NAME: ds_916_courier_2688
TYPE: TSP
COMMENT: nil
DIMENSION: 23
EDGE_WEIGHT_TYPE: EXPLICIT
EDGE_WEIGHT_FORMAT: FULL_MATRIX
EDGE_WEIGHT_SECTION
9999 4762 4864 5202 4820 4146 4180 4258 2919 3007 3844 2910 2642 3038 3332 3416 3555 3165 3392 4124 4186 5144 3262 
4762 9999 102 475 199 723 582 506 1903 1822 944 1856 2126 1761 1505 1350 1208 1599 1567 740 948 708 1507 
4864 102 9999 381 193 812 684 607 2002 1920 1043 1958 2227 1861 1602 1451 1309 1700 1662 833 1022 669 1608 
5202 475 381 9999 382 1080 1032 966 2310 2225 1359 2307 2560 2176 1900 1787 1658 2038 2041 1213 1394 811 1940 
4820 199 193 382 9999 704 659 601 1929 1844 977 1929 2178 1794 1520 1405 1280 1657 1701 889 1130 861 1558 
4146 723 812 1080 704 9999 337 405 1236 1150 331 1303 1511 1109 823 765 691 1010 1274 701 1058 1377 902 
4180 582 684 1032 659 337 9999 93 1332 1253 384 1277 1543 1186 947 768 627 1016 1074 374 726 1125 926 
4258 506 607 966 601 405 93 9999 1420 1342 477 1351 1624 1274 1038 851 703 1097 1107 349 685 1032 1009 
2919 1903 2002 2310 1929 1236 1332 1420 9999 88 960 466 363 153 415 593 770 410 1098 1410 1634 2422 441 
3007 1822 1920 2225 1844 1150 1253 1342 88 9999 878 489 439 108 327 528 707 374 1083 1345 1581 2351 385 
3844 944 1043 1359 977 331 384 477 960 878 9999 976 1203 820 564 439 363 689 978 608 946 1507 584 
2910 1856 1958 2307 1929 1303 1277 1351 466 489 976 9999 340 401 631 537 650 300 687 1226 1361 2259 413 
2642 2126 2227 2560 2178 1511 1543 1624 363 439 1203 340 9999 423 726 776 926 527 1021 1540 1697 2573 620 
3038 1761 1861 2176 1794 1109 1186 1274 153 108 820 401 423 9999 303 440 617 267 976 1257 1483 2271 289 
3332 1505 1602 1900 1520 823 947 1038 415 327 564 631 726 303 9999 325 486 362 1030 1089 1367 2062 275 
3416 1350 1451 1787 1405 765 768 851 593 528 439 537 776 440 325 9999 179 251 727 817 1062 1832 159 
3555 1208 1309 1658 1280 691 627 703 770 707 363 650 926 617 486 179 9999 400 650 640 886 1661 330 
3165 1599 1700 2038 1657 1010 1016 1097 410 374 689 300 527 267 362 251 400 9999 718 1029 1229 2057 113 
3392 1567 1662 2041 1701 1274 1074 1107 1098 1083 978 687 1021 976 1030 727 650 718 9999 830 798 1776 763 
4124 740 833 1213 889 701 374 349 1410 1345 608 1226 1540 1257 1089 817 640 1029 830 9999 357 1034 970 
4186 948 1022 1394 1130 1058 726 685 1634 1581 946 1361 1697 1483 1367 1062 886 1229 798 357 9999 984 1197 
5144 708 669 811 861 1377 1125 1032 2422 2351 1507 2259 2573 2271 2062 1832 1661 2057 1776 1034 984 9999 1989 
3262 1507 1608 1940 1558 902 926 1009 441 385 584 413 620 289 275 159 330 113 763 970 1197 1989 9999 
