NAME: ds_615_courier_2925
TYPE: TSP
COMMENT: nil
DIMENSION: 13
EDGE_WEIGHT_TYPE: EXPLICIT
EDGE_WEIGHT_FORMAT: FULL_MATRIX
EDGE_WEIGHT_SECTION
9999 3536 3294 3281 2899 4144 4244 3052 3726 3544 4839 2149 2199 
3536 9999 291 307 951 664 792 970 460 190 1371 1483 1442 
3294 291 9999 17 666 953 1082 706 715 425 1658 1207 1164 
3281 307 17 9999 650 969 1099 691 731 441 1674 1192 1149 
2899 951 666 650 9999 1599 1733 187 1377 1089 2286 753 703 
4144 664 953 969 1599 9999 137 1589 456 603 711 2140 2101 
4244 792 1082 1099 1733 137 9999 1725 526 715 597 2261 2222 
3052 970 706 691 187 1589 1725 9999 1418 1129 2255 918 868 
3726 460 715 731 1377 456 526 1418 9999 290 1114 1798 1764 
3544 190 425 441 1089 603 715 1129 290 9999 1311 1549 1512 
4839 1371 1658 1674 2286 711 597 2255 1114 1311 9999 2851 2811 
2149 1483 1207 1192 753 2140 2261 918 1798 1549 2851 9999 50 
2199 1442 1164 1149 703 2101 2222 868 1764 1512 2811 50 9999 
