NAME: ds_630_courier_2925
TYPE: TSP
COMMENT: nil
DIMENSION: 24
EDGE_WEIGHT_TYPE: EXPLICIT
EDGE_WEIGHT_FORMAT: FULL_MATRIX
EDGE_WEIGHT_SECTION
9999 3048 3008 3277 3206 3167 3255 2833 2811 4815 4535 4689 4926 3945 4670 4231 4371 3611 3294 2527 2441 3657 2206 2190 
3048 9999 285 648 555 634 240 389 392 1933 1689 1767 2092 1193 1738 1309 1474 739 266 714 633 841 881 913 
3008 285 9999 411 312 369 480 182 200 2132 1904 1956 2301 1445 1923 1511 1680 987 488 532 572 1096 803 821 
3277 648 411 9999 100 114 752 510 533 2196 2005 2007 2381 1640 1969 1605 1772 1199 736 751 910 1315 1100 1104 
3206 555 312 100 9999 105 676 415 439 2177 1977 1991 2359 1589 1954 1577 1745 1141 664 679 820 1257 1019 1025 
3167 634 369 114 105 9999 772 430 453 2279 2081 2092 2462 1693 2055 1681 1849 1244 763 643 818 1359 998 999 
3255 240 480 752 676 772 9999 619 625 1693 1449 1528 1852 966 1499 1069 1234 508 43 953 865 616 1113 1147 
2833 389 182 510 415 430 619 9999 23 2297 2062 2124 2463 1582 2092 1674 1842 1125 635 352 409 1229 628 643 
2811 392 200 533 439 453 625 23 9999 2306 2070 2135 2471 1585 2103 1684 1851 1130 642 339 386 1233 606 622 
4815 1933 2132 2196 2177 2279 1693 2297 2306 9999 285 195 197 875 237 624 460 1230 1669 2642 2547 1165 2790 2828 
4535 1689 1904 2005 1977 2081 1449 2062 2070 285 9999 249 406 592 269 400 234 968 1429 2402 2292 894 2532 2572 
4689 1767 1956 2007 1991 2092 1528 2124 2135 195 249 9999 392 780 43 465 319 1085 1502 2472 2388 1032 2634 2671 
4926 2092 2301 2381 2359 2462 1852 2463 2471 197 406 392 9999 982 434 790 621 1374 1831 2804 2697 1298 2938 2977 
3945 1193 1445 1640 1589 1693 966 1582 1585 875 592 780 982 9999 772 407 472 459 958 1901 1755 353 1987 2030 
4670 1738 1923 1969 1954 2055 1499 2092 2103 237 269 43 434 772 9999 441 304 1062 1472 2440 2361 1013 2606 2643 
4231 1309 1511 1605 1577 1681 1069 1674 1684 624 400 465 790 407 441 9999 169 621 1045 2018 1926 577 2170 2207 
4371 1474 1680 1772 1745 1849 1234 1842 1851 460 234 319 621 472 304 169 9999 772 1211 2185 2087 714 2330 2368 
3611 739 987 1199 1141 1244 508 1125 1130 1230 968 1085 1374 459 1062 621 772 9999 499 1451 1325 117 1564 1604 
3294 266 488 736 664 763 43 635 642 1669 1429 1502 1831 958 1472 1045 1211 499 9999 974 897 610 1145 1178 
2527 714 532 751 679 643 953 352 339 2642 2402 2472 2804 1901 2440 2018 2185 1451 974 9999 289 1548 369 361 
2441 633 572 910 820 818 865 409 386 2547 2292 2388 2697 1755 2361 1926 2087 1325 897 289 9999 1409 249 282 
3657 841 1096 1315 1257 1359 616 1229 1233 1165 894 1032 1298 353 1013 577 714 117 610 1548 1409 9999 1645 1686 
2206 881 803 1100 1019 998 1113 628 606 2790 2532 2634 2938 1987 2606 2170 2330 1564 1145 369 249 1645 9999 50 
2190 913 821 1104 1025 999 1147 643 622 2828 2572 2671 2977 2030 2643 2207 2368 1604 1178 361 282 1686 50 9999 
