NAME: ds_811_courier_1656
TYPE: TSP
COMMENT: nil
DIMENSION: 21
EDGE_WEIGHT_TYPE: EXPLICIT
EDGE_WEIGHT_FORMAT: FULL_MATRIX
EDGE_WEIGHT_SECTION
9999 2800 5987 2850 3104 2630 5258 4032 2780 4103 3209 3962 3920 5141 5922 3229 3033 4208 3976 34 2457 
2800 9999 4180 778 1404 1588 2790 2262 288 2227 963 1980 1457 3198 3614 705 1678 2522 1929 2799 4688 
5987 4180 9999 4908 3013 3373 1967 2016 4452 1997 3237 2219 2795 984 1325 3478 2981 1799 2257 6006 6372 
2850 778 4908 9999 2180 2309 3377 3030 491 2986 1731 2735 2130 3923 4238 1441 2443 3291 2677 2840 5018 
3104 1404 3013 2180 9999 586 2211 997 1690 1030 570 860 1045 2087 2820 901 342 1230 873 3118 4255 
2630 1588 3373 2309 586 9999 2780 1403 1844 1482 1041 1374 1623 2511 3338 1313 404 1581 1408 2648 3669 
5258 2790 1967 3377 2211 2780 9999 1607 3007 1462 2061 1445 1369 1231 884 2133 2410 1657 1387 5268 6397 
4032 2262 2016 3030 997 1403 1607 9999 2547 152 1300 351 1154 1110 1982 1600 1000 262 443 4049 4841 
2780 288 4452 491 1690 1844 3007 2547 9999 2510 1248 2261 1703 3469 3847 974 1957 2808 2208 2775 4785 
4103 2227 1997 2986 1030 1482 1462 152 2510 9999 1266 256 1044 1057 1871 1548 1079 349 335 4119 4969 
3209 963 3237 1731 570 1041 2061 1300 1248 1266 9999 1023 711 2262 2800 339 909 1561 979 3218 4644 
3962 1980 2219 2735 860 1374 1445 351 2261 256 1023 9999 803 1256 1968 1295 983 597 96 3977 4952 
3920 1457 2795 2130 1045 1623 1369 1154 1703 1044 711 803 9999 1815 2160 771 1350 1393 712 3928 5288 
5141 3198 984 3923 2087 2511 1231 1110 3469 1057 2262 1256 1815 9999 1067 2495 2109 949 1285 5159 5802 
5922 3614 1325 4238 2820 3338 884 1982 3847 1871 2800 1968 2160 1067 9999 2929 2940 1910 1947 5936 6805 
3229 705 3478 1441 901 1313 2133 1600 974 1548 339 1295 771 2495 2929 9999 1234 1862 1237 3234 4824 
3033 1678 2981 2443 342 404 2410 1000 1957 1079 909 983 1350 2109 2940 1234 9999 1185 1026 3050 4000 
4208 2522 1799 3291 1230 1581 1657 262 2808 349 1561 597 1393 949 1910 1862 1185 9999 682 4227 4895 
3976 1929 2257 2677 873 1408 1387 443 2208 335 979 96 712 1285 1947 1237 1026 682 9999 3990 5010 
34 2799 6006 2840 3118 2648 5268 4049 2775 4119 3218 3977 3928 5159 5936 3234 3050 4227 3990 9999 2485 
2457 4688 6372 5018 4255 3669 6397 4841 4785 4969 4644 4952 5288 5802 6805 4824 4000 4895 5010 2485 9999 
