NAME: ds_729_courier_4849
TYPE: TSP
COMMENT: nil
DIMENSION: 32
EDGE_WEIGHT_TYPE: EXPLICIT
EDGE_WEIGHT_FORMAT: FULL_MATRIX
EDGE_WEIGHT_SECTION
9999 3821 3172 3249 2929 2658 3165 3113 3104 3733 2869 3358 3139 3098 3903 3562 2108 2157 2028 1856 2509 2440 3421 3299 3574 3655 3646 3576 3428 3528 3425 2684 
3821 9999 1090 839 1037 1551 657 731 754 167 1308 470 683 752 505 634 1786 1731 1808 1983 1378 1772 475 1377 788 731 734 788 915 987 791 1617 
3172 1090 9999 262 376 554 766 631 583 926 309 911 827 976 849 504 1081 1040 1223 1367 739 798 648 373 435 527 517 436 267 356 327 582 
3249 839 262 9999 324 735 533 412 369 679 482 656 599 756 673 318 1141 1092 1244 1405 748 972 387 612 339 410 401 340 254 396 183 789 
2929 1037 376 324 9999 533 509 370 325 897 334 708 552 676 979 633 822 772 920 1081 424 739 565 730 661 734 725 662 546 678 506 618 
2658 1551 554 735 533 9999 1037 901 857 1399 255 1241 1073 1177 1393 1038 647 626 841 942 503 244 1077 651 989 1079 1070 990 821 893 866 105 
3165 657 766 533 509 1037 9999 142 190 575 840 219 69 228 848 632 1143 1087 1152 1327 746 1222 324 1136 766 785 780 767 765 901 645 1126 
3113 731 631 412 370 901 142 9999 49 621 699 342 197 347 834 568 1056 1001 1088 1262 648 1093 313 1003 682 715 709 683 656 795 546 987 
3104 754 583 369 325 857 190 49 9999 637 652 384 246 394 827 545 1036 981 1077 1251 625 1053 316 955 651 689 683 652 616 757 511 943 
3733 167 926 679 897 1399 575 621 637 9999 1153 429 616 715 389 468 1672 1617 1709 1884 1260 1626 333 1210 623 570 573 623 747 822 624 1463 
2869 1308 309 482 334 255 840 699 652 1153 9999 1031 886 1009 1138 783 795 759 957 1087 511 496 837 510 739 829 819 740 575 660 612 309 
3358 470 911 656 708 1241 219 342 384 429 1031 9999 222 287 771 650 1358 1303 1358 1533 965 1434 318 1267 806 800 797 806 850 972 718 1326 
3139 683 827 599 552 1073 69 197 246 616 886 222 9999 159 906 700 1140 1084 1136 1311 753 1249 386 1199 835 854 849 836 834 970 714 1165 
3098 752 976 756 676 1177 228 347 394 715 1009 287 159 9999 1037 854 1161 1107 1128 1300 803 1334 532 1349 992 1008 1003 993 992 1128 873 1273 
3903 505 849 673 979 1393 848 834 827 389 1138 771 906 1037 9999 357 1800 1749 1880 2048 1394 1634 528 1026 429 340 348 428 598 606 527 1431 
3562 634 504 318 633 1038 632 568 545 468 783 650 700 854 357 9999 1454 1405 1547 1712 1054 1279 333 746 164 154 150 164 284 358 178 1080 
2108 1786 1081 1141 822 647 1143 1056 1036 1672 795 1358 1140 1161 1800 1454 9999 55 214 296 412 538 1344 1284 1468 1547 1538 1469 1326 1436 1317 721 
2157 1731 1040 1092 772 626 1087 1001 981 1617 759 1303 1084 1107 1749 1405 55 9999 218 328 359 537 1290 1254 1421 1500 1490 1422 1282 1394 1270 705 
2028 1808 1223 1244 920 841 1152 1088 1077 1709 957 1358 1136 1128 1880 1547 214 218 9999 175 497 751 1393 1460 1580 1654 1645 1581 1452 1571 1425 922 
1856 1983 1367 1405 1081 942 1327 1262 1251 1884 1087 1533 1311 1300 2048 1712 296 328 175 9999 658 811 1566 1580 1738 1814 1805 1740 1605 1719 1585 1011 
2509 1378 739 748 424 503 746 648 625 1260 511 965 753 803 1394 1054 412 359 497 658 9999 569 932 1019 1083 1158 1148 1084 957 1080 929 607 
2440 1772 798 972 739 244 1222 1093 1053 1626 496 1434 1249 1334 1634 1279 538 537 751 811 569 9999 1298 860 1232 1323 1313 1233 1065 1134 1109 245 
3421 475 648 387 565 1077 324 313 316 333 837 318 386 532 528 333 1344 1290 1393 1566 932 1298 9999 980 487 486 482 488 541 657 407 1146 
3299 1377 373 612 730 651 1136 1003 955 1210 510 1267 1199 1349 1026 746 1284 1254 1460 1580 1019 860 980 9999 608 690 682 609 463 421 589 615 
3574 788 435 339 661 989 766 682 651 623 739 806 835 992 429 164 1468 1421 1580 1738 1083 1232 487 608 9999 92 83 1 172 199 157 1016 
3655 731 527 410 734 1079 785 715 689 570 829 800 854 1008 340 154 1547 1500 1654 1814 1158 1323 486 690 92 9999 10 91 264 271 230 1108 
3646 734 517 401 725 1070 780 709 683 573 819 797 849 1003 348 150 1538 1490 1645 1805 1148 1313 482 682 83 10 9999 82 255 265 221 1098 
3576 788 436 340 662 990 767 683 652 623 740 806 836 993 428 164 1469 1422 1581 1740 1084 1233 488 609 1 91 82 9999 173 200 158 1017 
3428 915 267 254 546 821 765 656 616 747 575 850 834 992 598 284 1326 1282 1452 1605 957 1065 541 463 172 264 255 173 9999 141 134 845 
3528 987 356 396 678 893 901 795 757 822 660 972 970 1128 606 358 1436 1394 1571 1719 1080 1134 657 421 199 271 265 200 141 9999 257 902 
3425 791 327 183 506 866 645 546 511 624 612 718 714 873 527 178 1317 1270 1425 1585 929 1109 407 589 157 230 221 158 134 257 9999 905 
2684 1617 582 789 618 105 1126 987 943 1463 309 1326 1165 1273 1431 1080 721 705 922 1011 607 245 1146 615 1016 1108 1098 1017 845 902 905 9999 
