NAME: ds_827_courier_1103
TYPE: TSP
COMMENT: nil
DIMENSION: 33
EDGE_WEIGHT_TYPE: EXPLICIT
EDGE_WEIGHT_FORMAT: FULL_MATRIX
EDGE_WEIGHT_SECTION
9999 736 1824 3617 3511 3540 3558 2229 2299 2257 2268 2231 2179 3373 2218 2150 2179 2292 2166 2057 2068 1826 1912 2003 2183 1875 1166 524 619 537 290 403 4294 
736 9999 2262 3512 3512 3652 3627 2822 2898 2876 2842 2705 2631 3427 2682 2669 2723 2840 2562 2451 2440 2151 2245 2345 2509 2254 728 236 118 286 452 589 4968 
1824 2262 9999 2560 2232 2033 2132 832 910 974 775 451 369 2004 423 490 594 699 356 265 313 365 345 349 496 197 2921 2181 2173 1980 1938 1692 4606 
3617 3512 2560 9999 515 1056 845 3255 3310 3417 3152 2664 2571 770 2624 2862 2980 3023 2357 2363 2289 2236 2222 2214 2106 2365 4211 3614 3508 3357 3515 3250 7166 
3511 3512 2232 515 9999 543 335 2859 2908 3020 2750 2268 2186 272 2231 2475 2588 2618 1984 2008 1938 1945 1912 1884 1750 2045 4233 3583 3491 3323 3449 3173 6823 
3540 3652 2033 1056 543 9999 213 2539 2576 2696 2424 1967 1903 340 1935 2178 2280 2290 1729 1781 1721 1812 1756 1702 1537 1867 4380 3689 3614 3433 3523 3241 6537 
3558 3627 2132 845 335 213 9999 2686 2728 2845 2573 2105 2033 205 2071 2315 2422 2439 1848 1889 1825 1884 1837 1792 1637 1957 4353 3677 3595 3419 3523 3243 6677 
2229 2822 832 3255 2859 2539 2686 9999 82 162 118 592 685 2603 632 396 276 251 904 924 999 1191 1149 1109 1165 1007 3392 2687 2717 2538 2424 2234 4000 
2299 2898 910 3310 2908 2576 2728 82 9999 126 159 647 745 2649 688 460 340 290 967 992 1067 1266 1222 1179 1229 1082 3463 2761 2793 2615 2498 2310 3967 
2257 2876 974 3417 3020 2696 2845 162 126 9999 272 754 846 2763 793 556 437 407 1065 1081 1157 1337 1299 1263 1325 1156 3423 2731 2768 2594 2467 2290 3845 
2268 2842 775 3152 2750 2424 2573 118 159 272 9999 489 588 2492 530 306 187 135 809 838 913 1124 1075 1028 1072 939 3428 2715 2739 2556 2454 2253 4116 
2231 2705 451 2664 2268 1967 2105 592 647 754 489 9999 112 2014 44 211 319 364 330 385 453 721 650 581 591 541 3351 2615 2614 2421 2366 2129 4573 
2179 2631 369 2571 2186 1903 2033 685 745 846 588 112 9999 1935 70 291 409 469 222 273 341 612 539 468 485 435 3287 2548 2542 2349 2303 2060 4645 
3373 3427 2004 770 272 340 205 2603 2649 2763 2492 2014 1935 9999 1978 2222 2333 2359 1739 1771 1703 1735 1695 1658 1514 1822 4153 3481 3398 3222 3332 3052 6578 
2218 2682 423 2624 2231 1935 2071 632 688 793 530 44 70 1978 9999 244 357 406 286 343 410 681 609 538 548 503 3333 2596 2592 2399 2348 2108 4606 
2150 2669 490 2862 2475 2178 2315 396 460 556 306 211 291 2222 244 9999 121 210 508 532 607 825 772 722 770 639 3291 2563 2573 2384 2307 2085 4362 
2179 2723 594 2980 2588 2280 2422 276 340 437 187 319 409 2333 357 121 9999 118 628 652 727 939 888 841 890 753 3330 2607 2623 2437 2349 2136 4257 
2292 2840 699 3023 2618 2290 2439 251 290 407 135 364 469 2359 406 210 118 9999 691 730 803 1034 978 923 953 848 3444 2723 2740 2554 2464 2252 4250 
2166 2562 356 2357 1984 1729 1848 904 967 1065 809 330 222 1739 286 508 628 691 9999 112 144 451 364 274 263 309 3240 2499 2480 2285 2263 2007 4840 
2057 2451 265 2363 2008 1781 1889 924 992 1081 838 385 273 1771 343 532 652 730 112 9999 76 350 269 195 259 197 3129 2387 2369 2173 2152 1895 4816 
2068 2440 313 2289 1938 1721 1825 999 1067 1157 913 453 341 1703 410 607 727 803 144 76 9999 310 220 132 189 193 3125 2384 2361 2165 2153 1892 4888 
1826 2151 365 2236 1945 1812 1884 1191 1266 1337 1124 721 612 1735 681 825 939 1034 451 350 310 9999 94 195 362 186 2847 2107 2076 1880 1886 1618 4935 
1912 2245 345 2222 1912 1756 1837 1149 1222 1299 1075 650 539 1695 609 772 888 978 364 269 220 94 9999 101 272 148 2939 2199 2170 1974 1977 1709 4944 
2003 2345 349 2214 1884 1702 1792 1109 1179 1263 1028 581 468 1658 538 722 841 923 274 195 132 195 101 9999 183 165 3038 2297 2269 2073 2073 1807 4954 
2183 2509 496 2106 1750 1537 1637 1165 1229 1325 1072 591 485 1514 548 770 890 953 263 259 189 362 272 183 9999 338 3208 2469 2436 2240 2248 1979 5075 
1875 2254 197 2365 2045 1867 1957 1007 1082 1156 939 541 435 1822 503 639 753 848 309 197 193 186 148 165 338 9999 2935 2194 2173 1977 1961 1702 4801 
1166 728 2921 4211 4233 4380 4353 3392 3463 3423 3428 3351 3287 4153 3333 3291 3330 3444 3240 3129 3125 2847 2939 3038 3208 2935 9999 741 778 971 985 1233 4939 
524 236 2181 3614 3583 3689 3677 2687 2761 2731 2715 2615 2548 3481 2596 2563 2607 2723 2499 2387 2384 2107 2199 2297 2469 2194 741 9999 141 260 264 492 4731 
619 118 2173 3508 3491 3614 3595 2717 2793 2768 2739 2614 2542 3398 2592 2573 2623 2740 2480 2369 2361 2076 2170 2269 2436 2173 778 141 9999 196 334 488 4863 
537 286 1980 3357 3323 3433 3419 2538 2615 2594 2556 2421 2349 3222 2399 2384 2437 2554 2285 2173 2165 1880 1974 2073 2240 1977 971 260 196 9999 257 305 4827 
290 452 1938 3515 3449 3523 3523 2424 2498 2467 2454 2366 2303 3332 2348 2307 2349 2464 2263 2152 2153 1886 1977 2073 2248 1961 985 264 334 257 9999 281 4572 
403 589 1692 3250 3173 3241 3243 2234 2310 2290 2253 2129 2060 3052 2108 2085 2136 2252 2007 1895 1892 1618 1709 1807 1979 1702 1233 492 488 305 281 9999 4656 
4294 4968 4606 7166 6823 6537 6677 4000 3967 3845 4116 4573 4645 6578 4606 4362 4257 4250 4840 4816 4888 4935 4944 4954 5075 4801 4939 4731 4863 4827 4572 4656 9999 
