NAME: ds_908_courier_1558
TYPE: TSP
COMMENT: nil
DIMENSION: 9
EDGE_WEIGHT_TYPE: EXPLICIT
EDGE_WEIGHT_FORMAT: FULL_MATRIX
EDGE_WEIGHT_SECTION
9999 33 2249 2074 2062 2185 2053 1017 1862 
33 9999 2269 2087 2075 2204 2071 1043 1876 
2249 2269 9999 536 527 134 225 2500 589 
2074 2087 536 9999 16 403 379 2541 214 
2062 2075 527 16 9999 394 366 2525 201 
2185 2204 134 403 394 9999 133 2489 463 
2053 2071 225 379 366 133 9999 2367 376 
1017 1043 2500 2541 2525 2489 2367 9999 2333 
1862 1876 589 214 201 463 376 2333 9999 
