,0,1,2,3,4,5,6,7,8
0,0.0,3906.9795595042237,3252.159421150213,3221.3262227759033,2555.4645380183756,2639.535915860038,2475.503049882824,2321.4949041864606,2126.3086903585095
1,3906.9795595042237,0.0,741.0741496668469,1195.241563454775,1489.6957022909949,1464.5693016324453,1472.0057075612538,1689.5957353940173,1845.9369040800607
2,3252.159421150213,741.0741496668469,0.0,580.9175676279857,755.312452572873,723.7741513280945,777.5287531021106,967.9066429317348,1141.485420471104
3,3221.3262227759033,1195.241563454775,580.9175676279857,0.0,702.64970112457,598.2681547707289,881.3509133602256,927.7693717259697,1130.7786685041524
4,2555.4645380183756,1489.6957022909949,755.312452572873,702.64970112457,0.0,115.32627924840214,235.89491850917753,234.2183301390222,434.6774139171257
5,2639.535915860038,1464.5693016324453,723.7741513280945,598.2681547707289,115.32627924840214,0.0,344.68140083191463,329.517821658393,532.5586092350751
6,2475.503049882824,1472.0057075612538,777.5287531021106,881.3509133602256,235.89491850917753,344.68140083191463,0.0,253.1510200133103,374.2047214236859
7,2321.4949041864606,1689.5957353940173,967.9066429317348,927.7693717259697,234.2183301390222,329.517821658393,253.1510200133103,0.0,203.05621745099089
8,2126.3086903585095,1845.9369040800607,1141.485420471104,1130.7786685041524,434.6774139171257,532.5586092350751,374.2047214236859,203.05621745099089,0.0
