NAME: ds_618_courier_2688
TYPE: TSP
COMMENT: nil
DIMENSION: 19
EDGE_WEIGHT_TYPE: EXPLICIT
EDGE_WEIGHT_FORMAT: FULL_MATRIX
EDGE_WEIGHT_SECTION
9999 3856 4083 3846 3487 2817 2675 3194 3151 3536 3718 2990 2943 2679 2644 2310 3372 3497 4075 
3856 9999 238 12 370 1049 1270 671 708 549 140 926 940 1191 1235 1626 484 615 283 
4083 238 9999 246 602 1283 1508 890 932 760 377 1165 1177 1426 1471 1863 712 826 258 
3846 12 246 9999 360 1039 1262 660 697 548 131 919 931 1182 1226 1618 474 614 295 
3487 370 602 360 9999 682 921 313 342 418 232 583 580 825 870 1267 118 465 610 
2817 1049 1283 1039 682 9999 314 437 381 759 909 233 142 143 193 600 576 739 1258 
2675 1270 1508 1262 921 314 9999 730 672 864 1131 343 348 235 189 370 832 822 1439 
3194 671 890 660 313 437 730 9999 58 612 539 444 388 575 629 1036 195 633 923 
3151 708 932 697 342 381 672 58 9999 603 573 389 330 521 574 981 224 617 951 
3536 549 760 548 418 759 864 612 603 9999 453 551 619 879 903 1234 468 66 611 
3718 140 377 131 232 909 1131 539 573 453 9999 788 800 1051 1095 1486 349 517 388 
2990 926 1165 919 583 233 343 444 389 551 788 9999 104 331 351 706 504 522 1100 
2943 940 1177 931 580 142 348 388 330 619 800 104 9999 265 300 687 486 598 1135 
2679 1191 1426 1182 825 143 235 575 521 879 1051 331 265 9999 59 462 719 852 1397 
2644 1235 1471 1226 870 193 189 629 574 903 1095 351 300 59 9999 407 767 872 1434 
2310 1626 1863 1618 1267 600 370 1036 981 1234 1486 706 687 462 407 9999 1169 1190 1806 
3372 484 712 474 118 576 832 195 224 468 349 504 486 719 767 1169 9999 504 728 
3497 615 826 614 465 739 822 633 617 66 517 522 598 852 872 1190 504 9999 672 
4075 283 258 295 610 1258 1439 923 951 611 388 1100 1135 1397 1434 1806 728 672 9999 
