NAME: ds_920_courier_290
TYPE: TSP
COMMENT: nil
DIMENSION: 16
EDGE_WEIGHT_TYPE: EXPLICIT
EDGE_WEIGHT_FORMAT: FULL_MATRIX
EDGE_WEIGHT_SECTION
9999 3128 3245 3660 3710 3465 3806 3235 3274 3394 3452 2904 2843 2837 2818 3116 
3128 9999 146 679 827 672 849 853 418 1018 1339 960 774 697 362 393 
3245 146 9999 669 835 718 834 950 489 1101 1428 1089 909 834 507 504 
3660 679 669 9999 183 268 170 647 386 680 989 969 899 870 866 544 
3710 827 835 183 9999 245 132 577 470 560 845 926 896 883 961 616 
3465 672 718 268 245 9999 355 380 265 438 764 705 655 639 739 388 
3806 849 834 170 132 355 9999 706 540 691 969 1051 1010 992 1027 694 
3235 853 950 647 577 380 706 9999 472 199 489 358 398 430 744 463 
3274 418 489 386 470 265 540 472 9999 613 940 689 564 517 491 158 
3394 1018 1101 680 560 438 691 199 613 9999 331 491 582 623 939 638 
3452 1339 1428 989 845 764 969 489 940 331 9999 614 781 845 1219 951 
2904 960 1089 969 926 705 1051 358 689 491 614 9999 208 290 714 595 
2843 774 909 899 896 655 1010 398 564 582 781 208 9999 83 508 440 
2837 697 834 870 883 639 992 430 517 623 845 290 83 9999 425 380 
2818 362 507 866 961 739 1027 744 491 939 1219 714 508 425 9999 352 
3116 393 504 544 616 388 694 463 158 638 951 595 440 380 352 9999 
