NAME: ds_702_courier_2925
TYPE: TSP
COMMENT: nil
DIMENSION: 16
EDGE_WEIGHT_TYPE: EXPLICIT
EDGE_WEIGHT_FORMAT: FULL_MATRIX
EDGE_WEIGHT_SECTION
9999 2174 666 3003 3358 3473 2199 4727 3716 3196 3548 4894 2991 3196 3292 2502 
2174 9999 1510 831 1257 1439 40 2714 1764 1032 1638 2974 818 1032 1190 330 
666 1510 9999 2338 2696 2819 1534 4081 3074 2536 2910 4264 2325 2536 2630 1839 
3003 831 2338 9999 552 805 804 1992 1173 303 1116 2311 16 303 498 510 
3358 1257 2696 552 9999 264 1221 1467 630 700 605 1765 567 700 67 985 
3473 1439 2819 805 264 9999 1401 1279 369 963 348 1542 820 963 308 1197 
2199 40 1534 804 1221 1401 9999 2677 1725 1013 1598 2935 792 1013 1154 310 
4727 2714 4081 1992 1467 1279 2677 9999 1013 2019 1187 431 2007 2019 1532 2452 
3716 1764 3074 1173 630 369 1725 1013 9999 1323 183 1213 1188 1323 676 1546 
3196 1032 2536 303 700 963 1013 2019 1323 9999 1303 2375 303 0 668 703 
3548 1638 2910 1116 605 348 1598 1187 183 1303 9999 1361 1130 1303 636 1442 
4894 2974 4264 2311 1765 1542 2935 431 1213 2375 1361 9999 2326 2375 1826 2738 
2991 818 2325 16 567 820 792 2007 1188 303 1130 2326 9999 303 513 496 
3196 1032 2536 303 700 963 1013 2019 1323 0 1303 2375 303 9999 668 703 
3292 1190 2630 498 67 308 1154 1532 676 668 636 1826 513 668 9999 920 
2502 330 1839 510 985 1197 310 2452 1546 703 1442 2738 496 703 920 9999 
