NAME: ds_728_courier_2925
TYPE: TSP
COMMENT: nil
DIMENSION: 20
EDGE_WEIGHT_TYPE: EXPLICIT
EDGE_WEIGHT_FORMAT: FULL_MATRIX
EDGE_WEIGHT_SECTION
9999 2957 3960 4607 3029 3472 3257 3288 2831 3596 4165 4816 4303 4901 4495 2393 3052 4704 3544 4953 
2957 9999 1382 2074 87 793 337 651 285 1089 1643 2329 1700 2330 1893 568 335 2141 1212 2416 
3960 1382 9999 702 1379 592 1368 760 1296 365 261 952 347 977 545 1753 1086 781 457 1053 
4607 2074 702 9999 2065 1291 2024 1462 1997 1051 454 257 377 294 206 2453 1787 104 1065 353 
3029 87 1379 2065 9999 797 251 671 365 1103 1641 2321 1689 2314 1880 645 375 2129 1238 2403 
3472 793 592 1291 797 9999 826 186 713 318 852 1543 922 1557 1120 1180 497 1364 499 1639 
3257 337 1368 2024 251 826 9999 751 597 1144 1625 2281 1647 2254 1828 888 534 2077 1310 2348 
3288 651 760 1462 671 186 751 9999 536 440 1016 1711 1099 1734 1297 998 331 1539 569 1812 
2831 285 1296 1997 365 713 597 536 9999 962 1550 2246 1634 2269 1832 470 227 2074 1042 2348 
3596 1089 365 1051 1103 318 1144 440 962 9999 598 1292 711 1335 908 1406 769 1137 213 1405 
4165 1643 261 454 1641 852 1625 1016 1550 598 9999 696 177 741 335 2002 1344 542 623 807 
4816 2329 952 257 2321 1543 2281 1711 2246 1292 696 9999 634 192 457 2698 2038 223 1286 158 
4303 1700 347 377 1689 922 1647 1099 1634 711 177 634 9999 635 199 2095 1419 442 773 717 
4901 2330 977 294 2314 1557 2254 1734 2269 1335 741 192 635 9999 438 2729 2054 199 1358 107 
4495 1893 545 206 1880 1120 1828 1297 1832 908 335 457 199 438 9999 2294 1616 249 956 524 
2393 568 1753 2453 645 1180 888 998 470 1406 2002 2698 2095 2729 2294 9999 697 2533 1453 2805 
3052 335 1086 1787 375 497 534 331 227 769 1344 2038 1419 2054 1616 697 9999 1861 879 2135 
4704 2141 781 104 2129 1364 2077 1539 2074 1137 542 223 442 199 249 2533 1861 9999 1160 275 
3544 1212 457 1065 1238 499 1310 569 1042 213 623 1286 773 1358 956 1453 879 1160 9999 1414 
4953 2416 1053 353 2403 1639 2348 1812 2348 1405 807 158 717 107 524 2805 2135 275 1414 9999 
