NAME: ds_817_courier_4474
TYPE: TSP
COMMENT: nil
DIMENSION: 22
EDGE_WEIGHT_TYPE: EXPLICIT
EDGE_WEIGHT_FORMAT: FULL_MATRIX
EDGE_WEIGHT_SECTION
9999 1329 1295 956 877 1361 1220 1306 1467 759 850 1120 1841 1505 1632 1734 1579 1843 1944 1950 1295 5154 
1329 9999 224 374 615 2021 111 1654 2036 1205 1169 1386 779 1681 965 1204 392 755 727 1013 207 5146 
1295 224 9999 382 720 2136 246 1797 2164 1301 1282 1525 996 1846 1183 1419 607 970 916 1235 418 4924 
956 374 382 9999 372 1769 267 1455 1806 929 919 1183 1023 1531 1041 1247 679 1011 1047 1213 387 5103 
877 615 720 372 9999 1417 513 1085 1445 590 563 813 964 1160 810 974 733 967 1084 1084 486 5440 
1361 2021 2136 1769 1417 9999 1925 458 145 841 854 665 2001 634 1540 1432 1999 2030 2243 1928 1853 6515 
1220 111 246 267 513 1925 9999 1569 1945 1103 1072 1299 820 1608 947 1179 445 800 801 1039 188 5156 
1306 1654 1797 1455 1085 458 1569 9999 409 598 558 273 1553 237 1085 975 1583 1584 1803 1471 1470 6397 
1467 2036 2164 1806 1445 145 1945 409 9999 889 886 655 1961 540 1489 1361 1987 1992 2211 1870 1860 6618 
759 1205 1301 929 590 841 1103 598 889 9999 104 368 1375 763 1021 1052 1259 1393 1566 1397 1059 5799 
850 1169 1282 919 563 854 1072 558 886 104 9999 303 1290 698 923 948 1195 1309 1490 1302 1012 5852 
1120 1386 1525 1183 813 665 1299 273 655 368 303 9999 1346 396 905 851 1336 1373 1581 1298 1206 6154 
1841 779 996 1023 964 2001 820 1553 1961 1375 1290 1346 9999 1467 487 696 389 42 277 260 645 5874 
1505 1681 1846 1531 1160 634 1608 237 540 763 698 396 1467 9999 983 830 1554 1502 1731 1350 1485 6547 
1632 965 1183 1041 810 1540 947 1085 1489 1021 923 905 487 983 9999 246 676 524 758 393 765 6103 
1734 1204 1419 1247 974 1432 1179 975 1361 1052 948 851 696 830 246 9999 921 737 973 528 1001 6332 
1579 392 607 679 733 1999 445 1583 1987 1259 1195 1336 389 1554 676 921 9999 363 370 633 294 5500 
1843 755 970 1011 967 2030 800 1584 1992 1393 1309 1373 42 1502 524 737 363 9999 237 299 629 5839 
1944 727 916 1047 1084 2243 801 1803 2211 1566 1490 1581 277 1731 758 973 370 237 9999 506 664 5698 
1950 1013 1235 1213 1084 1928 1039 1471 1870 1397 1302 1298 260 1350 393 528 633 299 506 9999 855 6130 
1295 207 418 387 486 1853 188 1470 1860 1059 1012 1206 645 1485 765 1001 294 629 664 855 9999 5339 
5154 5146 4924 5103 5440 6515 5156 6397 6618 5799 5852 6154 5874 6547 6103 6332 5500 5839 5698 6130 5339 9999 
