NAME: ds_825_courier_4849
TYPE: TSP
COMMENT: nil
DIMENSION: 27
EDGE_WEIGHT_TYPE: EXPLICIT
EDGE_WEIGHT_FORMAT: FULL_MATRIX
EDGE_WEIGHT_SECTION
9999 3282 3039 3562 3854 3759 3259 3998 3580 3820 3452 2202 2852 2221 3109 3222 1883 2541 3524 2322 2425 2264 3253 3591 2619 2968 3066 
3282 9999 258 472 676 549 621 724 362 679 501 1080 560 1260 644 979 1410 742 936 964 866 1039 368 470 1043 457 448 
3039 258 9999 590 853 739 720 959 614 924 683 843 467 1094 686 1043 1161 510 1076 717 615 785 490 701 951 410 464 
3562 472 590 9999 294 233 1066 536 610 878 885 1402 1016 1683 1110 1430 1683 1086 1331 1259 1153 1301 820 765 1506 922 920 
3854 676 853 294 9999 132 1189 320 658 837 965 1684 1236 1931 1264 1546 1973 1360 1388 1544 1439 1591 965 803 1716 1130 1104 
3759 549 739 233 132 9999 1058 304 533 736 838 1578 1108 1807 1131 1416 1877 1249 1267 1443 1338 1495 833 682 1585 1000 972 
3259 621 720 1066 1189 1058 9999 1080 548 618 256 1159 464 1052 151 363 1520 882 370 1123 1063 1230 253 446 687 390 285 
3998 724 959 536 320 304 1080 9999 536 595 830 1800 1248 1964 1187 1413 2119 1463 1202 1676 1574 1740 902 643 1692 1130 1074 
3580 362 614 610 658 533 548 536 9999 320 308 1384 751 1463 651 894 1730 1049 735 1287 1195 1372 373 155 1165 630 556 
3820 679 924 878 837 736 618 595 320 9999 377 1646 968 1648 760 882 2002 1320 624 1565 1479 1657 568 235 1302 853 755 
3452 501 683 885 965 838 256 830 308 377 9999 1299 604 1270 387 586 1658 987 447 1234 1158 1333 220 190 928 496 390 
2202 1080 843 1402 1684 1578 1159 1800 1384 1646 1299 9999 701 531 1024 1277 361 338 1499 160 259 207 1084 1412 757 803 911 
2852 560 467 1016 1236 1108 464 1248 751 968 604 701 9999 717 345 669 1062 421 821 659 603 767 401 741 491 121 215 
2221 1260 1094 1683 1931 1807 1052 1964 1463 1648 1270 531 717 9999 901 1009 740 653 1304 659 718 736 1099 1434 403 836 909 
3109 644 686 1110 1264 1131 151 1187 651 760 387 1024 345 901 9999 357 1383 764 479 999 948 1108 298 571 541 302 222 
3222 979 1043 1430 1546 1416 363 1413 894 882 586 1277 669 1009 357 9999 1620 1070 325 1284 1250 1396 613 769 607 654 579 
1883 1410 1161 1683 1973 1877 1520 2119 1730 2002 1658 361 1062 740 1383 1620 9999 683 1855 446 545 382 1443 1767 1063 1163 1272 
2541 742 510 1086 1360 1249 882 1463 1049 1320 987 338 421 653 764 1070 683 9999 1242 247 183 349 768 1085 683 500 610 
3524 936 1076 1331 1388 1267 370 1202 735 624 447 1499 821 1304 479 325 1855 1242 9999 1478 1425 1587 588 585 905 759 655 
2322 964 717 1259 1544 1443 1123 1676 1287 1565 1234 160 659 659 999 1284 446 247 1478 9999 106 111 1015 1330 820 745 856 
2425 866 615 1153 1439 1338 1063 1574 1195 1479 1158 259 603 718 948 1250 545 183 1425 106 9999 177 938 1245 828 678 789 
2264 1039 785 1301 1591 1495 1230 1740 1372 1657 1333 207 767 736 1108 1396 382 349 1587 111 177 9999 1114 1422 925 849 960 
3253 368 490 820 965 833 253 902 373 568 220 1084 401 1099 298 613 1443 768 588 1015 938 1114 9999 340 793 285 191 
3591 470 701 765 803 682 446 643 155 235 190 1412 741 1434 571 769 1767 1085 585 1330 1245 1422 340 9999 1107 623 530 
2619 1043 951 1506 1716 1585 687 1692 1165 1302 928 757 491 403 541 607 1063 683 905 820 828 925 793 1107 9999 587 620 
2968 457 410 922 1130 1000 390 1130 630 853 496 803 121 836 302 654 1163 500 759 745 678 849 285 623 587 9999 111 
3066 448 464 920 1104 972 285 1074 556 755 390 911 215 909 222 579 1272 610 655 856 789 960 191 530 620 111 9999 
