NAME: ds_928_courier_487
TYPE: TSP
COMMENT: nil
DIMENSION: 13
EDGE_WEIGHT_TYPE: EXPLICIT
EDGE_WEIGHT_FORMAT: FULL_MATRIX
EDGE_WEIGHT_SECTION
9999 2740 3059 3045 3300 3690 2693 4203 3809 2686 2983 3688 2236 
2740 9999 3120 3001 3317 3201 1149 1605 1833 1260 1416 2086 4898 
3059 3120 9999 139 247 765 2018 4560 4946 1903 1898 5140 3937 
3045 3001 139 9999 325 704 1890 4429 4829 1776 1763 5030 4002 
3300 3317 247 325 9999 645 2197 4725 5148 2082 2048 5353 4104 
3690 3201 765 704 645 9999 2052 4468 5023 1942 1816 5282 4700 
2693 1149 2018 1890 2197 2052 9999 2549 2976 115 347 3230 4561 
4203 1605 4560 4429 4725 4468 2549 9999 1148 2661 2680 1642 6420 
3809 1833 4946 4829 5148 5023 2976 1148 9999 3089 3215 496 6037 
2686 1260 1903 1776 2082 1942 115 2661 3089 9999 304 3340 4514 
2983 1416 1898 1763 2048 1816 347 2680 3215 304 9999 3499 4765 
3688 2086 5140 5030 5353 5282 3230 1642 496 3340 3499 9999 5885 
2236 4898 3937 4002 4104 4700 4561 6420 6037 4514 4765 5885 9999 
