NAME: ds_525_courier_4849
TYPE: TSP
COMMENT: nil
DIMENSION: 7
EDGE_WEIGHT_TYPE: EXPLICIT
EDGE_WEIGHT_FORMAT: FULL_MATRIX
EDGE_WEIGHT_SECTION
9999 2622 2063 3656 3083 3632 1860 
2622 9999 785 1117 677 1117 1259 
2063 785 9999 1617 1032 1585 1350 
3656 1117 1617 9999 588 71 2356 
3083 677 1032 588 9999 554 1927 
3632 1117 1585 71 554 9999 2365 
1860 1259 1350 2356 1927 2365 9999 
