NAME: ds_928_courier_4849
TYPE: TSP
COMMENT: nil
DIMENSION: 32
EDGE_WEIGHT_TYPE: EXPLICIT
EDGE_WEIGHT_FORMAT: FULL_MATRIX
EDGE_WEIGHT_SECTION
9999 1817 2342 2218 2433 2472 2993 3178 3243 2835 2721 2588 2869 3502 3546 3233 3521 3384 3351 3174 2974 3668 3743 3679 3315 3810 3902 3961 3644 3324 2335 2489 
1817 9999 527 403 622 816 1294 1407 1553 1050 1078 964 1161 1781 1851 1537 1705 1626 1539 1379 1185 1895 1961 1867 1509 1994 2090 2144 1837 1535 746 1287 
2342 527 9999 167 191 501 845 898 1094 540 707 638 717 1295 1377 1076 1193 1190 1035 907 669 1379 1442 1340 982 1469 1563 1623 1339 1065 543 1188 
2218 403 167 9999 220 639 1011 1060 1261 702 863 783 883 1461 1544 1243 1303 1240 1136 980 828 1536 1596 1476 1127 1598 1700 1743 1435 1137 651 1289 
2433 622 191 220 9999 666 925 914 1158 572 838 790 808 1330 1422 1138 1088 1026 919 761 679 1371 1423 1278 943 1394 1502 1532 1216 918 726 1370 
2472 816 501 639 666 9999 521 741 774 477 265 151 398 1030 1078 763 1304 1479 1195 1164 596 1215 1298 1320 950 1473 1524 1664 1492 1310 157 722 
2993 1294 845 1011 925 521 9999 315 259 380 289 418 133 509 561 245 1009 1345 965 1043 360 717 807 907 586 1065 1082 1271 1212 1150 663 936 
3178 1407 898 1060 914 741 315 9999 344 359 571 682 370 422 526 322 700 1078 677 798 235 491 566 599 272 757 789 961 903 880 897 1250 
3243 1553 1094 1261 1158 774 259 344 9999 591 523 656 392 271 304 22 1008 1418 1011 1142 518 539 633 819 586 971 954 1180 1208 1220 909 1070 
2835 1050 540 702 572 477 380 359 591 9999 438 487 296 762 851 570 827 1046 724 730 138 845 913 866 492 1013 1081 1197 1016 863 629 1133 
2721 1078 707 863 838 265 289 571 523 438 9999 133 202 789 826 515 1221 1483 1144 1168 506 1006 1095 1170 821 1328 1357 1529 1420 1298 386 705 
2588 964 638 783 790 151 418 682 656 487 133 9999 314 921 959 648 1302 1526 1210 1209 581 1132 1219 1277 918 1433 1471 1632 1496 1347 254 650 
2869 1161 717 883 808 398 133 370 392 296 202 314 9999 635 692 377 1027 1317 960 1007 324 821 907 969 621 1126 1158 1328 1227 1127 547 898 
3502 1781 1295 1461 1330 1030 509 422 271 762 789 921 635 9999 116 275 924 1391 975 1153 653 307 398 659 556 795 746 997 1109 1198 1171 1328 
3546 1851 1377 1544 1422 1078 561 526 304 851 826 959 692 116 9999 316 1037 1507 1091 1269 750 390 472 761 672 889 827 1086 1219 1314 1212 1310 
3233 1537 1076 1243 1138 763 245 322 22 570 515 648 377 275 316 9999 990 1397 990 1120 496 534 628 806 567 959 945 1168 1190 1199 899 1074 
3521 1705 1193 1303 1088 1304 1009 700 1008 827 1221 1302 1027 924 1037 990 9999 506 180 417 721 703 678 350 429 370 515 451 203 351 1455 1924 
3384 1626 1190 1240 1026 1479 1345 1078 1418 1046 1483 1526 1317 1391 1507 1397 506 9999 416 316 995 1202 1183 856 843 847 996 840 426 198 1608 2175 
3351 1539 1035 1136 919 1195 965 677 1011 724 1144 1210 960 975 1091 990 180 416 9999 243 639 800 792 493 429 543 682 630 307 225 1340 1848 
3174 1379 907 980 761 1164 1043 798 1142 730 1168 1209 1007 1153 1269 1120 417 316 243 9999 687 1016 1019 734 598 785 925 856 476 159 1296 1859 
2974 1185 669 828 679 596 360 235 518 138 506 581 324 653 750 496 721 995 639 687 9999 711 777 732 358 881 945 1069 917 803 751 1210 
3668 1895 1379 1536 1371 1215 717 491 539 845 1006 1132 821 307 390 534 703 1202 800 1016 711 9999 94 386 453 501 439 697 864 1023 1367 1608 
3743 1961 1442 1596 1423 1298 807 566 633 913 1095 1219 907 398 472 628 678 1183 792 1019 777 94 9999 339 488 434 355 620 823 1011 1452 1702 
3679 1867 1340 1476 1278 1320 907 599 819 866 1170 1277 969 659 761 806 350 856 493 734 732 386 339 9999 374 158 224 366 484 698 1477 1842 
3315 1509 982 1127 943 950 586 272 586 492 821 918 621 556 672 567 429 843 429 598 358 453 488 374 9999 523 590 715 632 647 1107 1514 
3810 1994 1469 1598 1394 1473 1065 757 971 1013 1328 1433 1126 795 889 959 370 847 543 785 881 501 434 158 523 9999 149 209 436 717 1629 2000 
3902 2090 1563 1700 1502 1524 1082 789 954 1081 1357 1471 1158 746 827 945 515 996 682 925 945 439 355 224 590 149 9999 273 582 864 1681 2009 
3961 2144 1623 1743 1532 1664 1271 961 1180 1197 1529 1632 1328 997 1086 1168 451 840 630 856 1069 697 620 366 715 209 273 9999 416 753 1820 2207 
3644 1837 1339 1435 1216 1492 1212 903 1208 1016 1420 1496 1227 1109 1219 1190 203 426 307 476 917 864 823 484 632 436 582 416 9999 348 1640 2124 
3324 1535 1065 1137 918 1310 1150 880 1220 863 1298 1347 1127 1198 1314 1199 351 198 225 159 803 1023 1011 698 647 717 864 753 348 9999 1445 1995 
2335 746 543 651 726 157 663 897 909 629 386 254 547 1171 1212 899 1455 1608 1340 1296 751 1367 1452 1477 1107 1629 1681 1820 1640 1445 9999 645 
2489 1287 1188 1289 1370 722 936 1250 1070 1133 705 650 898 1328 1310 1074 1924 2175 1848 1859 1210 1608 1702 1842 1514 2000 2009 2207 2124 1995 645 9999 
