NAME: ds_814_courier_2925
TYPE: TSP
COMMENT: nil
DIMENSION: 35
EDGE_WEIGHT_TYPE: EXPLICIT
EDGE_WEIGHT_FORMAT: FULL_MATRIX
EDGE_WEIGHT_SECTION
9999 2551 3087 3276 4826 4087 4601 3506 2137 4149 4770 2942 4549 3033 3197 4719 2351 3557 2758 4480 5816 5107 4805 4456 4557 5821 3268 5380 4122 4104 4217 3881 5108 5901 3322 
2551 9999 540 904 2588 1794 2373 1263 428 1876 2460 429 2263 497 660 2396 219 1135 236 1990 3269 2569 2270 1942 2026 3272 832 2842 1665 1602 1701 1428 2571 3362 901 
3087 540 9999 547 2148 1367 1945 927 951 1452 1996 184 1815 76 257 1928 736 682 332 1462 2730 2029 1730 1407 1486 2735 425 2302 1158 1073 1166 931 2031 2845 492 
3276 904 547 9999 1685 891 1469 383 1197 972 1565 508 1363 515 765 1504 1014 284 675 1215 2615 1888 1589 1213 1343 2639 133 2155 847 863 989 609 1891 2859 98 
4826 2588 2148 1685 9999 794 225 1356 2862 714 236 2175 335 2148 2262 299 2693 1469 2356 1030 1910 1413 1325 1173 1296 1993 1761 1520 1076 1260 1276 1246 1418 2496 1690 
4087 1794 1367 891 794 9999 581 582 2075 86 687 1384 475 1361 1504 633 1901 685 1563 731 2099 1414 1177 834 1005 2153 969 1635 484 686 774 530 1418 2527 898 
4601 2373 1945 1469 225 581 9999 1134 2640 498 270 1965 179 1942 2071 285 2473 1263 2143 943 1994 1431 1297 1085 1226 2070 1550 1575 918 1114 1149 1062 1436 2543 1479 
3506 1263 927 383 1356 582 1134 9999 1506 650 1269 887 1053 898 1130 1215 1344 366 1044 1107 2538 1817 1535 1150 1308 2577 503 2069 737 842 973 557 1821 2869 439 
2137 428 951 1197 2862 2075 2640 1506 9999 2150 2758 806 2550 896 1089 2698 216 1463 621 2362 3679 2971 2670 2327 2422 3685 1161 3244 2018 1979 2087 1777 2972 3788 1222 
4149 1876 1452 972 714 86 498 650 2150 9999 620 1467 403 1446 1590 571 1979 770 1645 758 2094 1422 1198 871 1040 2151 1052 1634 546 751 831 612 1427 2542 981 
4770 2460 1996 1565 236 687 270 1269 2758 620 9999 2039 223 2002 2091 72 2579 1327 2225 799 1728 1191 1090 942 1061 1805 1628 1317 882 1054 1058 1074 1197 2290 1559 
2942 429 184 508 2175 1384 1965 887 806 1467 2039 9999 1847 110 428 1974 595 712 194 1565 2874 2164 1863 1524 1616 2883 415 2438 1237 1179 1283 1000 2166 3012 486 
4549 2263 1815 1363 335 475 179 1053 2550 403 223 1847 9999 1817 1927 189 2375 1138 2030 765 1874 1280 1128 906 1049 1945 1433 1440 750 942 972 911 1285 2399 1363 
3033 497 76 515 2148 1361 1942 898 896 1446 2002 110 1817 9999 329 1936 682 679 275 1494 2783 2077 1777 1446 1531 2789 402 2350 1179 1106 1204 947 2079 2909 472 
3197 660 257 765 2262 1504 2071 1130 1089 1590 2091 428 1927 329 9999 2020 877 833 516 1476 2649 1973 1683 1399 1449 2645 634 2243 1220 1096 1165 1018 1974 2706 692 
4719 2396 1928 1504 299 633 285 1215 2698 571 72 1974 189 1936 2020 9999 2518 1262 2161 732 1710 1152 1037 875 998 1785 1564 1289 810 982 986 1004 1157 2258 1495 
2351 219 736 1014 2693 1901 2473 1344 216 1979 2579 595 2375 682 877 2518 9999 1270 407 2157 3464 2758 2457 2119 2211 3470 965 3031 1819 1772 1878 1578 2760 3573 1030 
3557 1135 682 284 1469 685 1263 366 1463 770 1327 712 1138 679 833 1262 1270 9999 899 931 2335 1608 1310 932 1067 2362 305 1874 565 584 714 325 1611 2600 240 
2758 236 332 675 2356 1563 2143 1044 621 1645 2225 194 2030 275 516 2161 407 899 9999 1759 3058 2351 2051 1715 1804 3064 597 2625 1430 1372 1474 1193 2353 3177 667 
4480 1990 1462 1215 1030 731 943 1107 2362 758 799 1565 765 1494 1476 732 2157 931 1759 9999 1431 712 449 143 291 1470 1212 962 376 389 315 606 716 1803 1160 
5816 3269 2730 2615 1910 2099 1994 2538 3679 2094 1728 2874 1874 2783 2649 1710 3464 2335 3058 1431 9999 727 1026 1405 1274 102 2586 469 1804 1752 1626 2019 725 682 2546 
5107 2569 2029 1888 1413 1414 1431 1817 2971 1422 1191 2164 1280 2077 1973 1152 2758 1608 2351 712 727 9999 302 677 551 760 1862 273 1081 1025 901 1292 5 1126 1820 
4805 2270 1730 1589 1325 1177 1297 1535 2670 1198 1090 1863 1128 1777 1683 1037 2457 1310 2051 449 1026 302 9999 385 249 1052 1561 575 799 726 600 999 304 1354 1520 
4456 1942 1407 1213 1173 834 1085 1150 2327 871 942 1524 906 1446 1399 875 2119 932 1715 143 1405 677 385 9999 171 1435 1194 943 416 353 242 615 680 1727 1149 
4557 2026 1486 1343 1296 1005 1226 1308 2422 1040 1061 1616 1049 1531 1449 998 2211 1067 1804 291 1274 551 249 171 9999 1297 1312 824 580 482 354 762 553 1563 1272 
5821 3272 2735 2639 1993 2153 2070 2577 3685 2151 1805 2883 1945 2789 2645 1785 3470 2362 3064 1470 102 760 1052 1435 1297 9999 2606 518 1841 1778 1650 2050 756 580 2568 
3268 832 425 133 1761 969 1550 503 1161 1052 1628 415 1433 402 634 1564 965 305 597 1212 2586 1862 1561 1194 1312 2606 9999 2133 858 842 962 617 1865 2801 71 
5380 2842 2302 2155 1520 1635 1575 2069 3244 1634 1317 2438 1440 2350 2243 1289 3031 1874 2625 962 469 273 575 943 824 518 2133 9999 1337 1294 1171 1555 272 976 2090 
4122 1665 1158 847 1076 484 918 737 2018 546 882 1237 750 1179 1220 810 1819 565 1430 376 1804 1081 799 416 580 1841 858 1337 9999 206 293 242 1085 2143 801 
4104 1602 1073 863 1260 686 1114 842 1979 751 1054 1179 942 1106 1096 982 1772 584 1372 389 1752 1025 726 353 482 1778 842 1294 206 9999 132 286 1028 2031 796 
4217 1701 1166 989 1276 774 1149 973 2087 831 1058 1283 972 1204 1165 986 1878 714 1474 315 1626 901 600 242 354 1650 962 1171 293 132 9999 418 903 1899 920 
3881 1428 931 609 1246 530 1062 557 1777 612 1074 1000 911 947 1018 1004 1578 325 1193 606 2019 1292 999 615 762 2050 617 1555 242 286 418 9999 1295 2316 560 
5108 2571 2031 1891 1418 1418 1436 1821 2972 1427 1197 2166 1285 2079 1974 1157 2760 1611 2353 716 725 5 304 680 553 756 1865 272 1085 1028 903 1295 9999 1121 1823 
5901 3362 2845 2859 2496 2527 2543 2869 3788 2542 2290 3012 2399 2909 2706 2258 3573 2600 3177 1803 682 1126 1354 1727 1563 580 2801 976 2143 2031 1899 2316 1121 9999 2776 
3322 901 492 98 1690 898 1479 439 1222 981 1559 486 1363 472 692 1495 1030 240 667 1160 2546 1820 1520 1149 1272 2568 71 2090 801 796 920 560 1823 2776 9999 
