NAME: ds_1018_courier_1558
TYPE: TSP
COMMENT: nil
DIMENSION: 7
EDGE_WEIGHT_TYPE: EXPLICIT
EDGE_WEIGHT_FORMAT: FULL_MATRIX
EDGE_WEIGHT_SECTION
9999 41 27 33 13 44 593 
41 9999 16 11 29 7 605 
27 16 9999 14 15 21 594 
33 11 14 9999 22 11 609 
13 29 15 22 9999 32 595 
44 7 21 11 32 9999 612 
593 605 594 609 595 612 9999 
