NAME: ds_809_courier_4849
TYPE: TSP
COMMENT: nil
DIMENSION: 24
EDGE_WEIGHT_TYPE: EXPLICIT
EDGE_WEIGHT_FORMAT: FULL_MATRIX
EDGE_WEIGHT_SECTION
9999 2496 3254 3155 3388 3720 3951 2660 2654 3231 2165 2611 3284 3156 3429 3646 3705 3607 3031 3204 3436 3821 3956 3230 
2496 9999 976 726 928 1225 1456 453 816 975 588 666 910 715 939 1161 1209 1153 1028 722 1050 1335 1463 1067 
3254 976 9999 358 442 935 986 613 663 41 1089 654 189 388 628 1011 893 523 396 535 1264 1106 1134 188 
3155 726 358 9999 241 710 853 520 773 384 1024 692 207 30 364 741 676 452 666 189 926 873 943 532 
3388 928 442 241 9999 503 616 762 992 480 1265 924 255 234 187 569 464 225 821 223 850 673 722 630 
3720 1225 935 710 503 9999 274 1203 1483 975 1682 1399 754 690 347 159 43 457 1322 568 585 172 243 1118 
3951 1456 986 853 616 274 9999 1371 1601 1027 1868 1539 831 841 525 422 268 464 1382 755 844 320 214 1153 
2660 453 613 520 762 1203 1371 9999 393 599 507 251 624 530 861 1199 1174 965 578 636 1247 1353 1444 654 
2654 816 663 773 992 1483 1601 393 9999 629 548 150 776 795 1137 1509 1447 1150 378 938 1615 1645 1712 587 
3231 975 41 384 480 975 1027 599 629 9999 1067 626 226 414 665 1050 933 564 355 565 1297 1146 1175 152 
2165 588 1089 1024 1265 1682 1868 507 548 1067 9999 461 1127 1032 1350 1656 1656 1472 912 1119 1618 1820 1925 1078 
2611 666 654 692 924 1399 1539 251 150 626 461 9999 732 709 1053 1412 1366 1102 455 841 1491 1557 1635 620 
3284 910 189 207 255 754 831 624 776 226 1127 732 9999 232 439 824 713 375 569 359 1079 925 963 377 
3156 715 388 30 234 690 841 530 795 414 1032 709 232 9999 344 716 657 452 695 160 896 851 925 562 
3429 939 628 364 187 347 525 861 1137 665 1350 1053 439 344 9999 387 314 298 998 231 671 508 583 815 
3646 1161 1011 741 569 159 422 1199 1509 1050 1656 1412 824 716 387 9999 190 577 1386 572 426 175 322 1199 
3705 1209 893 676 464 43 268 1174 1447 933 1656 1366 713 657 314 190 9999 413 1282 539 611 214 270 1076 
3607 1153 523 452 225 457 464 965 1150 564 1472 1102 375 452 298 577 413 9999 919 441 942 623 622 692 
3031 1028 396 666 821 1322 1382 578 378 355 912 455 569 695 998 1386 1282 919 9999 855 1589 1493 1528 247 
3204 722 535 189 223 568 755 636 938 565 1119 841 359 160 231 572 539 441 855 9999 737 718 809 715 
3436 1050 1264 926 850 585 844 1247 1615 1297 1618 1491 1079 896 671 426 611 942 1589 737 9999 545 701 1449 
3821 1335 1106 873 673 172 320 1353 1645 1146 1820 1557 925 851 508 175 214 623 1493 718 545 9999 158 1290 
3956 1463 1134 943 722 243 214 1444 1712 1175 1925 1635 963 925 583 322 270 622 1528 809 701 158 9999 1310 
3230 1067 188 532 630 1118 1153 654 587 152 1078 620 377 562 815 1199 1076 692 247 715 1449 1290 1310 9999 
