NAME: ds_829_courier_2688
TYPE: TSP
COMMENT: nil
DIMENSION: 27
EDGE_WEIGHT_TYPE: EXPLICIT
EDGE_WEIGHT_FORMAT: FULL_MATRIX
EDGE_WEIGHT_SECTION
9999 4841 5251 5091 4586 4559 4893 5058 4177 4029 5327 3044 3013 3233 3537 3838 3563 3613 2694 3326 2822 3099 3256 3202 3991 3266 5067 
4841 9999 410 255 259 288 75 389 688 857 502 1873 1871 1706 1500 1065 1334 1236 2166 1546 2019 1744 1590 1658 869 1588 597 
5251 410 9999 163 666 696 360 403 1088 1259 137 2277 2278 2107 1886 1465 1737 1646 2576 1954 2429 2154 1999 2064 1272 1997 588 
5091 255 163 9999 505 543 198 383 925 1111 249 2128 2126 1960 1749 1319 1588 1490 2420 1801 2269 1996 1838 1902 1109 1842 518 
4586 259 666 505 9999 107 308 594 431 637 745 1637 1629 1476 1296 843 1102 989 1918 1304 1764 1492 1333 1400 610 1340 688 
4559 288 696 543 107 9999 353 558 448 571 790 1584 1583 1418 1221 779 1046 950 1880 1258 1738 1460 1316 1389 614 1301 786 
4893 75 360 198 308 353 9999 414 728 924 439 1936 1932 1771 1571 1132 1398 1294 2224 1607 2072 1799 1640 1705 912 1646 530 
5058 389 403 383 594 558 414 9999 1006 1028 539 2034 2050 1852 1596 1222 1499 1451 2364 1733 2251 1967 1847 1928 1170 1792 895 
4177 688 1088 925 431 448 728 1006 9999 449 1152 1299 1273 1163 1061 602 800 634 1538 957 1362 1102 922 980 186 973 948 
4029 857 1259 1111 637 571 924 1028 449 9999 1359 1020 1027 849 661 208 479 431 1337 706 1228 942 849 945 420 764 1302 
5327 502 137 249 745 790 439 539 1152 1359 9999 2375 2371 2208 1998 1567 1836 1733 2663 2046 2507 2236 2071 2132 1338 2085 521 
3044 1873 2277 2128 1637 1584 1936 2034 1299 1020 2375 9999 104 191 512 816 540 665 386 343 467 359 580 648 1134 350 2246 
3013 1871 2278 2126 1629 1583 1932 2050 1273 1027 2371 104 9999 252 578 828 551 643 327 325 368 267 498 557 1102 303 2220 
3233 1706 2107 1960 1476 1418 1771 1852 1163 849 2208 191 252 9999 326 642 374 536 571 242 606 410 580 671 1010 303 2105 
3537 1500 1886 1749 1296 1221 1571 1596 1061 661 1998 512 578 326 9999 465 311 527 896 413 918 681 777 885 946 512 1963 
3838 1065 1465 1319 843 779 1132 1222 602 208 1567 816 828 642 465 9999 277 292 1144 513 1055 769 716 821 513 583 1499 
3563 1334 1737 1588 1102 1046 1398 1499 800 479 1836 540 551 374 311 277 9999 216 870 244 801 520 529 640 662 328 1735 
3613 1236 1646 1490 989 950 1294 1451 634 431 1733 665 643 536 527 292 216 9999 930 323 800 515 426 530 475 352 1582 
2694 2166 2576 2420 1918 1880 2224 2364 1538 1337 2663 386 327 571 896 1144 870 930 9999 632 264 439 657 662 1357 579 2477 
3326 1546 1954 1801 1304 1258 1607 1733 957 706 2046 343 325 242 413 513 244 323 632 9999 559 286 370 475 792 100 1904 
2822 2019 2429 2269 1764 1738 2072 2251 1362 1228 2507 467 368 606 918 1055 801 800 264 559 9999 287 444 422 1176 474 2282 
3099 1744 2154 1996 1492 1460 1799 1967 1102 942 2236 359 267 410 681 769 520 515 439 286 287 9999 238 290 920 192 2038 
3256 1590 1999 1838 1333 1316 1640 1847 922 849 2071 580 498 580 777 716 529 426 657 370 444 238 9999 111 735 280 1838 
3202 1658 2064 1902 1400 1389 1705 1928 980 945 2132 648 557 671 885 821 640 530 662 475 422 290 111 9999 794 380 1875 
3991 869 1272 1109 610 614 912 1170 186 420 1338 1134 1102 1010 946 513 662 475 1357 792 1176 920 735 794 9999 799 1121 
3266 1588 1997 1842 1340 1301 1646 1792 973 764 2085 350 303 303 512 583 328 352 579 100 474 192 280 380 799 9999 1919 
5067 597 588 518 688 786 530 895 948 1302 521 2246 2220 2105 1963 1499 1735 1582 2477 1904 2282 2038 1838 1875 1121 1919 9999 
