NAME: ds_612_courier_638
TYPE: TSP
COMMENT: nil
DIMENSION: 27
EDGE_WEIGHT_TYPE: EXPLICIT
EDGE_WEIGHT_FORMAT: FULL_MATRIX
EDGE_WEIGHT_SECTION
9999 1172 1429 1451 1495 1372 1689 1792 1227 1420 1466 1338 1176 1140 1226 1248 1030 1296 1282 1674 1488 1311 59 1597 1572 1014 1046 
1172 9999 584 551 405 1002 518 632 343 1162 1172 317 78 729 608 506 216 148 158 579 331 145 1160 426 403 1182 418 
1429 584 9999 63 331 542 638 630 261 709 700 280 660 414 245 182 509 651 687 968 488 610 1440 668 564 951 388 
1451 551 63 9999 271 605 575 567 250 772 762 238 625 469 296 214 499 607 644 910 430 565 1459 608 503 1007 405 
1495 405 331 271 9999 869 312 339 300 1037 1030 163 461 688 515 401 468 400 439 642 165 355 1493 337 233 1224 501 
1372 1002 542 605 869 9999 1179 1169 673 168 170 774 1079 302 395 507 830 1115 1144 1487 1015 1081 1404 1200 1099 535 610 
1689 518 638 575 312 1179 9999 140 588 1347 1337 448 530 998 826 711 677 417 446 399 212 389 1677 127 118 1529 778 
1792 632 630 567 339 1169 140 9999 637 1334 1319 497 654 1020 845 735 767 546 577 518 304 513 1784 267 232 1559 837 
1227 343 261 250 300 673 588 637 9999 837 842 141 421 429 279 167 249 443 473 827 385 408 1230 566 481 945 202 
1420 1162 709 772 1037 168 1347 1334 837 9999 51 942 1238 443 559 673 982 1278 1306 1655 1183 1245 1457 1368 1267 486 759 
1466 1172 700 762 1030 170 1337 1319 842 51 9999 941 1249 462 565 677 998 1285 1313 1654 1179 1251 1503 1363 1261 538 776 
1338 317 280 238 163 774 448 497 141 942 941 9999 389 557 393 274 319 372 408 713 250 330 1338 435 344 1082 340 
1176 78 660 625 461 1079 530 654 421 1238 1249 389 9999 803 686 585 277 120 110 535 363 141 1160 425 422 1245 490 
1140 729 414 469 688 302 998 1020 429 443 462 557 803 9999 176 287 540 855 879 1256 807 826 1164 991 900 540 318 
1226 608 245 296 515 395 826 845 279 559 565 393 686 176 9999 118 451 720 748 1102 642 686 1243 827 732 716 247 
1248 506 182 214 401 507 711 735 167 673 677 274 585 287 118 9999 375 609 639 985 524 574 1259 709 615 823 212 
1030 216 509 499 468 830 677 767 249 982 998 319 277 540 451 375 9999 362 374 793 468 351 1026 609 559 968 223 
1296 148 651 607 400 1115 417 546 443 1278 1285 372 120 855 720 609 362 9999 39 431 272 44 1280 307 314 1324 554 
1282 158 687 644 439 1144 446 577 473 1306 1313 408 110 879 748 639 374 39 9999 426 310 84 1264 331 347 1340 574 
1674 579 968 910 642 1487 399 518 827 1655 1654 713 535 1256 1102 985 793 431 426 9999 480 445 1649 310 415 1749 973 
1488 331 488 430 165 1015 212 304 385 1183 1179 250 363 807 642 524 468 272 310 480 9999 232 1480 186 97 1329 569 
1311 145 610 565 355 1081 389 513 408 1245 1251 330 141 826 686 574 351 44 84 445 232 9999 1296 287 282 1305 531 
59 1160 1440 1459 1493 1404 1677 1784 1230 1457 1503 1338 1160 1164 1243 1259 1026 1280 1264 1649 1480 1296 9999 1583 1561 1061 1054 
1597 426 668 608 337 1200 127 267 566 1368 1363 435 425 991 827 709 609 307 331 310 186 287 1583 9999 106 1509 741 
1572 403 564 503 233 1099 118 232 481 1267 1261 344 422 900 732 615 559 314 347 415 97 282 1561 106 9999 1425 666 
1014 1182 951 1007 1224 535 1529 1559 945 486 538 1082 1245 540 716 823 968 1324 1340 1749 1329 1305 1061 1509 1425 9999 776 
1046 418 388 405 501 610 778 837 202 759 776 340 490 318 247 212 223 554 574 973 569 531 1054 741 666 776 9999 
