NAME: ds_607_courier_949
TYPE: TSP
COMMENT: nil
DIMENSION: 23
EDGE_WEIGHT_TYPE: EXPLICIT
EDGE_WEIGHT_FORMAT: FULL_MATRIX
EDGE_WEIGHT_SECTION
9999 2271 2566 2540 3634 2114 4162 3869 2361 1974 1963 2179 3815 2149 3793 4066 2926 3873 3787 3671 4015 3993 3959 
2271 9999 690 784 1919 461 2739 2136 123 335 311 115 2111 341 1977 2504 1023 2165 2225 1832 2214 2238 2411 
2566 690 9999 127 1254 474 2051 1481 753 725 870 785 1448 497 1342 1826 382 1505 1543 1201 1580 1591 1730 
2540 784 127 9999 1205 496 1975 1437 857 773 932 871 1400 547 1312 1761 386 1458 1475 1175 1548 1552 1663 
3634 1919 1254 1205 9999 1702 880 237 1953 1975 2124 2025 195 1747 221 598 897 252 359 233 389 360 522 
2114 461 474 496 1702 9999 2451 1934 578 292 471 494 1896 120 1806 2251 855 1954 1963 1667 2043 2048 2151 
4162 2739 2051 1975 880 2451 9999 753 2787 2740 2906 2836 733 2519 956 316 1734 704 528 1071 832 740 361 
3869 2136 1481 1437 237 1934 753 9999 2163 2204 2350 2243 68 1976 204 442 1115 51 315 332 182 125 400 
2361 123 753 857 1953 578 2787 2163 9999 453 399 183 2142 458 1997 2543 1058 2195 2268 1852 2232 2261 2453 
1974 335 725 773 1975 292 2740 2204 453 9999 186 296 2170 229 2067 2534 1104 2227 2247 1926 2305 2316 2435 
1963 311 870 932 2124 471 2906 2350 399 186 9999 216 2319 387 2205 2692 1240 2375 2407 2062 2443 2459 2595 
2179 115 785 871 2025 494 2836 2243 183 296 216 9999 2217 379 2087 2606 1129 2272 2325 1942 2324 2347 2513 
3815 2111 1448 1400 195 1896 733 68 2142 2170 2319 2217 9999 1941 230 431 1088 59 263 338 250 187 373 
2149 341 497 547 1747 120 2519 1976 458 229 387 379 1941 9999 1839 2308 876 1998 2022 1697 2076 2087 2210 
3793 1977 1342 1312 221 1806 956 204 1997 2067 2205 2087 230 1839 9999 646 965 253 488 146 238 268 600 
4066 2504 1826 1761 598 2251 316 442 2543 2534 2692 2606 431 2308 646 9999 1485 394 289 768 517 424 107 
2926 1023 382 386 897 855 1734 1115 1058 1104 1240 1129 1088 876 965 1485 9999 1143 1211 822 1203 1220 1396 
3873 2165 1505 1458 252 1954 704 51 2195 2227 2375 2272 59 1998 253 394 1143 9999 268 376 214 137 349 
3787 2225 1543 1475 359 1963 528 315 2268 2247 2407 2325 263 2022 488 289 1211 268 9999 572 476 384 188 
3671 1832 1201 1175 233 1667 1071 332 1852 1926 2062 1942 338 1697 146 768 822 376 572 9999 382 412 710 
4015 2214 1580 1548 389 2043 832 182 2232 2305 2443 2324 250 2076 238 517 1203 214 476 382 9999 98 510 
3993 2238 1591 1552 360 2048 740 125 2261 2316 2459 2347 187 2087 268 424 1220 137 384 412 98 9999 412 
3959 2411 1730 1663 522 2151 361 400 2453 2435 2595 2513 373 2210 600 107 1396 349 188 710 510 412 9999 
