NAME: ds_731_courier_2688
TYPE: TSP
COMMENT: nil
DIMENSION: 42
EDGE_WEIGHT_TYPE: EXPLICIT
EDGE_WEIGHT_FORMAT: FULL_MATRIX
EDGE_WEIGHT_SECTION
9999 80 5255 3683 5025 5059 5045 4612 4674 4814 5231 2910 2885 3007 3998 3980 4241 4327 4451 5253 3253 3471 3904 2914 2645 2695 2659 2531 3034 3315 3352 3642 3777 4179 3851 4415 5102 6106 3381 3080 3343 5062 
80 9999 5288 3729 5058 5095 5080 4649 4706 4849 5264 2936 2911 3034 4029 4013 4278 4362 4483 5288 3291 3508 3940 2951 2677 2724 2686 2554 3062 3346 3388 3674 3805 4219 3892 4462 5145 6147 3424 3121 3388 5096 
5255 5288 9999 1734 243 234 223 690 585 449 26 2386 2413 2277 1265 1276 1038 934 817 92 2015 1798 1354 2349 2612 2573 2618 2778 2247 1947 1907 1615 1520 1160 1457 1230 720 1080 1960 2208 2036 194 
3683 3729 1734 9999 1554 1506 1511 1044 1239 1294 1708 1196 1219 1089 815 743 731 863 1106 1701 575 460 590 860 1205 1237 1299 1501 1064 806 583 674 920 575 342 737 1425 2434 321 649 340 1547 
5025 5058 243 1554 9999 208 153 523 352 266 224 2148 2174 2040 1030 1045 836 721 578 285 1796 1580 1133 2126 2381 2339 2382 2540 2010 1713 1684 1384 1279 981 1258 1132 771 1308 1759 1994 1842 105 
5059 5095 234 1506 208 9999 56 465 428 248 209 2214 2241 2102 1090 1091 825 732 662 198 1811 1593 1155 2148 2422 2390 2437 2605 2072 1764 1708 1429 1362 934 1239 1000 565 1165 1740 1999 1813 107 
5045 5080 223 1511 153 56 9999 468 395 231 197 2190 2217 2079 1066 1071 818 719 630 209 1800 1582 1141 2135 2405 2371 2416 2582 2049 1744 1695 1410 1333 937 1236 1029 619 1205 1738 1991 1814 56 
4612 4649 690 1044 523 465 468 9999 304 257 664 1805 1832 1690 705 686 372 312 402 662 1359 1141 718 1698 1987 1964 2014 2191 1659 1344 1263 1010 997 470 776 644 640 1535 1276 1541 1349 504 
4674 4706 585 1239 352 428 395 304 9999 202 562 1802 1828 1692 680 693 508 382 235 599 1446 1231 784 1775 2029 1989 2033 2194 1662 1363 1333 1032 939 680 926 944 844 1593 1422 1646 1509 397 
4814 4849 449 1294 266 248 231 257 202 9999 424 1966 1993 1854 843 843 589 488 425 439 1569 1351 910 1904 2176 2143 2189 2357 1824 1516 1464 1182 1117 719 1009 877 654 1401 1511 1760 1589 257 
5231 5264 26 1708 224 209 197 664 562 424 9999 2363 2390 2254 1241 1252 1012 909 794 86 1990 1773 1329 2324 2588 2550 2594 2755 2224 1923 1883 1591 1498 1134 1432 1206 705 1092 1934 2183 2010 169 
2910 2936 2386 1196 2148 2214 2190 1805 1802 1966 2363 9999 27 117 1124 1125 1444 1496 1570 2398 624 768 1094 473 351 247 260 392 147 466 628 795 874 1456 1156 1848 2392 3339 911 647 973 2198 
2885 2911 2413 1219 2174 2241 2217 1832 1828 1993 2390 27 9999 144 1151 1152 1471 1524 1597 2425 646 794 1121 484 340 231 239 365 174 493 653 822 900 1483 1182 1874 2419 3367 932 662 992 2225 
3007 3034 2277 1089 2040 2102 2079 1690 1692 1854 2254 117 144 9999 1013 1012 1328 1382 1462 2287 521 655 977 425 400 317 348 503 31 349 516 680 771 1339 1039 1732 2275 3224 813 571 882 2088 
3998 4029 1265 815 1030 1090 1066 705 680 843 1241 1124 1151 1013 9999 75 398 395 454 1274 807 609 226 1117 1352 1309 1353 1516 983 684 682 359 294 531 483 1000 1333 2230 867 1017 973 1075 
3980 4013 1276 743 1045 1091 1071 686 693 843 1252 1125 1152 1012 75 9999 353 374 478 1280 767 562 153 1087 1336 1300 1346 1515 981 673 647 340 333 468 408 938 1303 2218 808 975 911 1084 
4241 4278 1038 731 836 825 818 372 508 589 1012 1444 1471 1328 398 353 9999 135 395 1022 988 770 351 1327 1616 1595 1647 1827 1297 980 891 650 686 202 423 631 956 1899 924 1174 1006 845 
4327 4362 934 863 721 732 719 312 382 488 909 1496 1524 1382 395 374 135 9999 263 926 1081 864 423 1417 1691 1663 1711 1884 1352 1039 976 704 688 332 545 724 940 1844 1041 1275 1128 740 
4451 4483 817 1106 578 662 630 402 235 425 794 1570 1597 1462 454 478 395 263 9999 835 1243 1033 589 1564 1806 1762 1804 1962 1432 1137 1124 811 704 595 773 962 1024 1824 1250 1448 1345 632 
5253 5288 92 1701 285 198 209 662 599 439 86 2398 2425 2287 1274 1280 1022 926 835 9999 2006 1789 1349 2343 2614 2579 2625 2790 2257 1953 1902 1619 1539 1130 1437 1169 631 1023 1938 2196 2011 204 
3253 3291 2015 575 1796 1811 1800 1359 1446 1569 1990 624 646 521 807 767 988 1081 1243 2006 9999 218 662 340 659 672 733 933 499 318 131 464 708 935 608 1263 1877 2865 294 213 376 1821 
3471 3508 1798 460 1580 1593 1582 1141 1231 1351 1773 768 794 655 609 562 770 864 1033 1789 218 9999 447 557 862 862 919 1114 627 346 141 301 567 724 402 1081 1668 2652 301 416 412 1604 
3904 3940 1354 590 1133 1155 1141 718 784 910 1329 1094 1121 977 226 153 351 423 589 1349 662 447 9999 995 1270 1246 1297 1476 947 629 553 302 411 394 258 853 1300 2250 667 863 768 1161 
2914 2951 2349 860 2126 2148 2135 1698 1775 1904 2324 473 484 425 1117 1087 1327 1417 1564 2343 340 557 995 9999 347 400 463 663 422 486 442 760 963 1274 946 1580 2213 3205 541 216 565 2155 
2645 2677 2612 1205 2381 2422 2405 1987 2029 2176 2588 351 340 400 1352 1336 1616 1691 1806 2614 659 862 1270 347 9999 119 159 331 421 670 729 997 1142 1586 1263 1918 2531 3511 887 563 911 2420 
2695 2724 2573 1237 2339 2390 2371 1964 1989 2143 2550 247 231 317 1309 1300 1595 1663 1762 2579 672 862 1246 400 119 9999 63 265 343 627 723 961 1082 1581 1263 1935 2525 3494 926 613 962 2383 
2659 2686 2618 1299 2382 2437 2416 2014 2033 2189 2594 260 239 348 1353 1346 1647 1711 1804 2625 733 919 1297 463 159 63 9999 202 376 673 780 1008 1119 1636 1320 1995 2580 3546 989 676 1025 2428 
2531 2554 2778 1501 2540 2605 2582 2191 2194 2357 2755 392 365 503 1516 1515 1827 1884 1962 2790 933 1114 1476 663 331 265 202 9999 533 847 974 1181 1265 1826 1514 2193 2767 3725 1191 877 1226 2590 
3034 3062 2247 1064 2010 2072 2049 1659 1662 1824 2224 147 174 31 983 981 1297 1352 1432 2257 499 627 947 422 421 343 376 533 9999 318 489 649 743 1309 1010 1704 2244 3194 792 558 863 2058 
3315 3346 1947 806 1713 1764 1744 1344 1363 1516 1923 466 493 349 684 673 980 1039 1137 1953 318 346 629 486 670 627 673 847 318 9999 233 335 484 992 701 1398 1926 2878 589 489 685 1756 
3352 3388 1907 583 1684 1708 1695 1263 1333 1464 1883 628 653 516 682 647 891 976 1124 1902 131 141 553 442 729 723 780 974 489 233 9999 334 577 859 541 1223 1804 2782 358 343 459 1714 
3642 3674 1615 674 1384 1429 1410 1010 1032 1182 1591 795 822 680 359 340 650 704 811 1619 464 301 302 760 997 961 1008 1181 649 335 334 9999 267 687 445 1126 1602 2545 598 677 709 1423 
3777 3805 1520 920 1279 1362 1333 997 939 1117 1498 874 900 771 294 333 686 688 704 1539 708 567 411 963 1142 1082 1119 1265 743 484 577 267 9999 792 641 1259 1627 2513 865 917 977 1336 
4179 4219 1160 575 981 934 937 470 680 719 1134 1456 1483 1339 531 468 202 332 595 1130 935 724 394 1274 1586 1581 1636 1826 1309 992 859 687 792 9999 328 470 945 1931 814 1099 881 973 
3851 3892 1457 342 1258 1239 1236 776 926 1009 1432 1156 1182 1039 483 408 423 545 773 1437 608 402 258 946 1263 1263 1320 1514 1010 701 541 445 641 328 9999 697 1268 2259 502 772 584 1265 
4415 4462 1230 737 1132 1000 1029 644 944 877 1206 1848 1874 1732 1000 938 631 724 962 1169 1263 1081 853 1580 1918 1935 1995 2193 1704 1398 1223 1126 1259 470 697 9999 728 1728 1053 1377 1075 1080 
5102 5145 720 1425 771 565 619 640 844 654 705 2392 2419 2275 1333 1303 956 940 1024 631 1877 1668 1300 2213 2531 2525 2580 2767 2244 1926 1804 1602 1627 945 1268 728 9999 1009 1721 2028 1764 672 
6106 6147 1080 2434 1308 1165 1205 1535 1593 1401 1092 3339 3367 3224 2230 2218 1899 1844 1824 1023 2865 2652 2250 3205 3511 3494 3546 3725 3194 2878 2782 2545 2513 1931 2259 1728 1009 9999 2726 3027 2772 1219 
3381 3424 1960 321 1759 1740 1738 1276 1422 1511 1934 911 932 813 867 808 924 1041 1250 1938 294 301 667 541 887 926 989 1191 792 589 358 598 865 814 502 1053 1721 2726 9999 328 111 1768 
3080 3121 2208 649 1994 1999 1991 1541 1646 1760 2183 647 662 571 1017 975 1174 1275 1448 2196 213 416 863 216 563 613 676 877 558 489 343 677 917 1099 772 1377 2028 3027 328 9999 349 2015 
3343 3388 2036 340 1842 1813 1814 1349 1509 1589 2010 973 992 882 973 911 1006 1128 1345 2011 376 412 768 565 911 962 1025 1226 863 685 459 709 977 881 584 1075 1764 2772 111 349 9999 1846 
5062 5096 194 1547 105 107 56 504 397 257 169 2198 2225 2088 1075 1084 845 740 632 204 1821 1604 1161 2155 2420 2383 2428 2590 2058 1756 1714 1423 1336 973 1265 1080 672 1219 1768 2015 1846 9999 
