NAME: ds_725_courier_435
TYPE: TSP
COMMENT: nil
DIMENSION: 20
EDGE_WEIGHT_TYPE: EXPLICIT
EDGE_WEIGHT_FORMAT: FULL_MATRIX
EDGE_WEIGHT_SECTION
9999 410 1171 1550 966 286 1477 1007 867 1037 1313 1132 985 1481 1141 666 800 723 482 38 
410 9999 761 1140 918 136 1080 1052 457 954 922 743 1045 1071 1042 255 789 357 86 393 
1171 761 9999 380 1244 890 410 1466 306 1215 358 313 1479 311 1247 506 1212 538 695 1154 
1550 1140 380 9999 1511 1268 297 1746 686 1463 468 566 1765 70 1472 885 1510 902 1075 1533 
966 918 1244 1511 9999 869 1274 240 1085 101 1570 1435 267 1454 199 967 171 1197 978 992 
286 136 890 1268 869 9999 1191 977 588 918 1058 878 965 1198 1013 385 725 487 219 275 
1477 1080 410 297 1274 1191 9999 1513 668 1215 674 703 1536 278 1213 835 1297 929 1031 1467 
1007 1052 1466 1746 240 977 1513 9999 1284 318 1781 1637 40 1687 377 1145 270 1364 1123 1039 
867 457 306 686 1085 588 668 1284 9999 1079 510 353 1291 617 1135 204 1017 270 389 848 
1037 954 1215 1463 101 918 1215 318 1079 9999 1551 1423 350 1408 106 977 261 1212 1009 1061 
1313 922 358 468 1570 1058 674 1781 510 1551 9999 181 1790 432 1591 696 1518 593 840 1287 
1132 743 313 566 1435 878 703 1637 353 1423 181 9999 1644 512 1472 525 1370 412 660 1106 
985 1045 1479 1765 267 965 1536 40 1291 350 1790 1644 9999 1705 414 1146 274 1362 1118 1018 
1481 1071 311 70 1454 1198 278 1687 617 1408 432 512 1705 9999 1421 815 1449 836 1005 1464 
1141 1042 1247 1472 199 1013 1213 377 1135 106 1591 1472 414 1421 9999 1048 365 1284 1092 1164 
666 255 506 885 967 385 835 1145 204 977 696 525 1146 815 1048 9999 875 237 197 649 
800 789 1212 1510 171 725 1297 270 1017 261 1518 1370 274 1449 365 875 9999 1094 858 827 
723 357 538 902 1197 487 929 1364 270 1212 593 412 1362 836 1284 237 1094 9999 271 696 
482 86 695 1075 978 219 1031 1123 389 1009 840 660 1118 1005 1092 197 858 271 9999 461 
38 393 1154 1533 992 275 1467 1039 848 1061 1287 1106 1018 1464 1164 649 827 696 461 9999 
