NAME: ds_706_courier_2688
TYPE: TSP
COMMENT: nil
DIMENSION: 25
EDGE_WEIGHT_TYPE: EXPLICIT
EDGE_WEIGHT_FORMAT: FULL_MATRIX
EDGE_WEIGHT_SECTION
9999 80 6002 5012 4601 5071 5063 5192 2616 2898 3591 4262 4222 3745 2781 3103 3051 3637 3631 45 3916 4399 4240 4310 5985 
80 9999 6045 5044 4634 5108 5098 5227 2640 2924 3617 4300 4255 3784 2817 3134 3088 3672 3655 46 3956 4445 4276 4358 6026 
6002 6045 9999 1277 1565 1033 1083 1010 3536 3250 2644 1777 1921 2272 3249 2997 2971 2425 2642 6041 2094 1621 1825 1736 121 
5012 5044 1277 9999 417 338 256 268 2429 2138 1468 829 790 1330 2237 1912 1978 1382 1449 5047 1201 1093 810 1253 1197 
4601 4634 1565 417 9999 532 492 603 2032 1740 1091 436 381 916 1822 1506 1562 967 1082 4636 797 827 399 974 1505 
5071 5108 1033 338 532 9999 83 184 2538 2248 1618 811 897 1331 2291 2003 2020 1441 1612 5108 1172 901 833 1059 974 
5063 5098 1083 256 492 83 9999 140 2515 2224 1583 810 867 1331 2281 1984 2012 1427 1574 5099 1178 947 822 1107 1016 
5192 5227 1010 268 603 184 140 9999 2634 2343 1691 946 984 1466 2411 2106 2143 1555 1678 5228 1316 1081 954 1240 933 
2616 2640 3536 2429 2032 2538 2515 2634 9999 291 978 1760 1650 1297 447 540 664 1113 1015 2648 1479 2057 1713 2030 3498 
2898 2924 3250 2138 1740 2248 2224 2343 291 9999 694 1476 1359 1029 380 264 475 831 735 2931 1210 1796 1426 1780 3210 
3591 3617 2644 1468 1091 1618 1583 1691 978 694 9999 927 723 680 909 526 744 438 69 3624 809 1373 849 1415 2591 
4262 4300 1777 829 436 811 810 946 1760 1476 927 9999 313 521 1485 1220 1211 648 946 4299 373 523 102 632 1742 
4222 4255 1921 790 381 897 867 984 1650 1359 723 313 9999 597 1448 1125 1193 597 723 4258 533 835 211 942 1869 
3745 3784 2272 1330 916 1331 1331 1466 1297 1029 680 521 597 9999 977 765 699 247 732 3783 183 769 521 770 2246 
2781 2817 3249 2237 1822 2291 2281 2411 447 380 909 1485 1448 977 9999 385 279 856 968 2818 1156 1700 1459 1651 3222 
3103 3134 2997 1912 1506 2003 1984 2106 540 264 526 1220 1125 765 385 9999 300 573 583 3138 946 1532 1175 1518 2959 
3051 3088 2971 1978 1562 2020 2012 2143 664 475 744 1211 1193 699 279 300 9999 597 810 3088 878 1424 1190 1381 2945 
3637 3672 2425 1382 967 1441 1427 1555 1113 831 438 648 597 247 856 573 597 9999 494 3673 404 994 608 1010 2389 
3631 3655 2642 1449 1082 1612 1574 1678 1015 735 69 946 723 732 968 583 810 494 9999 3663 852 1407 863 1455 2586 
45 46 6041 5047 4636 5108 5099 5228 2648 2931 3624 4299 4258 3783 2818 3138 3088 3673 3663 9999 3954 4439 4277 4351 6023 
3916 3956 2094 1201 797 1172 1178 1316 1479 1210 809 373 533 183 1156 946 878 404 852 3954 9999 592 400 609 2071 
4399 4445 1621 1093 827 901 947 1081 2057 1796 1373 523 835 769 1700 1532 1424 994 1407 4439 592 9999 625 160 1622 
4240 4276 1825 810 399 833 822 954 1713 1426 849 102 211 521 1459 1175 1190 608 863 4277 400 625 9999 732 1784 
4310 4358 1736 1253 974 1059 1107 1240 2030 1780 1415 632 942 770 1651 1518 1381 1010 1455 4351 609 160 732 9999 1745 
5985 6026 121 1197 1505 974 1016 933 3498 3210 2591 1742 1869 2246 3222 2959 2945 2389 2586 6023 2071 1622 1784 1745 9999 
