NAME: ds_920_courier_1520
TYPE: TSP
COMMENT: nil
DIMENSION: 18
EDGE_WEIGHT_TYPE: EXPLICIT
EDGE_WEIGHT_FORMAT: FULL_MATRIX
EDGE_WEIGHT_SECTION
9999 80 1770 205 1199 1691 1735 1097 523 594 648 584 1111 1881 1480 1282 1770 1877 
80 9999 1690 284 1119 1622 1654 1028 561 585 701 520 1033 1806 1407 1202 1693 1805 
1770 1690 9999 1970 581 1000 54 917 2015 1727 2208 1363 770 794 818 491 320 899 
205 284 1970 9999 1402 1883 1936 1264 445 633 516 773 1316 2081 1679 1481 1961 2075 
1199 1119 581 1402 9999 870 540 605 1497 1247 1688 789 259 867 602 163 681 922 
1691 1622 1000 1883 870 9999 950 1473 2137 1972 2307 1110 709 328 271 990 1295 246 
1735 1654 54 1936 540 950 9999 909 1991 1708 2184 1318 722 752 765 462 359 855 
1097 1028 917 1264 605 1473 909 9999 1172 851 1362 995 795 1458 1203 520 771 1522 
523 561 2015 445 1497 2137 1991 1172 9999 338 193 1068 1486 2283 1901 1531 1934 2298 
594 585 1727 633 1247 1972 1708 851 338 9999 517 992 1283 2078 1719 1256 1621 2107 
648 701 2208 516 1688 2307 2184 1362 193 517 9999 1220 1669 2464 2077 1723 2126 2475 
584 520 1363 773 789 1110 1318 995 1068 992 1220 9999 612 1320 914 922 1455 1307 
1111 1033 770 1316 259 709 722 795 1486 1283 1669 612 9999 798 442 421 925 823 
1881 1806 794 2081 867 328 752 1458 2283 2078 2464 1320 798 9999 407 941 1110 114 
1480 1407 818 1679 602 271 765 1203 1901 1719 2077 914 442 407 9999 729 1085 398 
1282 1202 491 1481 163 990 462 520 1531 1256 1723 922 421 941 729 9999 534 1011 
1770 1693 320 1961 681 1295 359 771 1934 1621 2126 1455 925 1110 1085 534 9999 1213 
1877 1805 899 2075 922 246 855 1522 2298 2107 2475 1307 823 114 398 1011 1213 9999 
