NAME: ds_909_courier_1103
TYPE: TSP
COMMENT: nil
DIMENSION: 33
EDGE_WEIGHT_TYPE: EXPLICIT
EDGE_WEIGHT_FORMAT: FULL_MATRIX
EDGE_WEIGHT_SECTION
9999 3664 3595 3268 3058 2275 2292 2719 2244 2206 2905 2288 2222 2130 1945 2006 2118 2235 1953 1913 2129 294 477 254 536 454 646 736 525 528 788 919 400 
3664 9999 1065 1095 1155 3053 2926 1344 3389 3300 3574 3195 2726 2819 2568 2463 2429 2239 2531 2251 2623 3559 3227 3414 3512 3220 3570 3831 3770 3732 3755 3919 3701 
3595 1065 9999 327 536 2334 2206 876 2679 2598 2712 2470 2041 2157 2009 1901 1826 1629 1976 1802 1982 3574 3237 3368 3600 3200 3690 3956 3842 3809 3903 4083 3744 
3268 1095 327 9999 210 2082 1953 550 2427 2343 2521 2221 1775 1886 1713 1604 1536 1337 1678 1486 1704 3250 2913 3042 3279 2875 3370 3636 3519 3486 3585 3766 3420 
3058 1155 536 210 9999 1939 1810 340 2282 2196 2422 2080 1623 1729 1534 1425 1364 1166 1499 1290 1541 3040 2704 2832 3071 2665 3163 3429 3311 3278 3379 3560 3211 
2275 3053 2334 2082 1939 9999 129 1709 345 266 738 142 332 275 619 683 664 828 649 980 461 2448 2226 2180 2624 2139 2754 2953 2756 2743 2965 3134 2623 
2292 2926 2206 1953 1810 129 9999 1582 474 393 810 270 214 196 536 586 553 707 561 884 355 2451 2216 2183 2618 2131 2748 2955 2761 2746 2962 3134 2629 
2719 1344 876 550 340 1709 1582 9999 2045 1956 2263 1851 1382 1476 1244 1136 1091 897 1208 969 1281 2706 2370 2494 2742 2329 2838 3102 2979 2947 3055 3238 2877 
2244 3389 2679 2427 2282 345 474 2045 9999 92 662 210 663 575 886 971 975 1154 921 1254 773 2450 2268 2186 2646 2177 2778 2954 2749 2741 2978 3138 2616 
2206 3300 2598 2343 2196 266 393 1956 92 9999 704 144 575 484 795 879 883 1063 830 1162 681 2405 2214 2140 2597 2124 2729 2910 2707 2698 2932 3094 2574 
2905 3574 2712 2521 2422 738 810 2263 662 704 9999 657 1012 1001 1345 1393 1346 1467 1371 1691 1159 3108 2917 2844 3301 2827 3433 3614 3409 3401 3636 3797 3276 
2288 3195 2470 2221 2080 142 270 1851 210 144 657 9999 472 403 739 811 799 968 771 1105 596 2475 2269 2208 2660 2180 2791 2981 2780 2769 2998 3163 2647 
2222 2726 2041 1775 1623 332 214 1382 663 575 1012 472 9999 126 351 382 339 496 370 679 148 2360 2105 2093 2513 2023 2641 2859 2671 2654 2859 3035 2541 
2130 2819 2157 1886 1729 275 196 1476 575 484 1001 403 126 9999 346 409 400 581 374 705 198 2278 2034 2010 2439 1950 2568 2780 2589 2573 2784 2958 2458 
1945 2568 2009 1713 1534 619 536 1244 886 795 1345 739 351 346 9999 109 196 382 37 368 212 2058 1786 1795 2197 1708 2323 2549 2368 2349 2543 2722 2241 
2006 2463 1901 1604 1425 683 586 1136 971 879 1393 811 382 409 109 9999 112 277 75 298 234 2107 1825 1846 2237 1750 2360 2593 2416 2395 2582 2763 2290 
2118 2429 1826 1536 1364 664 553 1091 975 883 1346 799 339 400 196 112 9999 199 173 357 204 2218 1934 1958 2346 1860 2469 2703 2527 2506 2691 2872 2401 
2235 2239 1629 1337 1166 828 707 897 1154 1063 1467 968 496 581 382 277 199 9999 351 354 385 2313 2015 2059 2425 1946 2544 2786 2619 2595 2768 2951 2496 
1953 2531 1976 1678 1499 649 561 1208 921 830 1371 771 370 374 37 75 173 351 9999 334 226 2062 1786 1799 2198 1710 2322 2551 2372 2352 2544 2723 2245 
1913 2251 1802 1486 1290 980 884 969 1254 1162 1691 1105 679 705 368 298 357 354 334 9999 531 1974 1669 1725 2078 1603 2195 2440 2277 2252 2419 2603 2157 
2129 2623 1982 1704 1541 461 355 1281 773 681 1159 596 148 198 212 234 204 385 226 531 9999 2255 1990 1989 2400 1910 2526 2750 2565 2547 2746 2924 2437 
294 3559 3574 3250 3040 2448 2451 2706 2450 2405 3108 2475 2360 2278 2058 2107 2218 2313 2062 1974 2255 9999 339 268 243 379 359 506 311 295 531 689 183 
477 3227 3237 2913 2704 2226 2216 2370 2268 2214 2917 2269 2105 2034 1786 1825 1934 2015 1786 1669 1990 339 9999 237 412 93 536 771 616 587 757 938 508 
254 3414 3368 3042 2832 2180 2183 2494 2186 2140 2844 2208 2093 2010 1795 1846 1958 2059 1799 1725 1989 268 237 9999 468 201 598 774 578 564 792 956 448 
536 3512 3600 3279 3071 2624 2618 2742 2646 2597 3301 2660 2513 2439 2197 2237 2346 2425 2198 2078 2400 243 412 468 9999 490 132 365 259 220 346 526 227 
454 3220 3200 2875 2665 2139 2131 2329 2177 2124 2827 2180 2023 1950 1708 1750 1860 1946 1710 1603 1910 379 93 201 490 9999 618 842 674 649 836 1014 557 
646 3570 3690 3370 3163 2754 2748 2838 2778 2729 3433 2791 2641 2568 2323 2360 2469 2544 2322 2195 2526 359 536 598 132 618 9999 267 245 207 224 408 282 
736 3831 3956 3636 3429 2953 2955 3102 2954 2910 3614 2981 2859 2780 2549 2593 2703 2786 2551 2440 2750 506 771 774 365 842 267 9999 212 213 106 184 341 
525 3770 3842 3519 3311 2756 2761 2979 2749 2707 3409 2780 2671 2589 2368 2416 2527 2619 2372 2277 2565 311 616 578 259 674 245 212 9999 40 275 395 133 
528 3732 3809 3486 3278 2743 2746 2947 2741 2698 3401 2769 2654 2573 2349 2395 2506 2595 2352 2252 2547 295 587 564 220 649 207 213 40 9999 261 398 129 
788 3755 3903 3585 3379 2965 2962 3055 2978 2932 3636 2998 2859 2784 2543 2582 2691 2768 2544 2419 2746 531 757 792 346 836 224 106 275 261 9999 185 388 
919 3919 4083 3766 3560 3134 3134 3238 3138 3094 3797 3163 3035 2958 2722 2763 2872 2951 2723 2603 2924 689 938 956 526 1014 408 184 395 398 185 9999 525 
400 3701 3744 3420 3211 2623 2629 2877 2616 2574 3276 2647 2541 2458 2241 2290 2401 2496 2245 2157 2437 183 508 448 227 557 282 341 133 129 388 525 9999 
