NAME: ds_818_courier_2925
TYPE: TSP
COMMENT: nil
DIMENSION: 15
EDGE_WEIGHT_TYPE: EXPLICIT
EDGE_WEIGHT_FORMAT: FULL_MATRIX
EDGE_WEIGHT_SECTION
9999 4164 4674 3692 3956 4638 4891 4259 3994 3308 3288 4528 4826 2904 3289 
4164 9999 511 475 251 494 727 97 193 1045 1049 365 669 1713 1050 
4674 511 9999 982 740 190 221 415 692 1520 1528 146 207 2172 1529 
3692 475 982 9999 323 965 1200 568 333 725 718 836 1143 1385 720 
3956 251 740 323 9999 681 946 343 61 795 799 599 871 1462 800 
4638 494 190 965 681 9999 292 412 645 1424 1434 214 194 2058 1435 
4891 727 221 1200 946 292 9999 632 901 1709 1718 366 118 2348 1719 
4259 97 415 568 343 412 632 9999 287 1137 1142 269 579 1803 1143 
3994 193 692 333 61 645 901 287 9999 853 856 549 832 1521 857 
3308 1045 1520 725 795 1424 1709 1137 853 9999 27 1385 1618 672 25 
3288 1049 1528 718 799 1434 1718 1142 856 27 9999 1392 1628 672 2 
4528 365 146 836 599 214 366 269 549 1385 1392 9999 329 2042 1393 
4826 669 207 1143 871 194 118 579 832 1618 1628 329 9999 2250 1629 
2904 1713 2172 1385 1462 2058 2348 1803 1521 672 672 2042 2250 9999 671 
3289 1050 1529 720 800 1435 1719 1143 857 25 2 1393 1629 671 9999 
