NAME: ds_627_courier_1103
TYPE: TSP
COMMENT: nil
DIMENSION: 20
EDGE_WEIGHT_TYPE: EXPLICIT
EDGE_WEIGHT_FORMAT: FULL_MATRIX
EDGE_WEIGHT_SECTION
9999 1197 3138 2830 2209 2115 2112 245 948 398 1103 528 520 415 513 521 668 665 1210 667 
1197 9999 4256 3943 2818 2912 2864 1363 930 1220 1619 1679 1657 1457 1671 1671 1591 1581 25 1579 
3138 4256 9999 314 2316 1855 1975 3088 4016 3359 3743 2855 2895 3116 2847 2861 3213 3224 4262 3229 
2830 3943 314 9999 2068 1595 1717 2785 3715 3058 3461 2559 2599 2818 2550 2564 2924 2935 3948 2940 
2209 2818 2316 2068 9999 482 362 2353 3107 2600 3279 2366 2400 2499 2344 2366 2742 2745 2811 2749 
2115 2912 1855 1595 482 9999 122 2214 3054 2483 3120 2165 2202 2339 2145 2166 2560 2566 2908 2570 
2112 2864 1975 1717 362 122 9999 2223 3043 2487 3137 2191 2227 2354 2170 2192 2582 2587 2859 2591 
245 1363 3088 2785 2353 2214 2223 9999 932 283 926 316 298 175 308 309 435 434 1378 436 
948 930 4016 3715 3107 3054 3043 932 9999 657 711 1172 1135 907 1178 1166 892 881 955 876 
398 1220 3359 3058 2600 2483 2487 283 657 9999 708 525 491 263 527 518 382 373 1238 372 
1103 1619 3743 3461 3279 3120 3137 926 711 708 9999 972 932 783 989 969 570 562 1643 557 
528 1679 2855 2559 2366 2165 2191 316 1172 525 972 9999 41 265 23 7 402 410 1694 414 
520 1657 2895 2599 2400 2202 2227 298 1135 491 932 41 9999 229 58 38 362 369 1673 374 
415 1457 3116 2818 2499 2339 2354 175 907 263 783 265 229 9999 271 259 261 261 1474 264 
513 1671 2847 2550 2344 2145 2170 308 1178 527 989 23 58 271 9999 22 420 427 1686 432 
521 1671 2861 2564 2366 2166 2192 309 1166 518 969 7 38 259 22 9999 400 407 1687 412 
668 1591 3213 2924 2742 2560 2582 435 892 382 570 402 362 261 420 400 9999 12 1611 16 
665 1581 3224 2935 2745 2566 2587 434 881 373 562 410 369 261 427 407 12 9999 1601 5 
1210 25 4262 3948 2811 2908 2859 1378 955 1238 1643 1694 1673 1474 1686 1687 1611 1601 9999 1599 
667 1579 3229 2940 2749 2570 2591 436 876 372 557 414 374 264 432 412 16 5 1599 9999 
