NAME: ds_804_courier_2665
TYPE: TSP
COMMENT: nil
DIMENSION: 17
EDGE_WEIGHT_TYPE: EXPLICIT
EDGE_WEIGHT_FORMAT: FULL_MATRIX
EDGE_WEIGHT_SECTION
9999 457 1295 1482 918 1131 686 378 1025 953 749 39 698 518 653 402 116 
457 9999 845 1025 574 686 313 468 605 533 403 460 1142 709 951 713 548 
1295 845 9999 268 571 417 649 1255 578 591 814 1292 1987 1486 1752 1538 1372 
1482 1025 268 9999 835 421 882 1382 594 636 890 1485 2158 1598 1871 1677 1570 
918 574 571 835 9999 742 262 1040 800 756 825 900 1606 1281 1510 1262 958 
1131 686 417 421 742 9999 658 979 175 217 473 1140 1778 1185 1459 1277 1231 
686 313 649 882 262 658 9999 779 659 599 602 675 1384 1020 1253 1008 744 
378 468 1255 1382 1040 979 779 9999 833 769 518 415 821 242 498 298 486 
1025 605 578 594 800 175 659 833 9999 73 316 1039 1644 1027 1301 1131 1131 
953 533 591 636 756 217 599 769 73 9999 257 967 1577 970 1244 1067 1059 
749 403 814 890 825 473 602 518 316 257 9999 769 1334 713 986 816 861 
39 460 1292 1485 900 1140 675 415 1039 967 769 9999 710 557 687 438 92 
698 1142 1987 2158 1606 1778 1384 821 1644 1577 1334 710 9999 704 522 536 649 
518 709 1486 1598 1281 1185 1020 242 1027 970 713 557 704 9999 274 190 598 
653 951 1752 1871 1510 1459 1253 498 1301 1244 986 687 522 274 9999 254 693 
402 713 1538 1677 1262 1277 1008 298 1131 1067 816 438 536 190 254 9999 455 
116 548 1372 1570 958 1231 744 486 1131 1059 861 92 649 598 693 455 9999 
