NAME: ds_723_courier_75
TYPE: TSP
COMMENT: nil
DIMENSION: 29
EDGE_WEIGHT_TYPE: EXPLICIT
EDGE_WEIGHT_FORMAT: FULL_MATRIX
EDGE_WEIGHT_SECTION
9999 2309 2372 2311 2461 2242 2233 1317 1588 1815 1583 1292 1273 2074 2118 3945 1617 1533 1892 1653 1160 962 897 1193 207 119 720 789 16 
2309 9999 88 346 245 728 1015 1074 767 606 890 1038 1340 1095 932 3442 1881 2157 1329 1323 2031 1361 1669 1660 2130 2327 1712 1884 2296 
2372 88 9999 297 272 803 979 1153 814 692 975 1111 1424 1178 1014 3509 1969 2244 1415 1410 2116 1431 1748 1745 2197 2394 1787 1963 2360 
2311 346 297 9999 569 1062 683 1199 723 823 1081 1121 1511 1406 1250 3783 2121 2377 1613 1570 2206 1414 1787 1837 2152 2347 1792 1998 2300 
2461 245 272 569 9999 601 1250 1178 973 674 955 1172 1399 1005 835 3263 1864 2154 1271 1309 2071 1501 1759 1705 2274 2470 1827 1972 2448 
2242 728 803 1062 601 9999 1680 937 1077 520 666 1009 1017 411 243 2724 1320 1623 697 794 1607 1308 1414 1268 2039 2223 1540 1612 2227 
2233 1015 979 683 1250 1680 9999 1473 871 1301 1476 1341 1818 1962 1827 4395 2509 2718 2111 2005 2468 1526 1974 2126 2121 2300 1905 2159 2226 
1317 1074 1153 1199 1178 937 1473 9999 603 509 271 153 345 867 855 3188 1048 1245 825 626 1017 372 596 658 1119 1310 649 810 1302 
1588 767 814 723 973 1077 871 603 9999 571 643 473 948 1227 1133 3662 1644 1848 1307 1165 1605 711 1129 1257 1429 1624 1097 1328 1577 
1815 606 692 823 674 520 1301 509 571 9999 286 529 737 673 564 3118 1298 1562 815 748 1425 854 1085 1054 1621 1814 1157 1299 1801 
1583 890 975 1081 955 666 1476 271 643 286 9999 362 451 635 597 3032 1051 1297 666 530 1141 642 807 770 1383 1571 897 1019 1568 
1292 1038 1111 1121 1172 1009 1341 153 473 529 362 9999 486 990 958 3338 1196 1381 971 778 1132 330 670 785 1103 1299 678 878 1278 
1273 1340 1424 1511 1399 1017 1818 345 948 737 451 486 9999 800 856 2935 712 900 643 404 696 509 400 326 1066 1235 554 596 1257 
2074 1095 1178 1406 1005 411 1962 867 1227 673 635 990 800 9999 170 2444 930 1237 298 462 1274 1220 1191 974 1866 2034 1354 1362 2058 
2118 932 1014 1250 835 243 1827 855 1133 564 597 958 856 170 9999 2569 1082 1387 455 575 1395 1222 1255 1072 1911 2088 1402 1441 2102 
3945 3442 3509 3783 3263 2724 4395 3188 3662 3118 3032 3338 2935 2444 2569 9999 2345 2419 2371 2564 2785 3443 3148 2823 3768 3851 3353 3176 3930 
1617 1881 1969 2121 1864 1320 2509 1048 1644 1298 1051 1196 712 930 1082 2345 9999 309 631 559 492 1175 811 492 1431 1533 1013 834 1601 
1533 2157 2244 2377 2154 1623 2718 1245 1848 1562 1297 1381 900 1237 1387 2419 309 9999 939 846 380 1290 861 603 1369 1434 1041 804 1519 
1892 1329 1415 1613 1271 697 2111 825 1307 815 666 971 643 298 455 2371 631 939 9999 241 997 1128 995 732 1686 1840 1180 1140 1876 
1653 1323 1410 1570 1309 794 2005 626 1165 748 530 778 404 462 575 2564 559 846 241 9999 820 899 757 513 1446 1603 939 911 1637 
1160 2031 2116 2206 2071 1607 2468 1017 1605 1425 1141 1132 696 1274 1395 2785 492 380 997 820 9999 976 522 371 991 1066 680 429 1146 
962 1361 1431 1414 1501 1308 1526 372 711 854 642 330 509 1220 1222 3443 1175 1290 1128 899 976 9999 458 696 773 969 386 633 949 
897 1669 1748 1787 1759 1414 1974 596 1129 1085 807 670 400 1191 1255 3148 811 861 995 757 522 458 9999 325 691 847 205 215 881 
1193 1660 1745 1837 1705 1268 2126 658 1257 1054 770 785 326 974 1072 2823 492 603 732 513 371 696 325 9999 993 1127 531 414 1177 
207 2130 2197 2152 2274 2039 2121 1119 1429 1621 1383 1103 1066 1866 1911 3768 1431 1369 1686 1446 991 773 691 993 9999 197 512 597 192 
119 2327 2394 2347 2470 2223 2300 1310 1624 1814 1571 1299 1235 2034 2088 3851 1533 1434 1840 1603 1066 969 847 1127 197 9999 686 716 112 
720 1712 1787 1792 1827 1540 1905 649 1097 1157 897 678 554 1354 1402 3353 1013 1041 1180 939 680 386 205 531 512 686 9999 272 704 
789 1884 1963 1998 1972 1612 2159 810 1328 1299 1019 878 596 1362 1441 3176 834 804 1140 911 429 633 215 414 597 716 272 9999 773 
16 2296 2360 2300 2448 2227 2226 1302 1577 1801 1568 1278 1257 2058 2102 3930 1601 1519 1876 1637 1146 949 881 1177 192 112 704 773 9999 
