NAME: ds_728_courier_4474
TYPE: TSP
COMMENT: nil
DIMENSION: 19
EDGE_WEIGHT_TYPE: EXPLICIT
EDGE_WEIGHT_FORMAT: FULL_MATRIX
EDGE_WEIGHT_SECTION
9999 1710 1960 1368 1598 1313 1847 1782 2032 1327 771 1471 1314 1303 1536 851 1234 828 784 
1710 9999 764 892 601 526 420 432 700 509 1072 851 1132 1527 1546 950 903 1299 2009 
1960 764 9999 639 368 699 349 336 143 692 1564 1582 1824 2194 2256 1111 757 1254 1953 
1368 892 639 9999 358 423 699 625 750 434 1152 1446 1590 1895 2018 563 135 616 1317 
1598 601 368 358 9999 340 341 268 436 335 1207 1313 1520 1873 1956 747 439 935 1655 
1313 526 699 423 340 9999 534 469 738 18 867 1033 1207 1545 1642 476 392 779 1499 
1847 420 349 699 341 534 9999 75 284 520 1337 1257 1518 1901 1943 1006 772 1255 1980 
1782 432 336 625 268 469 75 9999 303 456 1291 1249 1499 1877 1928 938 696 1180 1906 
2032 700 143 750 436 738 284 303 9999 728 1586 1541 1799 2180 2226 1181 858 1358 2067 
1327 509 692 434 335 18 520 456 728 9999 873 1026 1204 1544 1639 492 408 797 1517 
771 1072 1564 1152 1207 867 1337 1291 1586 873 9999 704 606 780 957 630 1035 955 1390 
1471 851 1582 1446 1313 1033 1257 1249 1541 1026 704 9999 322 719 699 1119 1377 1518 2068 
1314 1132 1824 1590 1520 1207 1518 1499 1799 1204 606 322 9999 401 436 1166 1500 1537 1992 
1303 1527 2194 1895 1873 1545 1901 1877 2180 1544 780 719 401 9999 241 1407 1790 1729 2057 
1536 1546 2256 2018 1956 1642 1943 1928 2226 1639 957 699 436 241 9999 1565 1923 1911 2280 
851 950 1111 563 747 476 1006 938 1181 492 630 1119 1166 1407 1565 9999 432 405 1067 
1234 903 757 135 439 392 772 696 858 408 1035 1377 1500 1790 1923 432 9999 500 1216 
828 1299 1254 616 935 779 1255 1180 1358 797 955 1518 1537 1729 1911 405 500 9999 727 
784 2009 1953 1317 1655 1499 1980 1906 2067 1517 1390 2068 1992 2057 2280 1067 1216 727 9999 
