NAME: ds_918_courier_4849
TYPE: TSP
COMMENT: nil
DIMENSION: 22
EDGE_WEIGHT_TYPE: EXPLICIT
EDGE_WEIGHT_FORMAT: FULL_MATRIX
EDGE_WEIGHT_SECTION
9999 3852 3378 2640 2927 3569 3278 3331 3089 2052 2757 2714 2775 2793 2358 3368 3546 3627 3404 2131 3063 3154 
3852 9999 573 1587 1197 677 616 535 764 1810 1137 1148 1169 1171 1727 1237 850 854 737 1910 1013 962 
3378 573 9999 1014 624 328 134 414 424 1327 621 676 622 616 1164 768 467 523 248 1358 441 398 
2640 1587 1014 9999 392 1046 995 1257 1039 836 630 742 515 487 295 729 964 1036 903 515 576 641 
2927 1197 624 392 9999 671 618 905 719 959 416 551 293 251 592 526 620 700 519 812 184 253 
3569 677 328 1046 671 9999 459 727 748 1541 844 933 799 777 1262 562 176 205 166 1478 510 423 
3278 616 134 995 618 459 9999 320 290 1226 529 566 554 556 1113 851 585 648 356 1294 445 429 
3331 535 414 1257 905 727 320 9999 256 1305 690 661 763 780 1323 1170 878 930 661 1474 747 744 
3089 764 424 1039 719 748 290 256 9999 1053 442 405 529 553 1079 1079 864 932 631 1222 591 618 
2052 1810 1327 836 959 1541 1226 1305 1053 9999 707 664 743 769 574 1472 1547 1630 1375 472 1054 1147 
2757 1137 621 630 416 844 529 690 442 707 9999 135 128 169 637 917 877 960 681 786 408 491 
2714 1148 676 742 551 933 566 661 405 664 135 9999 261 303 707 1048 983 1064 774 826 532 609 
2775 1169 622 515 293 799 554 763 529 743 128 261 9999 42 565 807 808 892 633 741 319 410 
2793 1171 616 487 251 777 556 780 553 769 169 303 42 9999 558 766 778 862 611 742 287 378 
2358 1727 1164 295 592 1262 1113 1323 1079 574 637 707 565 558 9999 1014 1207 1285 1106 227 758 840 
3368 1237 768 729 526 562 851 1170 1079 1472 917 1048 807 766 1014 9999 396 426 528 1240 522 467 
3546 850 467 964 620 176 585 878 864 1547 877 983 808 778 1207 396 9999 84 233 1430 492 400 
3627 854 523 1036 700 205 648 930 932 1630 960 1064 892 862 1285 426 84 9999 304 1509 576 484 
3404 737 248 903 519 166 356 661 631 1375 681 774 633 611 1106 528 233 304 9999 1319 349 266 
2131 1910 1358 515 812 1478 1294 1474 1222 472 786 826 741 742 227 1240 1430 1509 1319 9999 970 1056 
3063 1013 441 576 184 510 445 747 591 1054 408 532 319 287 758 522 492 576 349 970 9999 92 
3154 962 398 641 253 423 429 744 618 1147 491 609 410 378 840 467 400 484 266 1056 92 9999 
