NAME: ds_717_courier_435
TYPE: TSP
COMMENT: nil
DIMENSION: 14
EDGE_WEIGHT_TYPE: EXPLICIT
EDGE_WEIGHT_FORMAT: FULL_MATRIX
EDGE_WEIGHT_SECTION
9999 1419 1197 320 987 1517 829 608 468 1020 1598 387 1414 925 
1419 9999 1707 1210 467 1827 597 906 956 1726 1126 1033 1496 548 
1197 1707 9999 960 1546 333 1407 1485 1274 230 978 1168 445 1223 
320 1210 960 9999 834 1260 666 579 369 822 1279 248 1118 676 
987 467 1546 834 9999 1744 168 440 519 1505 1259 617 1459 346 
1517 1827 333 1260 1744 9999 1623 1748 1543 558 903 1447 350 1403 
829 597 1407 666 168 1623 9999 333 362 1353 1216 452 1355 275 
608 906 1485 579 440 1748 333 9999 215 1381 1487 333 1528 572 
468 956 1274 369 519 1543 362 215 9999 1166 1352 121 1339 508 
1020 1726 230 822 1505 558 1353 1381 1166 9999 1139 1051 648 1207 
1598 1126 978 1279 1259 903 1216 1487 1352 1139 9999 1319 564 942 
387 1033 1168 248 617 1447 452 333 121 1051 1319 9999 1260 543 
1414 1496 445 1118 1459 350 1355 1528 1339 648 564 1260 9999 1113 
925 548 1223 676 346 1403 275 572 508 1207 942 543 1113 9999 
