NAME: ds_702_courier_2688
TYPE: TSP
COMMENT: nil
DIMENSION: 35
EDGE_WEIGHT_TYPE: EXPLICIT
EDGE_WEIGHT_FORMAT: FULL_MATRIX
EDGE_WEIGHT_SECTION
9999 5181 4794 4951 5188 4662 5213 5005 5210 4385 4094 4111 4006 2911 2951 3355 2969 3348 2654 3708 3461 3310 2894 3500 3526 3013 3195 3320 3915 4433 5139 4161 5334 3303 3264 
5181 9999 397 303 176 523 215 320 134 796 1092 1080 1184 2324 2263 1890 2265 1895 2533 1488 1729 1916 2298 1943 1655 2199 2048 1971 1453 1118 693 1084 391 1896 1926 
4794 397 9999 318 471 133 511 271 417 412 723 717 791 1928 1868 1493 1869 1498 2143 1122 1337 1519 1906 1642 1273 1804 1691 1630 1164 952 829 767 694 1526 1534 
4951 303 318 9999 238 385 262 458 416 605 860 841 997 2138 2068 1718 2079 1722 2319 1244 1527 1734 2090 1653 1431 2004 1788 1700 1162 816 516 811 412 1651 1721 
5188 176 471 238 9999 576 44 477 308 826 1095 1077 1220 2363 2296 1938 2305 1942 2552 1482 1757 1958 2321 1882 1665 2232 2026 1936 1391 1009 520 1048 233 1889 1951 
4662 523 133 385 576 9999 614 390 550 279 591 587 661 1802 1740 1369 1743 1374 2012 989 1207 1393 1776 1521 1140 1676 1560 1501 1049 882 868 649 788 1393 1404 
5213 215 511 262 44 614 9999 520 344 859 1122 1103 1253 2395 2327 1972 2337 1976 2580 1506 1787 1990 2351 1892 1693 2263 2046 1954 1402 1007 489 1067 189 1912 1981 
5005 320 271 458 477 390 520 9999 247 656 973 972 1003 2114 2062 1671 2055 1677 2351 1369 1545 1706 2111 1910 1501 1998 1941 1888 1434 1207 955 1037 706 1767 1742 
5210 134 417 416 308 550 344 247 9999 829 1138 1130 1204 2334 2277 1894 2275 1899 2557 1537 1750 1924 2319 2025 1690 2213 2103 2035 1537 1230 827 1156 509 1942 1947 
4385 796 412 605 826 279 859 656 829 9999 318 319 394 1537 1471 1113 1479 1117 1737 713 934 1132 1502 1279 861 1407 1286 1235 830 796 1008 432 1017 1115 1130 
4094 1092 723 860 1095 591 1122 973 1138 318 9999 39 242 1295 1218 903 1238 905 1459 399 679 905 1232 980 571 1156 969 918 571 724 1163 243 1258 805 867 
4111 1080 717 841 1077 587 1103 972 1130 319 39 9999 281 1323 1245 936 1266 938 1481 409 707 936 1256 967 592 1183 974 916 545 685 1131 204 1235 817 892 
4006 1184 791 997 1220 661 1253 1003 1204 394 242 281 9999 1144 1079 721 1085 725 1353 432 546 738 1116 1101 505 1015 984 973 761 966 1362 483 1408 786 744 
2911 2324 1928 2138 2363 1802 2395 2114 2334 1537 1295 1323 1144 9999 101 445 59 439 345 988 616 409 210 1284 758 148 821 977 1396 1869 2449 1446 2545 718 439 
2951 2263 1868 2068 2296 1740 2327 2062 2277 1471 1218 1245 1079 101 9999 408 82 401 329 899 541 359 131 1184 671 64 722 877 1299 1776 2368 1361 2473 617 354 
3355 1890 1493 1718 1938 1369 1972 1671 1894 1113 903 936 721 445 408 9999 387 8 731 682 277 73 497 1190 465 350 801 911 1142 1552 2066 1090 2129 605 255 
2969 2265 1869 2079 2305 1743 2337 2055 2275 1479 1238 1266 1085 59 82 387 9999 380 383 937 559 350 211 1255 705 105 796 949 1351 1818 2394 1392 2487 680 386 
3348 1895 1498 1722 1942 1374 1976 1677 1899 1117 905 938 725 439 401 8 380 9999 724 681 275 65 489 1185 463 343 795 905 1140 1551 2068 1091 2132 599 248 
2654 2533 2143 2319 2552 2012 2580 2351 2557 1737 1459 1481 1353 345 329 731 383 724 9999 1096 807 674 242 1193 889 382 735 900 1425 1933 2574 1565 2716 729 610 
3708 1488 1122 1244 1482 989 1506 1369 1537 713 399 409 432 988 899 682 937 681 1096 9999 407 654 885 683 232 841 573 542 467 884 1479 469 1629 408 550 
3461 1729 1337 1527 1757 1207 1787 1545 1750 934 679 707 546 616 541 277 559 275 807 407 9999 247 569 942 188 477 610 686 865 1286 1835 838 1933 391 197 
3310 1916 1519 1734 1958 1393 1990 1706 1924 1132 905 936 738 409 359 73 350 65 674 654 247 9999 436 1132 429 298 733 848 1107 1532 2067 1080 2144 542 186 
2894 2298 1906 2090 2321 1776 2351 2111 2319 1502 1232 1256 1116 210 131 497 211 489 242 885 569 436 9999 1094 667 159 627 788 1253 1746 2364 1354 2490 557 372 
3500 1943 1642 1653 1882 1521 1892 1910 2025 1279 980 967 1101 1284 1184 1190 1255 1185 1193 683 942 1132 1094 9999 774 1152 468 307 491 958 1688 874 1962 595 954 
3526 1655 1273 1431 1665 1140 1693 1501 1690 861 571 592 505 758 671 465 705 463 889 232 188 429 667 774 9999 611 507 546 678 1116 1699 691 1827 292 319 
3013 2199 1804 2004 2232 1676 2263 1998 2213 1407 1156 1183 1015 148 64 350 105 343 382 841 477 298 159 1152 611 9999 695 846 1248 1720 2306 1301 2410 575 293 
3195 2048 1691 1788 2026 1560 2046 1941 2103 1286 969 974 984 821 722 801 796 795 735 573 610 733 627 468 507 695 9999 165 730 1251 1944 979 2151 220 547 
3320 1971 1630 1700 1936 1501 1954 1888 2035 1235 918 916 973 977 877 911 949 905 900 542 686 848 788 307 546 846 165 9999 596 1115 1822 889 2049 306 665 
3915 1453 1164 1162 1391 1049 1402 1434 1537 830 571 545 761 1396 1299 1142 1351 1140 1425 467 865 1107 1253 491 678 1248 730 596 9999 521 1229 403 1478 699 975 
4433 1118 952 816 1009 882 1007 1207 1230 796 724 685 966 1869 1776 1552 1818 1551 1933 884 1286 1532 1746 958 1116 1720 1251 1115 521 9999 731 486 1037 1204 1433 
5139 693 829 516 520 868 489 955 827 1008 1163 1131 1362 2449 2368 2066 2394 2068 2574 1479 1835 2067 2364 1688 1699 2306 1944 1822 1229 731 9999 1010 396 1858 2013 
4161 1084 767 811 1048 649 1067 1037 1156 432 243 204 483 1446 1361 1090 1392 1091 1565 469 838 1080 1354 874 691 1301 979 889 403 486 1010 9999 1174 860 1008 
5334 391 694 412 233 788 189 706 509 1017 1258 1235 1408 2545 2473 2129 2487 2132 2716 1629 1933 2144 2490 1962 1827 2410 2151 2049 1478 1037 396 1174 9999 2031 2124 
3303 1896 1526 1651 1889 1393 1912 1767 1942 1115 805 817 786 718 617 605 680 599 729 408 391 542 557 595 292 575 220 306 699 1204 1858 860 2031 9999 360 
3264 1926 1534 1721 1951 1404 1981 1742 1947 1130 867 892 744 439 354 255 386 248 610 550 197 186 372 954 319 293 547 665 975 1433 2013 1008 2124 360 9999 
