NAME: ds_902_courier_75
TYPE: TSP
COMMENT: nil
DIMENSION: 43
EDGE_WEIGHT_TYPE: EXPLICIT
EDGE_WEIGHT_FORMAT: FULL_MATRIX
EDGE_WEIGHT_SECTION
9999 796 1989 2363 2498 2522 2533 2506 1997 1271 1126 1211 1576 1509 1790 1844 1767 578 1008 1245 1310 897 1130 1183 92 407 2136 2464 2479 2466 2169 1882 260 974 1134 1408 1657 1311 2017 1762 1770 3950 817 
796 9999 2409 2636 2753 2724 2713 2474 1787 1992 1849 1977 2308 2210 2356 2406 2224 1345 1544 1675 1692 1594 1799 1766 841 876 2530 2717 2653 2427 1867 1689 997 1549 1804 2169 2314 2040 2553 2313 2222 4647 1249 
1989 2409 9999 571 701 835 893 1404 1659 1204 1251 1463 1252 1084 512 493 236 1618 987 753 718 1268 1072 874 1896 1630 162 681 874 1402 1926 1601 1751 1038 1074 1435 881 1238 415 467 228 2614 1197 
2363 2636 571 9999 141 269 334 964 1454 1757 1789 2015 1823 1653 1082 1059 775 2084 1421 1139 1057 1764 1596 1371 2274 1970 438 113 331 977 1691 1434 2152 1490 1600 2001 1452 1796 947 1038 761 2921 1546 
2498 2753 701 141 9999 182 256 939 1498 1894 1928 2152 1952 1784 1208 1182 911 2225 1562 1278 1195 1905 1737 1512 2410 2104 557 37 278 959 1723 1488 2290 1631 1740 2134 1580 1932 1059 1166 898 2951 1682 
2522 2724 835 269 182 9999 74 765 1369 2005 2028 2260 2084 1911 1347 1326 1027 2287 1623 1332 1239 1984 1831 1597 2436 2121 707 177 108 789 1582 1370 2326 1696 1834 2255 1715 2046 1215 1301 1013 3132 1711 
2533 2713 893 334 256 74 9999 695 1318 2050 2069 2304 2137 1963 1405 1385 1078 2313 1650 1358 1261 2017 1870 1633 2447 2129 770 249 60 720 1525 1324 2341 1725 1874 2304 1771 2093 1279 1357 1063 3205 1725 
2506 2474 1404 964 939 765 695 9999 781 2378 2355 2608 2541 2356 1877 1874 1511 2445 1829 1553 1440 2230 2149 1899 2434 2104 1333 921 662 49 914 837 2372 1914 2154 2657 2207 2430 1819 1819 1495 3884 1782 
1997 1787 1659 1454 1498 1369 1318 781 9999 2264 2196 2446 2505 2325 2003 2021 1654 2103 1621 1421 1320 1999 2004 1777 1942 1632 1665 1467 1264 733 271 116 1930 1701 2011 2549 2245 2324 2040 1939 1640 4272 1445 
1271 1992 1204 1757 1894 2005 2050 2378 2264 9999 145 260 318 248 756 804 983 704 656 854 964 399 263 492 1194 1131 1362 1870 2017 2357 2521 2161 1020 587 257 287 453 61 991 770 996 2679 924 
1126 1849 1251 1789 1928 2028 2069 2355 2196 145 9999 255 459 388 840 891 1021 560 575 809 922 262 207 456 1048 993 1412 1902 2032 2332 2448 2090 875 498 202 370 575 191 1080 844 1033 2824 815 
1211 1977 1463 2015 2152 2260 2304 2608 2446 260 255 9999 414 453 1011 1058 1241 635 826 1064 1177 467 460 709 1145 1156 1622 2128 2270 2585 2696 2339 981 745 455 198 684 234 1242 1028 1254 2772 1044 
1576 2308 1252 1823 1952 2084 2137 2541 2505 318 459 414 9999 185 748 782 1063 1001 937 1085 1186 717 555 737 1502 1448 1398 1933 2112 2525 2768 2407 1330 878 549 252 375 268 945 786 1078 2378 1224 
1509 2210 1084 1653 1784 1911 1963 2356 2325 248 388 453 185 9999 591 631 886 948 779 906 1005 619 419 567 1429 1340 1234 1764 1936 2340 2589 2229 1255 728 413 360 234 232 807 622 901 2445 1078 
1790 2356 512 1082 1208 1347 1405 1877 2003 756 840 1011 748 591 9999 55 369 1315 815 729 772 942 708 609 1699 1500 651 1190 1384 1869 2274 1924 1533 825 707 951 373 778 241 64 384 2378 1109 
1844 2406 493 1059 1182 1326 1385 1874 2021 804 891 1058 782 631 55 9999 375 1369 866 771 809 996 762 663 1753 1552 624 1166 1367 1867 2292 1945 1588 878 761 991 407 824 189 97 389 2340 1159 
1767 2224 236 775 911 1027 1078 1511 1654 983 1021 1241 1063 886 369 375 9999 1382 760 550 540 1032 838 637 1674 1420 398 888 1050 1501 1924 1582 1525 807 840 1228 705 1021 398 309 16 2660 991 
578 1345 1618 2084 2225 2287 2313 2445 2103 704 560 635 1001 948 1315 1369 1382 9999 665 956 1055 373 611 747 510 574 1777 2194 2266 2412 2324 1989 348 594 613 831 1118 738 1553 1300 1390 3378 672 
1008 1544 987 1421 1562 1623 1650 1829 1621 656 575 826 937 779 815 866 760 665 9999 293 399 401 393 232 916 687 1140 1530 1604 1801 1872 1515 765 85 399 936 806 717 1024 775 764 3133 313 
1245 1675 753 1139 1278 1332 1358 1553 1421 854 809 1064 1085 906 729 771 550 956 293 9999 113 682 605 362 1153 877 894 1246 1311 1528 1684 1323 1019 372 611 1140 855 912 891 674 550 3104 444 
1310 1692 718 1057 1195 1239 1261 1440 1320 964 922 1177 1186 1005 772 809 540 1055 399 113 9999 793 717 472 1220 929 847 1161 1213 1414 1585 1225 1095 481 723 1250 937 1021 909 713 536 3148 496 
897 1594 1268 1764 1905 1984 2017 2230 1999 399 262 467 717 619 942 996 1032 373 401 682 793 9999 240 396 814 732 1429 1876 1975 2202 2243 1890 639 316 242 623 761 451 1181 928 1040 3064 578 
1130 1799 1072 1596 1737 1831 1870 2149 2004 263 207 460 555 419 708 762 838 611 393 605 717 240 9999 250 1045 924 1234 1710 1832 2126 2260 1901 871 326 7 545 527 324 949 699 849 2849 669 
1183 1766 874 1371 1512 1597 1633 1899 1777 492 456 709 737 567 609 663 637 747 232 362 472 396 250 9999 1092 898 1034 1483 1593 1876 2037 1676 928 219 255 778 575 550 834 579 646 2901 545 
92 841 1896 2274 2410 2436 2447 2434 1942 1194 1048 1145 1502 1429 1699 1753 1674 510 916 1153 1220 814 1045 1092 9999 330 2044 2375 2393 2394 2122 1827 174 882 1048 1341 1571 1235 1925 1670 1678 3872 728 
407 876 1630 1970 2104 2121 2129 2104 1632 1131 993 1156 1448 1340 1500 1552 1420 574 687 877 929 732 924 898 330 9999 1770 2068 2075 2064 1825 1516 302 679 930 1337 1439 1182 1711 1462 1421 3772 434 
2136 2530 162 438 557 707 770 1333 1665 1362 1412 1622 1398 1234 651 624 398 1777 1140 894 847 1429 1234 1034 2044 1770 9999 542 758 1337 1925 1616 1902 1194 1236 1589 1024 1395 510 613 389 2612 1336 
2464 2717 681 113 37 177 249 921 1467 1870 1902 2128 1933 1764 1190 1166 888 2194 1530 1246 1161 1876 1710 1483 2375 2068 542 9999 263 940 1695 1456 2256 1600 1713 2113 1562 1909 1047 1148 875 2965 1647 
2479 2653 874 331 278 108 60 662 1264 2017 2032 2270 2112 1936 1384 1367 1050 2266 1604 1311 1213 1975 1832 1593 2393 2075 758 263 9999 683 1475 1268 2289 1680 1836 2274 1748 2061 1268 1335 1035 3228 1673 
2466 2427 1402 977 959 789 720 49 733 2357 2332 2585 2525 2340 1869 1867 1501 2412 1801 1528 1414 2202 2126 1876 2394 2064 1337 940 683 9999 869 788 2334 1886 2131 2637 2195 2410 1817 1810 1486 3898 1748 
2169 1867 1926 1691 1723 1582 1525 914 271 2521 2448 2696 2768 2589 2274 2292 1924 2324 1872 1684 1585 2243 2260 2037 2122 1825 1925 1695 1475 869 9999 361 2127 1951 2266 2805 2514 2581 2309 2210 1911 4536 1679 
1882 1689 1601 1434 1488 1370 1324 837 116 2161 2090 2339 2407 2229 1924 1945 1582 1989 1515 1323 1225 1890 1901 1676 1827 1516 1616 1456 1268 788 361 9999 1815 1594 1907 2446 2156 2221 1972 1860 1569 4215 1333 
260 997 1751 2152 2290 2326 2341 2372 1930 1020 875 981 1330 1255 1533 1588 1525 348 765 1019 1095 639 871 928 174 302 1902 2256 2289 2334 2127 1815 9999 724 875 1175 1398 1062 1762 1506 1529 3698 617 
974 1549 1038 1490 1631 1696 1725 1914 1701 587 498 745 878 728 825 878 807 594 85 372 481 316 326 219 882 679 1194 1600 1680 1886 1951 1594 724 9999 332 862 778 648 1045 791 812 3112 350 
1134 1804 1074 1600 1740 1834 1874 2154 2011 257 202 455 549 413 707 761 840 613 399 611 723 242 7 255 1048 930 1236 1713 1836 2131 2266 1907 875 332 9999 539 523 317 948 699 851 2845 675 
1408 2169 1435 2001 2134 2255 2304 2657 2549 287 370 198 252 360 951 991 1228 831 936 1140 1250 623 545 778 1341 1337 1589 2113 2274 2637 2805 2446 1175 862 539 9999 591 229 1166 979 1242 2577 1186 
1657 2314 881 1452 1580 1715 1771 2207 2245 453 575 684 375 234 373 407 705 1118 806 855 937 761 527 575 1571 1439 1024 1562 1748 2195 2514 2156 1398 778 523 591 9999 454 575 414 721 2336 1119 
1311 2040 1238 1796 1932 2046 2093 2430 2324 61 191 234 268 232 778 824 1021 738 717 912 1021 451 324 550 1235 1182 1395 1909 2061 2410 2581 2221 1062 648 317 229 454 9999 1008 796 1035 2640 983 
2017 2553 415 947 1059 1215 1279 1819 2040 991 1080 1242 945 807 241 189 398 1553 1024 891 909 1181 949 834 1925 1711 510 1047 1268 1817 2309 1972 1762 1045 948 1166 575 1008 9999 256 408 2263 1304 
1762 2313 467 1038 1166 1301 1357 1819 1939 770 844 1028 786 622 64 97 309 1300 775 674 713 928 699 579 1670 1462 613 1148 1335 1810 2210 1860 1506 791 699 979 414 796 256 9999 324 2436 1065 
1770 2222 228 761 898 1013 1063 1495 1640 996 1033 1254 1078 901 384 389 16 1390 764 550 536 1040 849 646 1678 1421 389 875 1035 1486 1911 1569 1529 812 851 1242 721 1035 408 324 9999 2671 992 
3950 4647 2614 2921 2951 3132 3205 3884 4272 2679 2824 2772 2378 2445 2378 2340 2660 3378 3133 3104 3148 3064 2849 2901 3872 3772 2612 2965 3228 3898 4536 4215 3698 3112 2845 2577 2336 2640 2263 2436 2671 9999 3445 
817 1249 1197 1546 1682 1711 1725 1782 1445 924 815 1044 1224 1078 1109 1159 991 672 313 444 496 578 669 545 728 434 1336 1647 1673 1748 1679 1333 617 350 675 1186 1119 983 1304 1065 992 3445 9999 
