NAME: ds_710_courier_1103
TYPE: TSP
COMMENT: nil
DIMENSION: 17
EDGE_WEIGHT_TYPE: EXPLICIT
EDGE_WEIGHT_FORMAT: FULL_MATRIX
EDGE_WEIGHT_SECTION
9999 2144 3441 3512 2902 1848 2173 2258 2185 2207 2244 291 452 780 650 543 4296 
2144 9999 2432 2729 2052 724 756 839 384 205 191 2430 2591 2815 2618 2418 4230 
3441 2432 9999 397 539 1941 1714 1614 2051 2229 2588 3611 3724 3655 3463 3292 6655 
3512 2729 397 9999 696 2174 1987 1894 2345 2530 2895 3655 3755 3641 3460 3303 6926 
2902 2052 539 696 9999 1478 1302 1213 1670 1858 2224 3072 3186 3125 2931 2757 6233 
1848 724 1941 2174 1478 9999 328 421 462 608 915 2103 2255 2384 2176 1972 4760 
2173 756 1714 1987 1302 328 9999 105 382 573 936 2426 2576 2690 2481 2277 4945 
2258 839 1614 1894 1213 421 105 9999 458 648 1014 2506 2654 2757 2548 2344 5042 
2185 384 2051 2345 1670 462 382 458 9999 192 557 2458 2615 2786 2581 2376 4607 
2207 205 2229 2530 1858 608 573 648 192 9999 366 2488 2647 2844 2642 2439 4435 
2244 191 2588 2895 2224 915 936 1014 557 366 9999 2533 2694 2938 2745 2547 4091 
291 2430 3611 3655 3072 2103 2426 2506 2458 2488 2533 9999 161 528 454 440 4440 
452 2591 3724 3755 3186 2255 2576 2654 2615 2647 2694 161 9999 424 415 475 4512 
780 2815 3655 3641 3125 2384 2690 2757 2786 2844 2938 528 424 9999 209 413 4934 
650 2618 3463 3460 2931 2176 2481 2548 2581 2642 2745 454 415 209 9999 205 4894 
543 2418 3292 3303 2757 1972 2277 2344 2376 2439 2547 440 475 413 205 9999 4834 
4296 4230 6655 6926 6233 4760 4945 5042 4607 4435 4091 4440 4512 4934 4894 4834 9999 
