NAME: ds_713_courier_3156
TYPE: TSP
COMMENT: nil
DIMENSION: 7
EDGE_WEIGHT_TYPE: EXPLICIT
EDGE_WEIGHT_FORMAT: FULL_MATRIX
EDGE_WEIGHT_SECTION
9999 3190 3453 3254 3295 3371 2946 
3190 9999 301 296 890 444 408 
3453 301 9999 490 1078 578 545 
3254 296 490 9999 602 163 681 
3295 890 1078 602 9999 504 1228 
3371 444 578 163 504 9999 841 
2946 408 545 681 1228 841 9999 
