,0,1,2,3,4,5,6
0,0.0,3190.003780131968,3452.682358985743,3254.0216956194986,3295.3995673668414,3371.121233394549,2945.8483835906723
1,3190.003780131968,0.0,300.61369639720454,296.3144949099357,889.781368007494,444.4546489552411,408.14662705330335
2,3452.682358985743,300.61369639720454,0.0,490.4463785966586,1077.6797522569404,577.9237961681322,544.8338791434949
3,3254.0216956194986,296.3144949099357,490.4463785966586,0.0,601.5485977269977,162.50189195139882,681.3078551545008
4,3295.3995673668414,889.781368007494,1077.6797522569404,601.5485977269977,0.0,503.55666280152855,1227.951536928771
5,3371.121233394549,444.4546489552411,577.9237961681322,162.50189195139882,503.55666280152855,0.0,840.5748764854121
6,2945.8483835906723,408.14662705330335,544.8338791434949,681.3078551545008,1227.951536928771,840.5748764854121,0.0
