,0,1,2,3,4,5,6
0,0.0,1539.9244830429666,30.648483907393054,2260.6825352385586,2194.958667552476,2124.917425245317,2090.2822806242407
1,1539.9244830429666,0.0,1563.4555222827976,736.0216501255749,663.4575252895427,1506.924618041405,1577.3287705631105
2,30.648483907393054,1563.4555222827976,0.0,2282.53569103427,2217.2926807689705,2127.6184456680407,2091.1137628645824
3,2260.6825352385586,736.0216501255749,2282.53569103427,0.0,82.80485866716622,1525.6052534163503,1640.1709390069552
4,2194.958667552476,663.4575252895427,2217.2926807689705,82.80485866716622,0.0,1544.5988965300905,1655.512020537567
5,2124.917425245317,1506.924618041405,2127.6184456680407,1525.6052534163503,1544.5988965300905,0.0,133.64648732097
6,2090.2822806242407,1577.3287705631105,2091.1137628645824,1640.1709390069552,1655.512020537567,133.64648732097,0.0
