NAME: ds_722_courier_1103
TYPE: TSP
COMMENT: nil
DIMENSION: 26
EDGE_WEIGHT_TYPE: EXPLICIT
EDGE_WEIGHT_FORMAT: FULL_MATRIX
EDGE_WEIGHT_SECTION
9999 600 2303 2171 2360 3632 3006 2006 2116 2202 2243 2746 1829 1883 1816 2188 534 379 469 321 382 490 567 413 4299 655 
600 9999 2674 2656 2815 3679 2977 2404 2436 2582 2703 2842 2099 2182 2107 2461 520 360 204 279 458 351 75 518 4851 65 
2303 2674 9999 670 496 2105 1979 313 329 107 508 1357 690 562 638 498 2164 2320 2471 2486 2682 2765 2601 2158 4575 2738 
2171 2656 670 9999 267 2775 2616 541 891 608 175 2010 1117 994 1039 1102 2194 2298 2456 2422 2549 2661 2591 2149 3906 2722 
2360 2815 496 267 9999 2573 2475 502 783 472 120 1852 1080 949 1009 980 2333 2455 2612 2593 2741 2845 2746 2301 4120 2880 
3632 3679 2105 2775 2573 9999 790 2314 1955 2176 2609 903 1989 2025 2047 1755 3213 3429 3523 3640 3931 3938 3609 3288 6680 3724 
3006 2977 1979 2616 2475 790 9999 2090 1727 2015 2474 636 1611 1693 1685 1514 2544 2761 2837 2971 3271 3261 2910 2633 6446 3016 
2006 2404 313 541 502 2314 2090 9999 368 207 439 1500 586 458 512 580 1902 2046 2200 2204 2387 2476 2332 1886 4383 2468 
2116 2436 329 891 783 1955 1727 368 9999 312 759 1132 374 260 338 213 1919 2090 2235 2269 2488 2558 2362 1926 4750 2498 
2202 2582 107 608 472 2176 2015 207 312 9999 459 1403 642 510 582 509 2075 2227 2379 2391 2582 2667 2510 2065 4506 2646 
2243 2703 508 175 120 2609 2474 439 759 459 9999 1860 1025 896 951 965 2225 2343 2500 2478 2624 2729 2635 2190 4074 2768 
2746 2842 1357 2010 1852 903 636 1500 1132 1403 1860 9999 1099 1151 1163 920 2355 2568 2673 2777 3059 3078 2769 2420 5881 2892 
1829 2099 690 1117 1080 1989 1611 586 374 642 1025 1099 9999 133 80 363 1579 1762 1901 1951 2189 2246 2024 1599 4838 2159 
1883 2182 562 994 949 2025 1693 458 260 510 896 1151 133 9999 78 314 1664 1839 1983 2022 2249 2314 2108 1676 4753 2244 
1816 2107 638 1039 1009 2047 1685 512 338 582 951 1163 80 78 9999 373 1589 1766 1908 1950 2181 2243 2033 1602 4762 2169 
2188 2461 498 1102 980 1755 1514 580 213 509 965 920 363 314 373 9999 1941 2125 2264 2314 2550 2609 2386 1962 4961 2521 
534 520 2164 2194 2333 3213 2544 1902 1919 2075 2225 2355 1579 1664 1589 1941 9999 217 326 428 728 725 445 125 4769 580 
379 360 2320 2298 2455 3429 2761 2046 2090 2227 2343 2568 1762 1839 1766 2125 217 9999 158 211 511 510 293 164 4672 425 
469 204 2471 2456 2612 3523 2837 2200 2235 2379 2500 2673 1901 1983 1908 2264 326 158 9999 183 473 427 135 314 4764 268 
321 279 2486 2422 2593 3640 2971 2204 2269 2391 2478 2777 1951 2022 1950 2314 428 211 183 9999 306 302 250 360 4595 336 
382 458 2682 2549 2741 3931 3271 2387 2488 2582 2624 3059 2189 2249 2181 2550 728 511 473 306 9999 151 477 643 4418 481 
490 351 2765 2661 2845 3938 3261 2476 2558 2667 2729 3078 2246 2314 2243 2609 725 510 427 302 151 9999 390 662 4562 359 
567 75 2601 2591 2746 3609 2910 2332 2362 2510 2635 2769 2024 2108 2033 2386 445 293 135 250 477 390 9999 447 4842 137 
413 518 2158 2149 2301 3288 2633 1886 1926 2065 2190 2420 1599 1676 1602 1962 125 164 314 360 643 662 447 9999 4648 582 
4299 4851 4575 3906 4120 6680 6446 4383 4750 4506 4074 5881 4838 4753 4762 4961 4769 4672 4764 4595 4418 4562 4842 4648 9999 4889 
655 65 2738 2722 2880 3724 3016 2468 2498 2646 2768 2892 2159 2244 2169 2521 580 425 268 336 481 359 137 582 4889 9999 
