NAME: ds_613_courier_4849
TYPE: TSP
COMMENT: nil
DIMENSION: 14
EDGE_WEIGHT_TYPE: EXPLICIT
EDGE_WEIGHT_FORMAT: FULL_MATRIX
EDGE_WEIGHT_SECTION
9999 3171 3476 3652 3535 2673 2926 3233 3727 2858 3030 3010 3417 3220 
3171 9999 308 659 496 795 455 277 630 319 401 665 342 541 
3476 308 9999 461 401 1057 706 406 365 627 568 788 213 658 
3652 659 461 9999 844 1453 1112 854 187 935 622 691 317 1116 
3535 496 401 844 9999 929 614 307 704 723 883 1136 611 390 
2673 795 1057 1453 929 9999 351 676 1413 562 1012 1235 1137 562 
2926 455 706 1112 614 351 9999 332 1063 312 742 994 796 321 
3233 277 406 854 307 676 332 9999 771 422 673 939 552 273 
3727 630 365 187 704 1413 1063 771 9999 937 706 827 314 1017 
2858 319 627 935 723 562 312 422 937 9999 452 690 631 576 
3030 401 568 622 883 1012 742 673 706 452 9999 266 418 922 
3010 665 788 691 1136 1235 994 939 827 690 266 9999 599 1188 
3417 342 213 317 611 1137 796 552 314 631 418 599 9999 822 
3220 541 658 1116 390 562 321 273 1017 576 922 1188 822 9999 
