NAME: ds_721_courier_638
TYPE: TSP
COMMENT: nil
DIMENSION: 31
EDGE_WEIGHT_TYPE: EXPLICIT
EDGE_WEIGHT_FORMAT: FULL_MATRIX
EDGE_WEIGHT_SECTION
9999 80 1630 1472 1418 851 683 709 1607 1050 672 1049 1381 8982 1024 1229 1462 1418 1412 1230 1329 1054 1286 1995 1440 635 1238 951 664 1863 1467 
80 9999 1563 1421 1411 824 668 731 1540 990 729 989 1316 8949 1027 1224 1400 1407 1407 1210 1258 1054 1243 1927 1400 638 1224 953 714 1794 1405 
1630 1563 9999 459 1304 1051 1225 1535 24 603 1872 601 253 7643 1369 1293 233 1229 1340 1068 340 1328 672 369 697 1374 1153 1351 1787 258 225 
1472 1421 459 9999 849 722 920 1198 457 463 1558 468 367 7575 965 855 257 773 885 629 558 918 251 744 238 1062 713 962 1467 686 262 
1418 1411 1304 849 9999 637 745 787 1300 964 1117 974 1148 7651 418 192 1082 78 39 283 1299 375 646 1580 614 789 217 482 1030 1534 1089 
851 824 1051 722 637 9999 201 486 1036 493 839 500 815 8133 394 479 826 612 645 393 887 378 486 1407 618 341 426 344 748 1309 833 
683 668 1225 920 745 201 9999 320 1208 638 649 644 980 8315 394 562 1007 738 743 548 1026 406 687 1587 818 149 556 322 562 1482 1013 
709 731 1535 1198 787 486 320 9999 1519 957 368 963 1295 8436 369 598 1312 812 770 697 1346 416 952 1893 1058 182 665 312 275 1793 1319 
1607 1540 24 457 1300 1036 1208 1519 9999 583 1855 581 233 7666 1358 1285 223 1225 1335 1060 316 1317 664 390 695 1357 1145 1338 1769 274 215 
1050 990 603 463 964 493 638 957 583 9999 1278 10 351 8038 868 874 413 906 989 682 394 840 396 972 548 786 759 830 1195 855 418 
672 729 1872 1558 1117 839 649 368 1855 1278 9999 1282 1625 8763 711 937 1656 1154 1093 1061 1653 763 1316 2236 1425 501 1022 667 93 2128 1663 
1049 989 601 468 974 500 644 963 581 10 1282 9999 348 8043 877 883 413 916 998 692 387 848 405 970 557 791 768 838 1200 852 418 
1381 1316 253 367 1148 815 980 1295 233 351 1625 348 9999 7816 1156 1107 134 1077 1180 888 194 1118 502 622 580 1129 973 1130 1541 504 133 
8982 8949 7643 7575 7651 8133 8315 8436 7666 8038 8763 8043 7816 9999 8067 7838 7691 7624 7672 7772 7975 8020 7713 7399 7553 8406 7782 8126 8679 7537 7689 
1024 1027 1369 965 418 394 394 369 1358 868 711 877 1156 8067 9999 229 1137 445 402 371 1257 53 716 1701 779 390 316 75 621 1622 1144 
1229 1224 1293 855 192 479 562 598 1285 874 937 883 1107 7838 229 9999 1063 216 183 226 1238 183 621 1599 639 597 143 291 848 1536 1070 
1462 1400 233 257 1082 826 1007 1312 223 413 1656 413 134 7691 1137 1063 9999 1009 1117 838 325 1095 442 581 487 1155 923 1120 1569 487 7 
1418 1407 1229 773 78 612 738 812 1225 906 1154 916 1077 7624 445 216 1009 9999 117 234 1232 397 576 1503 538 796 186 502 1065 1457 1016 
1412 1407 1340 885 39 645 743 770 1335 989 1093 998 1180 7672 402 183 1117 117 9999 307 1329 362 679 1618 651 780 234 469 1008 1570 1124 
1230 1210 1068 629 283 393 548 697 1060 682 1061 692 888 7772 371 226 838 234 307 9999 1028 318 396 1373 419 636 85 397 969 1310 845 
1329 1258 340 558 1299 887 1026 1346 316 394 1653 387 194 7975 1257 1238 325 1232 1329 1028 9999 1225 661 677 760 1171 1111 1222 1574 539 323 
1054 1054 1328 918 375 378 406 416 1317 840 763 848 1118 8020 53 183 1095 397 362 318 1225 9999 670 1656 728 420 263 107 672 1579 1102 
1286 1243 672 251 646 486 687 952 664 396 1316 405 502 7713 716 621 442 576 679 396 661 670 9999 987 164 825 481 711 1224 916 449 
1995 1927 369 744 1580 1407 1587 1893 390 972 2236 970 622 7399 1701 1599 581 1503 1618 1373 677 1656 987 9999 968 1736 1456 1691 2149 145 574 
1440 1400 697 238 614 618 818 1058 695 548 1425 557 580 7553 779 639 487 538 651 419 760 728 164 968 9999 947 497 789 1332 920 493 
635 638 1374 1062 789 341 149 182 1357 786 501 791 1129 8406 390 597 1155 796 780 636 1171 420 825 1736 947 9999 626 316 413 1631 1162 
1238 1224 1153 713 217 426 556 665 1145 759 1022 768 973 7782 316 143 923 186 234 85 1111 263 481 1456 497 626 9999 356 931 1394 931 
951 953 1351 962 482 344 322 312 1338 830 667 838 1130 8126 75 291 1120 502 469 397 1222 107 711 1691 789 316 356 9999 575 1606 1127 
664 714 1787 1467 1030 748 562 275 1769 1195 93 1200 1541 8679 621 848 1569 1065 1008 969 1574 672 1224 2149 1332 413 931 575 9999 2043 1575 
1863 1794 258 686 1534 1309 1482 1793 274 855 2128 852 504 7537 1622 1536 487 1457 1570 1310 539 1579 916 145 920 1631 1394 1606 2043 9999 479 
1467 1405 225 262 1089 833 1013 1319 215 418 1663 418 133 7689 1144 1070 7 1016 1124 845 323 1102 449 574 493 1162 931 1127 1575 479 9999 
