NAME: ds_801_courier_3156
TYPE: TSP
COMMENT: nil
DIMENSION: 19
EDGE_WEIGHT_TYPE: EXPLICIT
EDGE_WEIGHT_FORMAT: FULL_MATRIX
EDGE_WEIGHT_SECTION
9999 3581 3591 2954 3271 3012 3417 3560 3514 3515 3555 3295 3279 2567 3019 3598 3771 3223 3249 
3581 9999 91 871 728 708 338 188 223 70 63 300 378 1397 1186 189 374 455 780 
3591 91 9999 938 812 769 423 280 313 137 48 296 343 1458 1265 280 291 417 709 
2954 871 938 9999 318 182 564 745 692 805 889 747 848 531 401 778 1224 870 1248 
3271 728 812 318 9999 329 390 559 511 676 766 721 846 793 469 582 1101 893 1297 
3012 708 769 182 329 9999 429 602 550 641 721 566 666 690 573 637 1051 690 1073 
3417 338 423 564 390 429 9999 182 129 287 378 394 523 1095 850 213 712 588 984 
3560 188 280 745 559 602 182 9999 53 167 244 380 493 1276 1025 38 554 568 934 
3514 223 313 692 511 550 129 53 9999 187 273 369 489 1223 976 88 595 562 940 
3515 70 137 805 676 641 287 167 187 9999 91 249 343 1330 1128 182 428 420 770 
3555 63 48 889 766 721 378 244 273 91 9999 263 325 1410 1217 249 339 402 718 
3295 300 296 747 721 566 394 380 369 249 263 9999 129 1237 1120 408 521 195 591 
3279 378 343 848 846 666 523 493 489 343 325 129 9999 1317 1231 518 498 78 462 
2567 1397 1458 531 793 690 1095 1276 1223 1330 1410 1237 1317 9999 453 1309 1739 1320 1649 
3019 1186 1265 401 469 573 850 1025 976 1128 1217 1120 1231 453 9999 1050 1556 1261 1646 
3598 189 280 778 582 637 213 38 88 182 249 408 518 1309 1050 9999 544 594 953 
3771 374 291 1224 1101 1051 712 554 595 428 339 521 498 1739 1556 544 9999 549 670 
3223 455 417 870 893 690 588 568 562 420 402 195 78 1320 1261 594 549 9999 404 
3249 780 709 1248 1297 1073 984 934 940 770 718 591 462 1649 1646 953 670 404 9999 
