NAME: ds_709_courier_638
TYPE: TSP
COMMENT: nil
DIMENSION: 16
EDGE_WEIGHT_TYPE: EXPLICIT
EDGE_WEIGHT_FORMAT: FULL_MATRIX
EDGE_WEIGHT_SECTION
9999 710 613 1230 1835 1155 1306 664 687 706 838 1053 1380 1093 8968 43 
710 9999 473 540 1301 554 636 633 181 111 387 482 724 577 8261 711 
613 473 9999 781 1772 1023 1071 160 305 375 282 511 867 1049 8560 642 
1230 540 781 9999 1243 622 494 901 550 524 509 321 215 755 7784 1237 
1835 1301 1772 1243 9999 749 757 1930 1468 1396 1602 1520 1399 751 7392 1811 
1155 554 1023 622 749 9999 226 1181 720 648 867 825 828 157 7860 1140 
1306 636 1071 494 757 226 9999 1222 770 705 864 763 676 381 7675 1297 
664 633 160 901 1930 1181 1222 9999 462 533 393 605 960 1209 8659 699 
687 181 305 550 1468 720 770 462 9999 73 225 384 693 756 8327 699 
706 111 375 524 1396 648 705 533 73 9999 279 402 684 683 8287 714 
838 387 282 509 1602 867 864 393 225 279 9999 230 585 931 8278 858 
1053 482 511 321 1520 825 763 605 384 402 230 9999 357 924 8055 1070 
1380 724 867 215 1399 828 676 960 693 684 585 357 9999 967 7699 1393 
1093 577 1049 755 751 157 381 1209 756 683 931 924 967 9999 7970 1074 
8968 8261 8560 7784 7392 7860 7675 8659 8327 8287 8278 8055 7699 7970 9999 8964 
43 711 642 1237 1811 1140 1297 699 699 714 858 1070 1393 1074 8964 9999 
