NAME: ds_601_courier_75
TYPE: TSP
COMMENT: nil
DIMENSION: 18
EDGE_WEIGHT_TYPE: EXPLICIT
EDGE_WEIGHT_FORMAT: FULL_MATRIX
EDGE_WEIGHT_SECTION
9999 1502 12 1218 1890 1889 1206 1288 1549 319 1382 1150 1087 1188 1674 411 389 85 
1502 9999 1494 440 406 598 475 586 466 1306 142 357 418 486 185 1239 1120 1423 
12 1494 9999 1208 1883 1879 1201 1284 1544 307 1374 1142 1079 1178 1666 399 382 75 
1218 440 1208 9999 827 672 630 797 822 966 424 250 359 46 544 884 876 1134 
1890 406 1883 827 9999 641 753 787 528 1708 509 760 805 874 293 1643 1504 1814 
1889 598 1879 672 641 9999 1065 1185 1030 1626 728 810 918 701 461 1539 1545 1804 
1206 475 1201 630 753 1065 9999 169 345 1098 338 382 293 656 650 1060 821 1139 
1288 586 1284 797 787 1185 169 9999 290 1215 464 550 462 824 745 1186 915 1228 
1549 466 1544 822 528 1030 345 290 9999 1441 404 614 574 860 570 1399 1165 1483 
319 1306 307 966 1708 1626 1098 1215 1441 9999 1203 949 912 930 1465 94 340 245 
1382 142 1374 424 509 728 338 464 404 1203 9999 263 295 465 326 1141 996 1305 
1150 357 1142 250 760 810 382 550 614 949 263 9999 117 274 525 883 774 1070 
1087 418 1079 359 805 918 293 462 574 912 295 117 9999 377 598 856 702 1009 
1188 486 1178 46 874 701 656 824 860 930 465 274 377 9999 590 847 853 1103 
1674 185 1666 544 293 461 650 745 570 1465 326 525 598 590 9999 1393 1296 1594 
411 1239 399 884 1643 1539 1060 1186 1399 94 1141 883 856 847 1393 9999 358 334 
389 1120 382 876 1504 1545 821 915 1165 340 996 774 702 853 1296 358 9999 318 
85 1423 75 1134 1814 1804 1139 1228 1483 245 1305 1070 1009 1103 1594 334 318 9999 
