NAME: ds_917_courier_1656
TYPE: TSP
COMMENT: nil
DIMENSION: 34
EDGE_WEIGHT_TYPE: EXPLICIT
EDGE_WEIGHT_FORMAT: FULL_MATRIX
EDGE_WEIGHT_SECTION
9999 3819 2802 4020 3987 3998 3179 3230 3913 3471 2729 2760 3068 3811 3241 2464 4101 4723 3205 3304 6799 2946 2402 2551 3107 3934 2873 2922 3240 3963 4704 3492 5459 3846 
3819 9999 2254 2448 2511 179 2046 1185 648 2842 2365 1107 2779 1079 849 3499 313 1525 2938 1725 3041 1051 3420 3418 2629 428 2604 3224 2234 146 1213 2410 7868 46 
2802 2254 9999 1218 1188 2376 417 1081 1872 854 126 1973 585 1500 1410 1299 2365 2273 774 694 4555 1291 1235 1198 483 2045 361 972 438 2345 2452 702 5642 2246 
4020 2448 1218 9999 88 2490 875 1451 1839 817 1294 2699 1123 1377 1810 2146 2399 1647 1116 935 3846 1896 2122 2014 1005 2073 1213 1574 780 2471 2008 541 6104 2419 
3987 2511 1188 88 9999 2556 867 1491 1908 738 1258 2732 1057 1444 1855 2075 2469 1734 1041 959 3933 1930 2054 1943 946 2141 1160 1499 754 2537 2092 497 6017 2482 
3998 179 2376 2490 2556 9999 2145 1297 654 2927 2489 1283 2886 1113 984 3635 166 1444 3039 1816 2867 1208 3558 3551 2733 419 2720 3341 2328 36 1098 2489 8003 155 
3179 2046 417 875 867 2145 9999 869 1579 817 533 1979 750 1163 1241 1660 2109 1875 894 340 4163 1210 1605 1547 592 1777 636 1234 196 2117 2084 459 5946 2030 
3230 1185 1081 1451 1491 1297 869 9999 820 1680 1197 1259 1594 582 379 2360 1284 1494 1755 573 3661 464 2287 2268 1445 970 1423 2043 1061 1267 1523 1271 6719 1173 
3913 648 1872 1839 1908 654 1579 820 9999 2324 1994 1445 2329 465 673 3167 562 970 2466 1240 2896 967 3097 3069 2170 235 2192 2807 1749 639 802 1877 7511 610 
3471 2842 854 817 738 2927 817 1680 2324 9999 848 2772 404 1872 2055 1356 2875 2381 315 1117 4633 2022 1345 1223 391 2539 615 767 621 2901 2687 450 5333 2823 
2729 2365 126 1294 1258 2489 533 1197 1994 848 9999 2041 530 1626 1518 1175 2482 2397 723 819 4680 1385 1109 1075 460 2164 285 870 524 2458 2578 764 5523 2358 
2760 1107 1973 2699 2732 1283 1979 1259 1445 2772 2041 9999 2558 1623 954 2975 1414 2410 2746 1777 4148 803 2886 2931 2446 1356 2325 2885 2170 1251 2215 2433 7263 1142 
3068 2779 585 1123 1057 2886 750 1594 2329 404 530 2558 9999 1907 1951 1029 2856 2545 193 1089 4827 1862 1000 899 162 2525 250 502 592 2857 2800 618 5207 2766 
3811 1079 1500 1377 1444 1113 1163 582 465 1872 1626 1623 1907 9999 683 2799 1027 913 2032 826 3102 939 2735 2693 1746 697 1794 2397 1318 1094 968 1423 7109 1047 
3241 849 1410 1810 1855 984 1241 379 673 2055 1518 954 1951 683 9999 2652 1006 1547 2118 951 3568 295 2574 2570 1806 738 1764 2381 1435 951 1466 1649 7021 845 
2464 3499 1299 2146 2075 3635 1660 2360 3167 1356 1175 2975 1029 2799 2652 9999 3640 3530 1042 1981 5819 2469 92 133 1170 3330 1030 598 1561 3602 3742 1645 4369 3496 
4101 313 2365 2399 2469 166 2109 1284 562 2875 2482 1414 2856 1027 1006 3640 9999 1285 3002 1774 2735 1255 3565 3551 2700 336 2702 3321 2287 183 933 2431 8003 273 
4723 1525 2273 1647 1734 1444 1875 1494 970 2381 2397 2410 2545 913 1547 3530 1285 9999 2621 1583 2289 1829 3478 3411 2387 1117 2499 3046 1971 1448 444 1955 7714 1479 
3205 2938 774 1116 1041 3039 894 1755 2466 315 723 2746 193 2032 2118 1042 3002 2621 9999 1228 4892 2040 1030 909 312 2669 442 458 717 3010 2899 666 5104 2923 
3304 1725 694 935 959 1816 340 573 1240 1117 819 1777 1089 826 951 1981 1774 1583 1228 9999 3862 979 1921 1872 930 1441 968 1573 513 1789 1762 698 6284 1707 
6799 3041 4555 3846 3933 2867 4163 3661 2896 4633 4680 4148 4827 3102 3568 5819 2735 2289 4892 3862 9999 3861 5767 5700 4671 2865 4788 5327 4260 2898 2139 4226 9949 3006 
2946 1051 1291 1896 1930 1208 1210 464 967 2022 1385 803 1862 939 295 2469 1255 1829 2040 979 3861 9999 2387 2397 1730 1015 1652 2255 1405 1173 1760 1653 6834 1058 
2402 3420 1235 2122 2054 3558 1605 2287 3097 1345 1109 2886 1000 2735 2574 92 3565 3478 1030 1921 5767 2387 9999 151 1134 3257 981 603 1514 3525 3683 1612 4449 3418 
2551 3418 1198 2014 1943 3551 1547 2268 3069 1223 1075 2931 899 2693 2570 133 3551 3411 909 1872 5700 2397 151 9999 1043 3238 913 466 1440 3518 3631 1516 4453 3414 
3107 2629 483 1005 946 2733 592 1445 2170 391 460 2446 162 1746 1806 1170 2700 2387 312 930 4671 1730 1134 1043 9999 2369 234 662 430 2704 2639 479 5369 2615 
3934 428 2045 2073 2141 419 1777 970 235 2539 2164 1356 2525 697 738 3330 336 1117 2669 1441 2865 1015 3257 3238 2369 9999 2377 2995 1953 405 861 2095 7687 386 
2873 2604 361 1213 1160 2720 636 1423 2192 615 285 2325 250 1794 1764 1030 2702 2499 442 968 4788 1652 981 913 234 2377 9999 620 533 2690 2720 674 5320 2594 
2922 3224 972 1574 1499 3341 1234 2043 2807 767 870 2885 502 2397 2381 598 3321 3046 458 1573 5327 2255 603 466 662 2995 620 9999 1090 3310 3301 1106 4712 3214 
3240 2234 438 780 754 2328 196 1061 1749 621 524 2170 592 1318 1435 1561 2287 1971 717 513 4260 1405 1514 1440 430 1953 533 1090 9999 2301 2211 290 5799 2217 
3963 146 2345 2471 2537 36 2117 1267 639 2901 2458 1251 2857 1094 951 3602 183 1448 3010 1789 2898 1173 3525 3518 2704 405 2690 3310 2301 9999 1110 2464 7971 120 
4704 1213 2452 2008 2092 1098 2084 1523 802 2687 2578 2215 2800 968 1466 3742 933 444 2899 1762 2139 1760 3683 3631 2639 861 2720 3301 2211 1110 9999 2244 8002 1167 
3492 2410 702 541 497 2489 459 1271 1877 450 764 2433 618 1423 1649 1645 2431 1955 666 698 4226 1653 1612 1516 479 2095 674 1106 290 2464 2244 9999 5763 2389 
5459 7868 5642 6104 6017 8003 5946 6719 7511 5333 5523 7263 5207 7109 7021 4369 8003 7714 5104 6284 9949 6834 4449 4453 5369 7687 5320 4712 5799 7971 8002 5763 9999 7865 
3846 46 2246 2419 2482 155 2030 1173 610 2823 2358 1142 2766 1047 845 3496 273 1479 2923 1707 3006 1058 3418 3414 2615 386 2594 3214 2217 120 1167 2389 7865 9999 
