NAME: ds_729_courier_3156
TYPE: TSP
COMMENT: nil
DIMENSION: 14
EDGE_WEIGHT_TYPE: EXPLICIT
EDGE_WEIGHT_FORMAT: FULL_MATRIX
EDGE_WEIGHT_SECTION
9999 3138 3083 3841 3718 3314 3596 3468 3111 3183 2572 3076 3521 3297 
3138 9999 68 792 850 1146 632 346 844 219 893 851 520 1107 
3083 68 9999 860 916 1187 700 412 878 273 825 882 588 1147 
3841 792 860 9999 316 1028 261 459 927 671 1673 960 319 1001 
3718 850 916 316 9999 723 226 594 677 664 1737 713 338 700 
3314 1146 1187 1028 723 9999 819 1095 332 932 1870 346 867 40 
3596 632 700 261 226 819 9999 369 676 464 1524 708 113 789 
3468 346 412 459 594 1095 369 9999 860 309 1214 881 264 1058 
3111 844 878 927 677 332 676 860 9999 642 1537 37 682 294 
3183 219 273 671 664 932 464 309 642 9999 1077 653 362 893 
2572 893 825 1673 1737 1870 1524 1214 1537 1077 9999 1526 1413 1831 
3076 851 882 960 713 346 708 881 37 653 1526 9999 710 310 
3521 520 588 319 338 867 113 264 682 362 1413 710 9999 834 
3297 1107 1147 1001 700 40 789 1058 294 893 1831 310 834 9999 
