NAME: ds_723_courier_949
TYPE: TSP
COMMENT: nil
DIMENSION: 20
EDGE_WEIGHT_TYPE: EXPLICIT
EDGE_WEIGHT_FORMAT: FULL_MATRIX
EDGE_WEIGHT_SECTION
9999 3670 2269 3174 3615 2883 2659 2158 2118 2478 3242 4084 3856 3929 4179 3938 3803 3783 2496 3162 
3670 9999 1939 507 140 1033 1159 1715 1952 1981 507 605 297 394 527 311 314 311 1815 593 
2269 1939 9999 1607 1824 909 803 413 175 257 1432 2521 2219 2314 2450 2250 1915 1894 228 1726 
3174 507 1607 9999 496 774 806 1315 1584 1706 361 957 690 773 1005 765 732 717 1532 185 
3615 140 1824 496 9999 916 1059 1619 1846 1857 402 741 435 531 627 434 241 229 1693 620 
2883 1033 909 774 916 9999 234 754 941 955 529 1625 1319 1415 1542 1344 1016 994 785 934 
2659 1159 803 806 1059 234 9999 562 795 909 657 1725 1428 1522 1683 1469 1193 1171 736 934 
2158 1715 413 1315 1619 754 562 9999 301 645 1217 2263 1973 2065 2241 2021 1754 1733 524 1405 
2118 1952 175 1584 1846 941 795 301 9999 431 1446 2519 2222 2316 2472 2262 1957 1935 385 1687 
2478 1981 257 1706 1857 955 909 645 431 9999 1482 2578 2271 2368 2475 2290 1917 1896 174 1842 
3242 507 1432 361 402 529 657 1217 1446 1482 9999 1096 790 886 1027 818 561 540 1314 547 
4084 605 2521 957 741 1625 1725 2263 2519 2578 1096 9999 309 211 340 325 799 811 2410 926 
3856 297 2219 690 435 1319 1428 1973 2222 2271 790 309 9999 97 340 113 529 536 2103 701 
3929 394 2314 773 531 1415 1522 2065 2316 2368 886 211 97 9999 306 145 608 618 2200 768 
4179 527 2450 1005 627 1542 1683 2241 2472 2475 1027 340 340 306 9999 243 580 598 2314 1037 
3938 311 2250 765 434 1344 1469 2021 2262 2290 818 325 113 145 243 9999 474 485 2125 794 
3803 314 1915 732 241 1016 1193 1754 1957 1917 561 799 529 608 580 474 9999 22 1762 861 
3783 311 1894 717 229 994 1171 1733 1935 1896 540 811 536 618 598 485 22 9999 1741 849 
2496 1815 228 1532 1693 785 736 524 385 174 1314 2410 2103 2200 2314 2125 1762 1741 9999 1668 
3162 593 1726 185 620 934 934 1405 1687 1842 547 926 701 768 1037 794 861 849 1668 9999 
