NAME: ds_723_courier_1656
TYPE: TSP
COMMENT: nil
DIMENSION: 13
EDGE_WEIGHT_TYPE: EXPLICIT
EDGE_WEIGHT_FORMAT: FULL_MATRIX
EDGE_WEIGHT_SECTION
9999 49 3242 4140 2849 4362 4106 3707 2341 2491 3285 5673 5456 
49 9999 3272 4171 2882 4399 4143 3734 2377 2529 3323 5687 5411 
3242 3272 9999 899 413 1337 1094 605 997 978 651 2963 6998 
4140 4171 899 9999 1301 873 777 602 1867 1801 1139 2434 7603 
2849 2882 413 1301 9999 1604 1346 993 586 595 648 3325 6841 
4362 4399 1337 873 1604 9999 260 1389 2025 1873 1077 3183 8317 
4106 4143 1094 777 1346 260 9999 1215 1767 1620 823 3179 8087 
3707 3734 605 602 993 1389 1215 9999 1575 1578 1160 2361 7002 
2341 2377 997 1867 586 2025 1767 1575 9999 218 952 3881 6729 
2491 2529 978 1801 595 1873 1620 1578 218 9999 797 3920 6947 
3285 3323 651 1139 648 1077 823 1160 952 797 9999 3485 7488 
5673 5687 2963 2434 3325 3183 3179 2361 3881 3920 3485 9999 7264 
5456 5411 6998 7603 6841 8317 8087 7002 6729 6947 7488 7264 9999 
