NAME: ds_826_courier_1656
TYPE: TSP
COMMENT: nil
DIMENSION: 31
EDGE_WEIGHT_TYPE: EXPLICIT
EDGE_WEIGHT_FORMAT: FULL_MATRIX
EDGE_WEIGHT_SECTION
9999 2879 2861 4101 4016 2811 3558 2808 3195 2998 3089 6296 4042 3401 5453 2751 3460 6335 3467 3367 2760 2925 3314 2895 3953 46 2839 2942 3327 3036 3227 
2879 9999 966 3125 1680 551 999 1058 1138 706 1104 4106 3424 2533 4590 143 613 3946 602 2446 2433 2813 1880 58 3353 2871 981 189 1050 2824 933 
2861 966 9999 2169 1160 415 778 113 343 325 243 3542 2458 1568 5544 1011 1054 3506 1112 1481 1538 1913 926 1023 2388 2868 28 804 475 1907 401 
4101 3125 2169 9999 2001 2581 2442 2094 2010 2425 2025 2735 491 723 7712 3180 3009 3063 3081 783 1344 1283 1245 3181 492 4130 2158 2950 2169 1160 2252 
4016 1680 1160 2001 9999 1338 689 1209 821 1111 927 2444 2449 1756 6080 1801 1259 2357 1326 1680 2138 2434 1108 1721 2411 4025 1179 1497 721 2371 841 
2811 551 415 2581 1338 9999 756 507 637 228 580 3778 2873 1982 5131 599 767 3686 809 1895 1907 2286 1336 609 2802 2812 430 399 625 2291 501 
3558 999 778 2442 689 756 9999 877 576 560 650 3107 2832 2011 5425 1127 597 2966 668 1924 2186 2539 1291 1037 2778 3560 806 822 355 2507 380 
2808 1058 113 2094 1209 507 877 9999 389 437 283 3559 2370 1476 5624 1094 1167 3542 1225 1390 1426 1802 858 1116 2297 2817 87 903 556 1798 497 
3195 1138 343 2010 821 637 576 389 9999 434 106 3203 2353 1492 5723 1218 1031 3164 1100 1403 1612 1969 784 1192 2290 3204 360 954 221 1942 251 
2998 706 325 2425 1111 228 560 437 434 9999 400 3550 2743 1861 5295 784 730 3462 788 1773 1862 2237 1183 761 2675 3001 350 526 397 2229 273 
3089 1104 243 2025 927 580 650 283 106 400 9999 3299 2350 1476 5695 1174 1057 3267 1123 1388 1553 1916 785 1160 2284 3098 258 926 301 1895 290 
6296 4106 3542 2735 2444 3778 3107 3559 3203 3550 3299 9999 3159 3158 8208 4234 3599 579 3654 3145 3823 3920 2995 4141 3196 6313 3555 3929 3154 3807 3278 
4042 3424 2458 491 2449 2873 2832 2370 2353 2743 2350 3159 9999 895 7985 3463 3376 3518 3447 980 1318 1121 1569 3482 89 4075 2444 3259 2533 1007 2602 
3401 2533 1568 723 1756 1982 2011 1476 1492 1861 1476 3158 895 9999 7090 2569 2522 3383 2591 89 683 783 720 2591 821 3429 1552 2371 1687 683 1743 
5453 4590 5544 7712 6080 5131 5425 5624 5723 5295 5695 8208 7985 7090 9999 4533 4830 7845 4760 7006 6844 7205 6467 4534 7909 5410 5555 4770 5603 7250 5499 
2751 143 1011 3180 1801 599 1127 1094 1218 784 1174 4234 3463 2569 4533 9999 755 4081 742 2483 2431 2809 1936 144 3390 2742 1023 305 1149 2827 1029 
3460 613 1054 3009 1259 767 597 1167 1031 730 1057 3599 3376 2522 4830 755 9999 3394 72 2434 2587 2959 1810 621 3316 3455 1080 518 844 2945 780 
6335 3946 3506 3063 2357 3686 2966 3542 3164 3462 3267 579 3518 3383 7845 4081 3394 9999 3441 3356 4017 4163 3100 3974 3544 6347 3524 3780 3077 4056 3195 
3467 602 1112 3081 1326 809 668 1225 1100 788 1123 3654 3447 2591 4760 742 72 3441 9999 2503 2648 3021 1880 603 3386 3461 1138 529 915 3008 849 
3367 2446 1481 783 1680 1895 1924 1390 1403 1773 1388 3145 980 89 7006 2483 2434 3356 2503 9999 680 822 633 2504 907 3394 1465 2284 1599 730 1654 
2760 2433 1538 1344 2138 1907 2186 1426 1612 1862 1553 3823 1318 683 6844 2431 2587 4017 2648 680 9999 380 1035 2489 1229 2790 1514 2305 1832 406 1842 
2925 2813 1913 1283 2434 2286 2539 1802 1969 2237 1916 3920 1121 783 7205 2809 2959 4163 3021 822 380 9999 1327 2869 1034 2959 1889 2684 2188 122 2205 
3314 1880 926 1245 1108 1336 1291 858 784 1183 785 2995 1569 720 6467 1936 1810 3100 1880 633 1035 1327 9999 1937 1507 3333 917 1706 970 1270 1034 
2895 58 1023 3181 1721 609 1037 1116 1192 761 1160 4141 3482 2591 4534 144 621 3974 603 2504 2489 2869 1937 9999 3411 2886 1039 240 1099 2881 984 
3953 3353 2388 492 2411 2802 2778 2297 2290 2675 2284 3196 89 821 7909 3390 3316 3544 3386 907 1229 1034 1507 3411 9999 3987 2372 3190 2473 919 2540 
46 2871 2868 4130 4025 2812 3560 2817 3204 3001 3098 6313 4075 3429 5410 2742 3455 6347 3461 3394 2790 2959 3333 2886 3987 9999 2847 2937 3333 3069 3233 
2839 981 28 2158 1179 430 806 87 360 350 258 3555 2444 1552 5555 1023 1080 3524 1138 1465 1514 1889 917 1039 2372 2847 9999 822 500 1885 428 
2942 189 804 2950 1497 399 822 903 954 526 926 3929 3259 2371 4770 305 518 3780 529 2284 2305 2684 1706 240 3190 2937 822 9999 861 2690 744 
3327 1050 475 2169 721 625 355 556 221 397 301 3154 2533 1687 5603 1149 844 3077 915 1599 1832 2188 970 1099 2473 3333 500 861 9999 2158 125 
3036 2824 1907 1160 2371 2291 2507 1798 1942 2229 1895 3807 1007 683 7250 2827 2945 4056 3008 730 406 122 1270 2881 919 3069 1885 2690 2158 9999 2183 
3227 933 401 2252 841 501 380 497 251 273 290 3278 2602 1743 5499 1029 780 3195 849 1654 1842 2205 1034 984 2540 3233 428 744 125 2183 9999 
