NAME: ds_807_courier_2665
TYPE: TSP
COMMENT: nil
DIMENSION: 19
EDGE_WEIGHT_TYPE: EXPLICIT
EDGE_WEIGHT_FORMAT: FULL_MATRIX
EDGE_WEIGHT_SECTION
9999 283 726 536 1243 486 563 835 750 650 1026 1365 1604 747 206 230 179 400 645 
283 9999 444 254 1525 696 466 745 520 930 1278 1637 1879 464 415 485 462 649 927 
726 444 9999 211 1969 1071 575 756 313 1365 1673 2053 2301 72 822 926 904 1059 1371 
536 254 211 9999 1773 931 546 786 417 1184 1524 1889 2132 214 661 722 714 898 1177 
1243 1525 1969 1773 9999 1075 1666 1847 1956 645 745 571 636 1987 1192 1055 1065 991 598 
486 696 1071 931 1075 9999 619 773 952 440 604 1001 1254 1116 288 541 403 146 561 
563 466 575 546 1666 619 9999 282 353 1021 1203 1614 1868 641 492 786 680 675 1092 
835 745 756 786 1847 773 282 9999 458 1207 1295 1715 1968 828 730 1050 932 867 1304 
750 520 313 417 1956 952 353 458 9999 1320 1548 1953 2206 384 764 977 910 983 1364 
650 930 1365 1184 645 440 1021 1207 1320 9999 476 729 959 1393 557 526 474 347 167 
1026 1278 1673 1524 745 604 1203 1295 1548 476 9999 421 673 1716 864 968 876 630 625 
1365 1637 2053 1889 571 1001 1614 1715 1953 729 421 9999 254 2090 1232 1255 1197 995 815 
1604 1879 2301 2132 636 1254 1868 1968 2206 959 673 254 9999 2336 1479 1479 1432 1243 1022 
747 464 72 214 1987 1116 641 828 384 1393 1716 2090 2336 9999 858 937 926 1096 1390 
206 415 822 661 1192 288 492 730 764 557 864 1232 1479 858 9999 342 207 238 605 
230 485 926 722 1055 541 786 1050 977 526 968 1255 1479 937 342 9999 143 409 471 
179 462 904 714 1065 403 680 932 910 474 876 1197 1432 926 207 143 9999 279 467 
400 649 1059 898 991 146 675 867 983 347 630 995 1243 1096 238 409 279 9999 439 
645 927 1371 1177 598 561 1092 1304 1364 167 625 815 1022 1390 605 471 467 439 9999 
