NAME: ds_803_courier_2688
TYPE: TSP
COMMENT: nil
DIMENSION: 26
EDGE_WEIGHT_TYPE: EXPLICIT
EDGE_WEIGHT_FORMAT: FULL_MATRIX
EDGE_WEIGHT_SECTION
9999 5272 4842 5200 5218 4889 4249 4044 2958 2875 3092 3273 3681 3275 2916 3566 3641 2731 3214 4462 3961 4390 5378 4269 6139 4392 
5272 9999 442 86 266 418 1060 1240 2332 2426 2233 2014 1618 2045 2358 1706 1714 2569 2223 1177 1354 1329 378 1116 1071 989 
4842 442 9999 362 516 266 618 802 1895 1987 1792 1601 1177 1604 1934 1278 1272 2131 1855 990 974 1141 702 804 1481 693 
5200 86 362 9999 306 376 979 1163 2256 2349 2155 1947 1540 1966 2288 1634 1633 2493 2169 1157 1295 1310 446 1071 1156 945 
5218 266 516 306 9999 339 1095 1240 2312 2409 2233 1946 1620 2047 2304 1670 1743 2551 2102 972 1262 1119 188 982 983 853 
4889 418 266 376 339 9999 765 901 1974 2071 1894 1620 1281 1708 1973 1334 1407 2213 1808 793 946 947 521 698 1319 571 
4249 1060 618 979 1095 765 9999 225 1292 1380 1179 1070 569 990 1367 713 655 1525 1420 1044 617 1154 1282 690 2078 673 
4044 1240 802 1163 1240 901 225 9999 1093 1186 996 845 381 809 1148 492 515 1330 1202 996 451 1082 1422 624 2220 650 
2958 2332 1895 2256 2312 1974 1292 1093 9999 103 192 520 724 332 300 647 699 239 896 1758 1124 1753 2486 1455 3277 1556 
2875 2426 1987 2349 2409 2071 1380 1186 103 9999 229 617 812 402 355 747 771 144 970 1860 1227 1855 2584 1558 3376 1658 
3092 2233 1792 2155 2233 1894 1179 996 192 229 9999 595 616 189 474 606 549 364 1027 1756 1103 1768 2412 1429 3208 1519 
3273 2014 1601 1947 1946 1620 1070 845 520 617 595 9999 598 539 370 367 719 722 478 1272 691 1251 2106 1010 2875 1127 
3681 1618 1177 1540 1620 1281 569 381 724 812 616 598 9999 428 825 250 199 956 1045 1258 608 1309 1801 896 2599 961 
3275 2045 1604 1966 2047 1708 990 809 332 402 189 539 428 9999 545 448 369 544 1008 1603 944 1626 2227 1265 3023 1349 
2916 2358 1934 2288 2304 1973 1367 1148 300 355 474 370 825 545 9999 658 869 406 622 1638 1057 1609 2468 1380 3242 1495 
3566 1706 1278 1634 1670 1334 713 492 647 747 606 367 250 448 658 9999 419 886 796 1155 497 1178 1842 823 2630 915 
3641 1714 1272 1633 1743 1407 655 515 699 771 549 719 199 369 869 419 9999 911 1188 1448 805 1504 1927 1082 2725 1137 
2731 2569 2131 2493 2551 2213 1525 1330 239 144 364 722 956 544 406 886 911 9999 1026 1983 1358 1971 2725 1689 3516 1792 
3214 2223 1855 2169 2102 1808 1420 1202 896 970 1027 478 1045 1008 622 796 1188 1026 9999 1253 881 1176 2237 1120 2954 1250 
4462 1177 990 1157 972 793 1044 996 1758 1860 1756 1272 1258 1603 1638 1155 1448 1983 1253 9999 660 154 1058 373 1711 373 
3961 1354 974 1295 1262 946 617 451 1124 1227 1103 691 608 944 1057 497 805 1358 881 660 9999 700 1417 331 2185 438 
4390 1329 1141 1310 1119 947 1154 1082 1753 1855 1768 1251 1309 1626 1609 1178 1504 1971 1176 154 700 9999 1196 465 1819 498 
5378 378 702 446 188 521 1282 1422 2486 2584 2412 2106 1801 2227 2468 1842 1927 2725 2237 1058 1417 1196 9999 1122 798 994 
4269 1116 804 1071 982 698 690 624 1455 1558 1429 1010 896 1265 1380 823 1082 1689 1120 373 331 465 1122 9999 1870 129 
6139 1071 1481 1156 983 1319 2078 2220 3277 3376 3208 2875 2599 3023 3242 2630 2725 3516 2954 1711 2185 1819 798 1870 9999 1749 
4392 989 693 945 853 571 673 650 1556 1658 1519 1127 961 1349 1495 915 1137 1792 1250 373 438 498 994 129 1749 9999 
