NAME: ds_718_courier_4849
TYPE: TSP
COMMENT: nil
DIMENSION: 22
EDGE_WEIGHT_TYPE: EXPLICIT
EDGE_WEIGHT_FORMAT: FULL_MATRIX
EDGE_WEIGHT_SECTION
9999 1811 2796 3238 2954 2854 2319 2414 3116 3642 3558 3437 2672 3354 3056 3249 3594 3543 2242 2364 3155 3114 
1811 9999 1013 1648 1218 1262 783 709 1423 1896 1827 1841 1163 1561 1254 1444 1847 1842 800 570 1373 1361 
2796 1013 9999 841 276 597 677 430 514 891 834 991 703 558 287 645 842 874 804 443 361 368 
3238 1648 841 9999 569 394 930 942 347 656 545 200 568 814 897 1260 634 440 997 1160 717 571 
2954 1218 276 569 9999 395 697 540 238 689 611 715 565 482 377 774 641 626 814 665 280 167 
2854 1262 597 394 395 9999 538 565 343 882 776 593 217 837 770 1168 843 720 614 809 658 511 
2319 783 677 930 697 538 9999 283 810 1355 1260 1129 389 1169 958 1316 1310 1230 127 531 958 864 
2414 709 430 942 540 565 283 9999 722 1229 1148 1133 520 969 717 1051 1181 1147 404 276 759 701 
3116 1423 514 347 238 343 810 722 9999 551 451 478 558 520 552 925 509 427 911 888 382 229 
3642 1896 891 656 689 882 1355 1229 551 9999 112 591 1099 439 728 914 49 227 1460 1330 546 535 
3558 1827 834 545 611 776 1260 1148 451 112 9999 491 992 447 704 936 92 129 1362 1266 510 469 
3437 1841 991 200 715 593 1129 1133 478 591 491 9999 765 855 1000 1331 583 365 1196 1340 805 676 
2672 1163 703 568 565 217 389 520 558 1099 992 765 9999 1034 925 1321 1060 933 433 793 843 705 
3354 1561 558 814 482 837 1169 969 520 439 447 855 1034 9999 318 492 398 554 1291 993 211 329 
3056 1254 287 897 377 770 958 717 552 728 704 1000 925 318 9999 398 682 782 1085 692 202 328 
3249 1444 645 1260 774 1168 1316 1051 925 914 936 1331 1321 492 398 9999 879 1046 1443 940 544 697 
3594 1847 842 634 641 843 1310 1181 509 49 92 583 1060 398 682 879 9999 220 1416 1281 498 486 
3543 1842 874 440 626 720 1230 1147 427 227 129 365 933 554 782 1046 220 9999 1324 1291 581 507 
2242 800 804 997 814 614 127 404 911 1460 1362 1196 433 1291 1085 1443 1416 1324 9999 633 1080 981 
2364 570 443 1160 665 809 531 276 888 1330 1266 1340 793 993 692 940 1281 1291 633 9999 804 798 
3155 1373 361 717 280 658 958 759 382 546 510 805 843 211 202 544 498 581 1080 804 9999 155 
3114 1361 368 571 167 511 864 701 229 535 469 676 705 329 328 697 486 507 981 798 155 9999 
