NAME: ds_829_courier_2665
TYPE: TSP
COMMENT: nil
DIMENSION: 21
EDGE_WEIGHT_TYPE: EXPLICIT
EDGE_WEIGHT_FORMAT: FULL_MATRIX
EDGE_WEIGHT_SECTION
9999 408 383 955 1891 374 1313 1505 936 1426 331 1696 1521 1445 1337 98 1115 1786 480 1373 1657 
408 9999 781 1335 2299 206 1719 1871 1341 1788 676 2075 1903 1777 1683 320 1496 2194 866 1769 1992 
383 781 9999 728 1529 753 939 1279 564 1213 391 1434 1261 1286 1158 461 872 1431 331 1080 1482 
955 1335 728 9999 1125 1207 737 556 547 485 661 741 568 574 439 1053 161 993 476 457 758 
1891 2299 1529 1125 9999 2227 606 980 968 1033 1694 805 816 1253 1170 1981 1010 139 1478 716 1233 
374 206 753 1207 2227 9999 1666 1724 1291 1639 549 1940 1770 1611 1525 324 1367 2114 758 1654 1826 
1313 1719 939 737 606 1666 9999 924 377 925 1160 902 791 1130 1001 1399 701 534 949 566 1216 
1505 1871 1279 556 980 1724 924 9999 955 90 1195 249 165 277 238 1602 408 846 1027 359 292 
936 1341 564 547 968 1291 377 955 9999 920 799 1028 873 1078 938 1022 598 876 597 648 1223 
1426 1788 1213 485 1033 1639 925 90 920 9999 1113 337 224 223 153 1523 347 897 951 369 304 
331 676 391 661 1694 549 1160 1195 799 1113 9999 1400 1228 1118 1015 421 822 1576 216 1105 1331 
1696 2075 1434 741 805 1940 902 249 1028 337 1400 9999 175 510 488 1794 581 682 1216 380 434 
1521 1903 1261 568 816 1770 791 165 873 224 1228 175 9999 438 373 1619 407 681 1042 233 443 
1445 1777 1286 574 1253 1611 1130 277 1078 223 1118 510 438 9999 140 1539 480 1118 989 587 215 
1337 1683 1158 439 1170 1525 1001 238 938 153 1015 488 373 140 9999 1433 340 1032 872 476 324 
98 320 461 1053 1981 324 1399 1602 1022 1523 421 1794 1619 1539 1433 9999 1212 1877 577 1471 1751 
1115 1496 872 161 1010 1367 701 408 598 347 822 581 407 480 340 1212 9999 874 635 312 639 
1786 2194 1431 993 139 2114 534 846 876 897 1576 682 681 1118 1032 1877 874 9999 1361 578 1105 
480 866 331 476 1478 758 949 1027 597 951 216 1216 1042 989 872 577 635 1361 9999 903 1195 
1373 1769 1080 457 716 1654 566 359 648 369 1105 380 233 587 476 1471 312 578 903 9999 650 
1657 1992 1482 758 1233 1826 1216 292 1223 304 1331 434 443 215 324 1751 639 1105 1195 650 9999 
