NAME: ds_909_courier_435
TYPE: TSP
COMMENT: nil
DIMENSION: 28
EDGE_WEIGHT_TYPE: EXPLICIT
EDGE_WEIGHT_FORMAT: FULL_MATRIX
EDGE_WEIGHT_SECTION
9999 944 988 1172 1182 1212 1836 306 1338 976 1292 1274 1129 1169 1011 489 989 1350 809 1611 1064 1557 1551 2973 494 972 966 1116 
944 9999 137 241 255 1598 1844 638 1150 190 1523 332 190 1314 1575 462 52 856 226 1905 369 903 985 2032 859 67 184 208 
988 137 9999 195 201 1525 1727 684 1029 61 1434 310 174 1222 1527 499 159 720 191 1814 233 768 848 2012 831 72 60 129 
1172 241 195 9999 18 1696 1837 866 1135 236 1590 117 59 1375 1713 684 212 773 386 1967 327 750 858 1818 1025 200 241 74 
1182 255 201 18 9999 1692 1826 876 1125 237 1584 117 76 1369 1713 693 227 760 392 1961 319 733 843 1812 1028 211 244 75 
1212 1598 1525 1696 1692 9999 800 1263 826 1470 243 1808 1695 390 312 1288 1647 1206 1371 403 1387 1479 1362 3367 822 1570 1467 1622 
1836 1844 1727 1837 1826 800 9999 1773 701 1666 593 1926 1861 668 1111 1718 1881 1102 1646 558 1514 1294 1141 3181 1354 1792 1669 1775 
306 638 684 866 876 1263 1773 9999 1190 676 1286 968 823 1122 1130 186 684 1119 509 1642 778 1299 1312 2669 445 666 665 811 
1338 1150 1029 1135 1125 826 701 1190 9999 968 613 1226 1160 439 1033 1092 1185 432 963 929 813 679 546 2599 850 1096 971 1073 
976 190 61 236 237 1470 1666 676 968 9999 1375 352 225 1162 1478 489 218 666 168 1755 180 728 800 2043 791 129 11 163 
1292 1523 1434 1590 1584 243 593 1286 613 1375 9999 1697 1597 216 534 1276 1569 1020 1301 381 1269 1286 1158 3195 843 1487 1375 1518 
1274 332 310 117 117 1808 1926 968 1226 352 1697 9999 146 1482 1829 789 291 845 501 2073 430 786 908 1707 1141 305 358 190 
1129 190 174 59 76 1695 1861 823 1160 225 1597 146 9999 1383 1701 643 156 811 360 1975 347 801 905 1853 1004 159 229 88 
1169 1314 1222 1375 1369 390 668 1122 439 1162 216 1482 1383 9999 605 1093 1359 820 1094 593 1053 1091 972 2990 691 1276 1162 1303 
1011 1575 1527 1713 1713 312 1111 1130 1033 1478 534 1829 1701 605 9999 1198 1626 1354 1353 682 1432 1632 1533 3462 728 1560 1474 1639 
489 462 499 684 693 1288 1718 186 1092 489 1276 789 643 1093 1198 9999 511 969 324 1647 597 1131 1155 2494 474 485 479 626 
989 52 159 212 227 1647 1881 684 1185 218 1569 291 156 1359 1626 511 9999 877 276 1951 391 909 997 1985 911 89 214 195 
1350 856 720 773 760 1206 1102 1119 432 666 1020 845 811 820 1354 969 877 9999 729 1357 487 277 206 2175 930 792 673 724 
809 226 191 386 392 1371 1646 509 963 168 1301 501 360 1094 1353 324 276 729 9999 1682 287 842 891 2204 645 208 158 319 
1611 1905 1814 1967 1961 403 558 1642 929 1755 381 2073 1975 593 682 1647 1951 1357 1682 9999 1644 1607 1468 3527 1197 1868 1755 1896 
1064 369 233 327 319 1387 1514 778 813 180 1269 430 347 1053 1432 597 391 487 287 1644 9999 558 622 2041 794 305 188 261 
1557 903 768 750 733 1479 1294 1299 679 728 1286 786 801 1091 1632 1131 909 277 842 1607 558 9999 153 1921 1175 836 738 724 
1551 985 848 858 843 1362 1141 1312 546 800 1158 908 905 972 1533 1155 997 206 891 1468 622 153 9999 2063 1136 918 809 823 
2973 2032 2012 1818 1812 3367 3181 2669 2599 2043 3195 1707 1853 2990 3462 2494 1985 2175 2204 3527 2041 1921 2063 9999 2827 2012 2051 1884 
494 859 831 1025 1028 822 1354 445 850 791 843 1141 1004 691 728 474 911 930 645 1197 794 1175 1136 2827 9999 853 784 953 
972 67 72 200 211 1570 1792 666 1096 129 1487 305 159 1276 1560 485 89 792 208 1868 305 836 918 2012 853 9999 125 153 
966 184 60 241 244 1467 1669 665 971 11 1375 358 229 1162 1474 479 214 673 158 1755 188 738 809 2051 784 125 9999 169 
1116 208 129 74 75 1622 1775 811 1073 163 1518 190 88 1303 1639 626 195 724 319 1896 261 724 823 1884 953 153 169 9999 
