NAME: ds_921_courier_949
TYPE: TSP
COMMENT: nil
DIMENSION: 25
EDGE_WEIGHT_TYPE: EXPLICIT
EDGE_WEIGHT_FORMAT: FULL_MATRIX
EDGE_WEIGHT_SECTION
9999 2684 1996 2643 2366 2428 3189 2858 2622 2343 2338 2267 2352 3689 3774 3923 3543 3522 3829 3863 4015 4118 3237 3371 3190 
2684 9999 809 507 716 659 562 446 360 354 356 443 708 1103 1489 1617 1274 1492 1609 1670 1754 1846 843 1039 873 
1996 809 9999 646 401 448 1371 1169 957 591 472 377 383 1911 2243 2381 2015 2165 2350 2405 2511 2608 1600 1787 1603 
2643 507 646 9999 321 247 964 951 849 641 494 490 326 1475 1954 2072 1752 1991 2081 2145 2214 2300 1322 1517 1363 
2366 716 401 321 9999 74 1241 1153 996 688 522 460 20 1768 2203 2330 1990 2198 2325 2386 2468 2559 1559 1754 1587 
2428 659 448 247 74 9999 1174 1100 953 662 496 446 81 1699 2143 2268 1932 2146 2266 2327 2407 2497 1500 1696 1531 
3189 562 1371 964 1241 1174 9999 384 585 856 909 1001 1237 540 1003 1113 824 1118 1137 1203 1257 1340 427 602 507 
2858 446 1169 951 1153 1100 384 9999 239 589 700 795 1143 831 1075 1212 849 1046 1185 1243 1342 1439 431 618 439 
2622 360 957 849 996 953 585 239 9999 366 501 592 984 1067 1292 1433 1060 1217 1394 1449 1559 1658 660 837 650 
2343 354 591 641 688 662 856 589 366 9999 167 240 673 1382 1657 1797 1426 1576 1760 1815 1924 2023 1020 1201 1016 
2338 356 472 494 522 496 909 700 501 167 9999 96 507 1447 1775 1911 1548 1718 1884 1941 2042 2139 1130 1318 1137 
2267 443 377 490 460 446 1001 795 592 240 96 9999 443 1540 1870 2007 1643 1808 1979 2036 2138 2234 1225 1413 1232 
2352 708 383 326 20 81 1237 1143 984 673 507 443 9999 1765 2196 2323 1982 2187 2317 2378 2461 2553 1551 1746 1578 
3689 1103 1911 1475 1768 1699 540 831 1067 1382 1447 1540 1765 9999 660 713 603 949 800 865 855 914 516 517 604 
3774 1489 2243 1954 2203 2143 1003 1075 1292 1657 1775 1870 2196 660 9999 149 236 398 142 209 268 366 647 457 641 
3923 1617 2381 2072 2330 2268 1113 1212 1433 1797 1911 2007 2323 713 149 9999 384 505 158 195 145 229 782 596 783 
3543 1274 2015 1752 1990 1932 824 849 1060 1426 1548 1643 1982 603 236 384 9999 346 336 396 500 601 432 236 411 
3522 1492 2165 1991 2198 2146 1118 1046 1217 1576 1718 1808 2187 949 398 505 346 9999 358 365 533 629 694 520 632 
3829 1609 2350 2081 2325 2266 1137 1185 1394 1760 1884 1979 2317 800 142 158 336 358 9999 67 186 289 765 570 747 
3863 1670 2405 2145 2386 2327 1203 1243 1449 1815 1941 2036 2378 865 209 195 396 365 67 9999 169 264 827 631 805 
4015 1754 2511 2214 2468 2407 1257 1342 1559 1924 2042 2138 2461 855 268 145 500 533 186 169 9999 104 915 725 908 
4118 1846 2608 2300 2559 2497 1340 1439 1658 2023 2139 2234 2553 914 366 229 601 629 289 264 104 9999 1010 822 1007 
3237 843 1600 1322 1559 1500 427 431 660 1020 1130 1225 1551 516 647 782 432 694 765 827 915 1010 9999 196 99 
3371 1039 1787 1517 1754 1696 602 618 837 1201 1318 1413 1746 517 457 596 236 520 570 631 725 822 196 9999 188 
3190 873 1603 1363 1587 1531 507 439 650 1016 1137 1232 1578 604 641 783 411 632 747 805 908 1007 99 188 9999 
