NAME: ds_902_courier_487
TYPE: TSP
COMMENT: nil
DIMENSION: 16
EDGE_WEIGHT_TYPE: EXPLICIT
EDGE_WEIGHT_FORMAT: FULL_MATRIX
EDGE_WEIGHT_SECTION
9999 2375 3815 3705 3149 3060 3901 2659 4637 3585 3636 2813 2865 2369 3700 2649 
2375 9999 3247 2964 2722 2839 3362 946 3396 1860 2291 2599 2748 9 2876 332 
3815 3247 9999 332 667 785 115 2334 6620 5042 5530 1006 986 3254 461 3091 
3705 2964 332 9999 603 812 438 2037 6321 4738 5237 961 995 2971 132 2792 
3149 2722 667 603 9999 257 761 1868 6117 4562 5013 359 403 2728 656 2612 
3060 2839 785 812 257 9999 854 2027 6232 4692 5122 269 202 2844 885 2754 
3901 3362 115 438 761 854 9999 2449 6735 5157 5645 1089 1056 3369 564 3206 
2659 946 2334 2037 1868 2027 2449 9999 4286 2710 3200 1819 1977 954 1942 756 
4637 3396 6620 6321 6117 6232 6735 4286 9999 1591 1115 5987 6133 3390 6221 3529 
3585 1860 5042 4738 4562 4692 5157 2710 1591 9999 629 4456 4607 1856 4636 1955 
3636 2291 5530 5237 5013 5122 5645 3200 1115 629 9999 4875 5020 2285 5141 2447 
2813 2599 1006 961 359 269 1089 1819 5987 4456 4875 9999 159 2604 1005 2530 
2865 2748 986 995 403 202 1056 1977 6133 4607 5020 159 9999 2753 1057 2685 
2369 9 3254 2971 2728 2844 3369 954 3390 1856 2285 2604 2753 9999 2883 341 
3700 2876 461 132 656 885 564 1942 6221 4636 5141 1005 1057 2883 9999 2695 
2649 332 3091 2792 2612 2754 3206 756 3529 1955 2447 2530 2685 341 2695 9999 
