,0,1,2,3,4,5,6
0,0.0,3481.981250049374,3031.971471086573,2972.441477211879,2624.6901590618845,2768.3107691965565,3608.4316269383207
1,3481.981250049374,0.0,582.2057237853226,2335.054517537175,2568.582119251908,1725.9016315403912,157.63097793359762
2,3031.971471086573,582.2057237853226,0.0,2442.901695469993,2581.96660902104,1802.051173061113,644.5468836795443
3,2972.441477211879,2335.054517537175,2442.901695469993,0.0,445.985516400919,641.2844425879243,2483.7153473739704
4,2624.6901590618845,2568.582119251908,2581.96660902104,445.985516400919,0.0,850.7166582535588,2723.404678494287
5,2768.3107691965565,1725.9016315403912,1802.051173061113,641.2844425879243,850.7166582535588,0.0,1879.0318938192659
6,3608.4316269383207,157.63097793359762,644.5468836795443,2483.7153473739704,2723.404678494287,1879.0318938192659,0.0
