NAME: ds_701_courier_75
TYPE: TSP
COMMENT: nil
DIMENSION: 17
EDGE_WEIGHT_TYPE: EXPLICIT
EDGE_WEIGHT_FORMAT: FULL_MATRIX
EDGE_WEIGHT_SECTION
9999 1504 2028 2090 1153 1464 1967 2065 2378 362 568 816 1286 1583 4017 1177 1218 
1504 9999 1468 1543 590 92 590 579 884 1311 1150 868 900 1041 3063 353 1314 
2028 1468 9999 76 1901 1548 1951 1758 1617 2109 2093 1964 2262 2474 4436 1598 2587 
2090 1543 76 9999 1977 1623 2021 1824 1672 2178 2165 2039 2338 2550 4503 1674 2662 
1153 590 1901 1977 9999 504 844 1010 1417 863 659 357 361 612 2969 307 732 
1464 92 1548 1623 504 9999 569 602 944 1254 1085 796 809 951 3013 293 1224 
1967 590 1951 2021 844 569 9999 284 738 1703 1504 1200 957 912 2501 809 1388 
2065 579 1758 1824 1010 602 284 9999 460 1838 1653 1352 1189 1181 2678 888 1627 
2378 884 1617 1672 1417 944 738 460 9999 2195 2029 1738 1635 1641 2913 1234 2074 
362 1311 2109 2178 863 1254 1703 1838 2195 9999 218 507 941 1231 3660 962 858 
568 1150 2093 2165 659 1085 1504 1653 2029 218 9999 304 724 1016 3449 798 682 
816 868 1964 2039 357 796 1200 1352 1738 507 304 9999 497 801 3231 520 640 
1286 900 2262 2338 361 809 957 1189 1635 941 724 497 9999 304 2738 666 439 
1583 1041 2474 2550 612 951 912 1181 1641 1231 1016 801 304 9999 2436 888 553 
4017 3063 4436 4503 2969 3013 2501 2678 2913 3660 3449 3231 2738 2436 9999 3143 2856 
1177 353 1598 1674 307 293 809 888 1234 962 798 520 666 888 3143 9999 1030 
1218 1314 2587 2662 732 1224 1388 1627 2074 858 682 640 439 553 2856 1030 9999 
