NAME: ds_902_courier_2688
TYPE: TSP
COMMENT: nil
DIMENSION: 32
EDGE_WEIGHT_TYPE: EXPLICIT
EDGE_WEIGHT_FORMAT: FULL_MATRIX
EDGE_WEIGHT_SECTION
9999 4578 4873 4792 4571 5027 5149 4003 4088 4106 4270 3267 2864 4246 3046 3265 3860 2752 3346 3772 3222 2677 3965 5138 5088 4920 2993 3160 3300 5172 4622 3228 
4578 9999 315 352 25 449 594 634 512 474 322 1444 1810 455 1625 1419 757 1840 1290 807 1360 1930 814 591 511 589 1667 1450 1323 847 271 1365 
4873 315 9999 194 314 200 281 887 787 781 636 1693 2074 663 1887 1674 1024 2127 1557 1105 1651 2211 1014 277 232 608 1932 1760 1635 796 302 1649 
4792 352 194 9999 338 386 379 790 713 753 637 1573 1964 549 1777 1560 933 2040 1455 1049 1575 2119 876 360 398 789 1825 1720 1604 989 171 1565 
4571 25 314 338 9999 458 594 618 499 470 323 1430 1797 434 1612 1405 744 1831 1277 800 1352 1920 794 590 517 612 1654 1448 1322 869 249 1356 
5027 449 200 386 458 9999 223 1065 954 922 762 1875 2250 852 2064 1854 1197 2289 1731 1256 1809 2377 1207 240 74 499 2108 1892 1762 635 501 1813 
5149 594 281 379 594 223 9999 1153 1061 1062 916 1948 2336 919 2149 1933 1293 2400 1823 1384 1927 2482 1254 29 158 715 2195 2041 1917 815 540 1923 
4003 634 887 790 618 1065 1153 9999 140 309 435 812 1187 245 1000 789 144 1251 670 325 790 1330 256 1140 1115 1168 1045 983 891 1443 619 776 
4088 512 787 713 499 954 1061 140 9999 183 294 935 1298 217 1113 907 245 1340 778 340 866 1425 387 1050 1009 1030 1155 1015 909 1306 543 863 
4106 474 781 753 470 922 1062 309 183 9999 170 1037 1373 364 1193 1002 362 1377 858 338 894 1470 565 1056 985 912 1229 979 856 1189 595 907 
4270 322 636 637 323 762 916 435 294 170 9999 1202 1542 390 1362 1169 518 1546 1026 508 1063 1640 676 912 828 747 1399 1131 1002 1024 497 1077 
3267 1444 1693 1573 1430 1875 1948 812 935 1037 1202 9999 403 1030 224 59 691 583 212 738 419 618 707 1932 1923 1949 279 768 806 2226 1408 340 
2864 1810 2074 1964 1797 2250 2336 1187 1298 1373 1542 403 9999 1417 188 406 1054 290 520 1045 539 263 1107 2321 2301 2278 143 783 881 2554 1797 490 
4246 455 663 549 434 852 919 245 217 364 390 1030 1417 9999 1230 1014 390 1494 906 545 1035 1571 361 904 895 1033 1277 1218 1118 1299 380 1020 
3046 1625 1887 1777 1612 2064 2149 1000 1113 1193 1362 224 188 1230 9999 219 868 373 336 870 406 396 922 2133 2115 2101 56 708 782 2378 1609 342 
3265 1419 1674 1560 1405 1854 1933 789 907 1002 1169 59 406 1014 219 9999 663 557 159 695 360 602 702 1917 1903 1913 271 710 746 2191 1393 281 
3860 757 1024 933 744 1197 1293 144 245 362 518 691 1054 390 868 663 9999 1108 534 223 646 1189 289 1280 1249 1264 911 848 764 1541 762 632 
2752 1840 2127 2040 1831 2289 2400 1251 1340 1377 1546 583 290 1494 373 557 1108 9999 601 1039 483 109 1229 2388 2346 2253 321 593 719 2523 1870 477 
3346 1290 1557 1455 1277 1731 1823 670 778 858 1026 212 520 906 336 159 534 601 9999 541 258 669 628 1808 1783 1768 377 606 619 2045 1286 188 
3772 807 1105 1049 800 1256 1384 325 340 338 508 738 1045 545 870 695 223 1039 541 9999 556 1132 511 1375 1316 1233 903 676 572 1509 880 570 
3222 1360 1651 1575 1352 1809 1927 790 866 894 1063 419 539 1035 406 360 646 483 258 556 9999 579 820 1916 1868 1774 414 353 390 2047 1404 79 
2677 1930 2211 2119 1920 2377 2482 1330 1425 1470 1640 618 263 1571 396 602 1189 109 669 1132 579 9999 1292 2469 2433 2353 341 702 827 2624 1949 565 
3965 814 1014 876 794 1207 1254 256 387 565 676 707 1107 361 922 702 289 1229 628 511 820 1292 9999 1236 1246 1382 973 1085 1021 1652 718 782 
5138 591 277 360 590 240 29 1140 1050 1056 912 1932 2321 904 2133 1917 1280 2388 1808 1375 1916 2469 1236 9999 179 736 2181 2035 1911 841 524 1911 
5088 511 232 398 517 74 158 1115 1009 985 828 1923 2301 895 2115 1903 1249 2346 1783 1316 1868 2433 1246 179 9999 558 2159 1958 1829 670 532 1870 
4920 589 608 789 612 499 715 1168 1030 912 747 1949 2278 1033 2101 1913 1264 2253 1768 1233 1774 2353 1382 736 558 9999 2136 1762 1621 278 814 1800 
2993 1667 1932 1825 1654 2108 2195 1045 1155 1229 1399 279 143 1277 56 271 911 321 377 903 414 341 973 2181 2159 2136 9999 695 779 2412 1657 357 
3160 1450 1760 1720 1448 1892 2041 983 1015 979 1131 768 783 1218 708 710 848 593 606 676 353 702 1085 2035 1958 1762 695 9999 142 2019 1554 431 
3300 1323 1635 1604 1322 1762 1917 891 909 856 1002 806 881 1118 782 746 764 719 619 572 390 827 1021 1911 1829 1621 779 142 9999 1878 1441 467 
5172 847 796 989 869 635 815 1443 1306 1189 1024 2226 2554 1299 2378 2191 1541 2523 2045 1509 2047 2624 1652 841 670 278 2412 2019 1878 9999 1046 2074 
4622 271 302 171 249 501 540 619 543 595 497 1408 1797 380 1609 1393 762 1870 1286 880 1404 1949 718 524 532 814 1657 1554 1441 1046 9999 1394 
3228 1365 1649 1565 1356 1813 1923 776 863 907 1077 340 490 1020 342 281 632 477 188 570 79 565 782 1911 1870 1800 357 431 467 2074 1394 9999 
