NAME: ds_530_courier_4849
TYPE: TSP
COMMENT: nil
DIMENSION: 31
EDGE_WEIGHT_TYPE: EXPLICIT
EDGE_WEIGHT_FORMAT: FULL_MATRIX
EDGE_WEIGHT_SECTION
9999 2979 3035 3048 3029 2959 3792 3721 4019 3323 3687 3371 2813 2981 3254 3806 3616 2750 3242 2977 3525 2693 3546 2922 3587 3565 3582 3289 2881 3487 3573 
2979 9999 469 112 56 112 916 773 1129 392 724 448 179 492 326 948 649 231 407 474 758 627 635 241 618 593 615 440 336 579 608 
3035 469 9999 382 445 361 1214 1008 1390 740 933 788 445 62 699 1256 861 502 270 59 491 363 558 252 682 673 673 309 204 506 661 
3048 112 382 9999 67 92 912 745 1114 396 686 450 236 414 340 947 610 302 295 397 646 597 534 195 540 517 535 329 291 476 526 
3029 56 445 67 9999 111 888 735 1096 365 682 421 221 473 303 921 606 279 358 456 707 635 579 237 565 540 561 389 334 523 554 
2959 112 361 92 111 9999 996 834 1201 475 777 530 152 380 414 1030 701 221 344 362 696 524 610 129 629 607 623 384 226 551 614 
3792 916 1214 912 888 996 9999 238 227 524 320 468 1093 1268 590 47 372 1132 962 1255 1083 1505 817 1105 621 611 632 940 1197 825 643 
3721 773 1008 745 735 834 238 9999 382 399 83 350 952 1065 468 285 147 1001 747 1053 845 1320 581 930 385 376 396 720 1016 591 407 
4019 1129 1390 1114 1096 1201 227 382 9999 738 458 683 1307 1446 806 217 528 1350 1128 1435 1192 1699 936 1304 746 743 757 1099 1393 955 769 
3323 392 740 396 365 475 524 399 738 9999 369 56 570 786 70 556 304 612 531 770 786 993 553 591 418 390 421 529 686 522 423 
3687 724 933 686 682 777 320 83 458 369 9999 327 902 991 436 368 76 954 669 979 762 1252 497 867 302 293 312 641 950 508 324 
3371 448 788 450 421 530 468 350 683 56 327 9999 625 835 124 501 268 667 571 820 809 1047 566 645 415 388 420 565 740 540 423 
2813 179 445 236 221 152 1093 952 1307 570 902 625 9999 444 503 1124 826 70 488 426 837 493 761 194 775 752 770 531 256 703 762 
2981 492 62 414 473 380 1268 1065 1446 786 991 835 444 9999 741 1309 918 496 330 19 544 302 619 260 743 734 734 370 191 568 722 
3254 326 699 340 303 414 590 468 806 70 436 124 503 741 9999 622 368 543 508 725 788 936 569 534 454 425 456 512 630 532 455 
3806 948 1256 947 921 1030 47 285 217 556 368 501 1124 1309 622 9999 418 1161 1006 1295 1130 1542 865 1142 669 657 679 984 1234 871 690 
3616 649 861 610 606 701 372 147 528 304 76 268 826 918 368 418 9999 879 600 907 717 1177 451 791 257 242 267 574 875 454 276 
2750 231 502 302 279 221 1132 1001 1350 612 954 667 70 496 543 1161 879 9999 558 479 906 507 830 257 840 816 835 601 305 772 827 
3242 407 270 295 358 344 962 747 1128 531 669 571 488 330 508 1006 600 558 9999 323 353 620 307 327 413 404 403 47 362 250 391 
2977 474 59 397 456 362 1255 1053 1435 770 979 820 426 19 725 1295 907 479 323 9999 549 304 615 242 735 725 726 363 174 563 714 
3525 758 491 646 707 696 1083 845 1192 786 762 809 837 544 788 1130 717 906 353 549 9999 839 266 660 462 475 451 318 666 272 441 
2693 627 363 597 635 524 1505 1320 1699 993 1252 1047 493 302 936 1542 1177 507 620 304 839 9999 918 402 1029 1016 1020 663 308 865 1008 
3546 635 558 534 579 610 817 581 936 553 497 566 761 619 569 865 451 830 307 615 266 918 9999 625 196 210 186 260 669 59 175 
2922 241 252 195 237 129 1105 930 1304 591 867 645 194 260 534 1142 791 257 327 242 660 402 625 9999 682 664 675 373 97 566 665 
3587 618 682 540 565 629 621 385 746 418 302 415 775 743 454 669 257 840 413 735 462 1029 196 682 9999 29 11 375 747 209 23 
3565 593 673 517 540 607 611 376 743 390 293 388 752 734 425 657 242 816 404 725 475 1016 210 664 29 9999 32 368 732 215 37 
3582 615 673 535 561 623 632 396 757 421 312 420 770 734 456 679 267 835 403 726 451 1020 186 675 11 32 9999 365 740 198 12 
3289 440 309 329 389 384 940 720 1099 529 641 565 531 370 512 984 574 601 47 363 318 663 260 373 375 368 365 9999 410 204 353 
2881 336 204 291 334 226 1197 1016 1393 686 950 740 256 191 630 1234 875 305 362 174 666 308 669 97 747 732 740 410 9999 611 729 
3487 579 506 476 523 551 825 591 955 522 508 540 703 568 532 871 454 772 250 563 272 865 59 566 209 215 198 204 611 9999 186 
3573 608 661 526 554 614 643 407 769 423 324 423 762 722 455 690 276 827 391 714 441 1008 175 665 23 37 12 353 729 186 9999 
