NAME: ds_929_courier_1656
TYPE: TSP
COMMENT: nil
DIMENSION: 14
EDGE_WEIGHT_TYPE: EXPLICIT
EDGE_WEIGHT_FORMAT: FULL_MATRIX
EDGE_WEIGHT_SECTION
9999 5453 2745 3064 6204 5811 2548 2971 2842 3063 3028 3736 3077 3005 
5453 9999 5558 5193 7810 8943 4474 4414 5148 5605 5504 5690 5738 5371 
2745 5558 9999 557 3487 3602 1090 1197 454 322 317 1014 341 372 
3064 5193 557 9999 3345 3807 869 780 222 428 332 739 564 206 
6204 7810 3487 3345 9999 2242 4181 3921 3542 3188 3247 2606 3146 3313 
5811 8943 3602 3807 2242 9999 4640 4575 3909 3440 3538 3253 3324 3660 
2548 4474 1090 869 4181 4640 9999 423 731 1200 1102 1585 1319 983 
2971 4414 1197 780 3921 4575 423 9999 753 1193 1092 1385 1328 959 
2842 5148 454 222 3542 3909 731 753 9999 471 372 943 596 253 
3063 5605 322 428 3188 3440 1200 1193 471 9999 101 693 137 234 
3028 5504 317 332 3247 3538 1102 1092 372 101 9999 710 236 133 
3736 5690 1014 739 2606 3253 1585 1385 943 693 710 9999 731 736 
3077 5738 341 564 3146 3324 1319 1328 596 137 236 731 9999 369 
3005 5371 372 206 3313 3660 983 959 253 234 133 736 369 9999 
