NAME: ds_1010_courier_87
TYPE: TSP
COMMENT: nil
DIMENSION: 11
EDGE_WEIGHT_TYPE: EXPLICIT
EDGE_WEIGHT_FORMAT: FULL_MATRIX
EDGE_WEIGHT_SECTION
9999 1708 2000 1506 1061 901 1434 1387 552 1576 1230 
1708 9999 329 203 705 984 625 1260 1691 1353 1289 
2000 329 9999 509 1030 1312 935 1568 2015 1645 1608 
1506 203 509 9999 525 812 549 1166 1507 1283 1171 
1061 705 1030 525 9999 291 418 793 986 960 741 
901 984 1312 812 291 9999 544 626 717 816 526 
1434 625 935 549 418 544 9999 635 1236 736 676 
1387 1260 1568 1166 793 626 635 9999 966 195 164 
552 1691 2015 1507 986 717 1236 966 9999 1135 802 
1576 1353 1645 1283 960 816 736 195 1135 9999 346 
1230 1289 1608 1171 741 526 676 164 802 346 9999 
