NAME: ds_705_courier_435
TYPE: TSP
COMMENT: nil
DIMENSION: 16
EDGE_WEIGHT_TYPE: EXPLICIT
EDGE_WEIGHT_FORMAT: FULL_MATRIX
EDGE_WEIGHT_SECTION
9999 1221 1268 268 1127 1165 1313 1381 900 1736 1003 1065 1591 1113 1340 1516 
1221 9999 86 1057 1423 286 1233 225 376 1670 294 197 1249 1749 180 1631 
1268 86 9999 1091 1399 240 1190 142 394 1616 376 278 1187 1741 224 1590 
268 1057 1091 9999 898 953 1052 1189 703 1486 887 929 1324 963 1199 1279 
1127 1423 1399 898 9999 1163 393 1410 1086 643 1438 1417 722 438 1603 393 
1165 286 240 953 1163 9999 951 260 269 1384 473 391 967 1517 459 1350 
1313 1233 1190 1052 393 951 9999 1165 965 473 1326 1280 336 829 1410 402 
1381 225 142 1189 1410 260 1165 9999 487 1569 517 419 1123 1774 312 1567 
900 376 394 703 1086 269 965 487 9999 1430 362 331 1069 1384 545 1343 
1736 1670 1616 1486 643 1384 473 1569 1430 9999 1789 1737 469 968 1840 280 
1003 294 376 887 1438 473 1326 517 362 1789 9999 98 1410 1705 348 1705 
1065 197 278 929 1417 391 1280 419 331 1737 98 9999 1344 1705 275 1667 
1591 1249 1187 1324 722 967 336 1123 1069 469 1410 1344 9999 1151 1410 586 
1113 1749 1741 963 438 1517 829 1774 1384 968 1705 1705 1151 9999 1926 688 
1340 180 224 1199 1603 459 1410 312 545 1840 348 275 1410 1926 9999 1809 
1516 1631 1590 1279 393 1350 402 1567 1343 280 1705 1667 586 688 1809 9999 
