NAME: ds_603_courier_4849
TYPE: TSP
COMMENT: nil
DIMENSION: 20
EDGE_WEIGHT_TYPE: EXPLICIT
EDGE_WEIGHT_FORMAT: FULL_MATRIX
EDGE_WEIGHT_SECTION
9999 3498 4053 1917 2875 2973 3521 2698 3531 3237 3581 3596 3491 2644 2677 3297 3362 3266 2682 2346 
3498 9999 876 1632 727 550 24 824 34 286 185 191 49 913 887 650 613 565 866 1313 
4053 876 9999 2137 1197 1168 864 1577 857 1127 693 685 840 1690 1673 756 691 793 1641 1711 
1917 1632 2137 9999 962 1086 1655 927 1665 1403 1689 1703 1616 936 969 1382 1446 1349 951 451 
2875 727 1197 962 9999 218 748 536 757 590 743 757 699 658 661 467 519 406 619 592 
2973 550 1168 1086 218 9999 573 428 583 376 608 623 532 550 543 523 551 431 504 770 
3521 24 864 1655 748 573 9999 847 10 307 178 182 58 935 909 661 622 578 888 1336 
2698 824 1577 927 536 428 847 9999 857 546 949 962 829 124 125 947 978 858 82 797 
3531 34 857 1665 757 583 10 857 9999 317 174 178 64 945 919 664 625 582 898 1345 
3237 286 1127 1403 590 376 307 546 317 9999 443 454 302 628 602 711 702 610 582 1135 
3581 185 693 1689 743 608 178 949 174 443 9999 15 147 1048 1026 546 495 480 1000 1334 
3596 191 685 1703 757 623 182 962 178 454 15 9999 156 1061 1039 555 503 491 1013 1348 
3491 49 840 1616 699 532 58 829 64 302 147 156 9999 922 897 603 565 520 874 1289 
2644 913 1690 936 658 550 935 124 945 628 1048 1061 922 9999 35 1071 1101 981 49 865 
2677 887 1673 969 661 543 909 125 919 602 1026 1039 897 35 9999 1065 1093 973 43 890 
3297 650 756 1382 467 523 661 947 664 711 546 555 603 1071 1065 9999 70 102 1025 957 
3362 613 691 1446 519 551 622 978 625 702 495 503 565 1101 1093 70 9999 120 1054 1024 
3266 565 793 1349 406 431 578 858 582 610 480 491 520 981 973 102 120 9999 935 939 
2682 866 1641 951 619 504 888 82 898 582 1000 1013 874 49 43 1025 1054 935 9999 856 
2346 1313 1711 451 592 770 1336 797 1345 1135 1334 1348 1289 865 890 957 1024 939 856 9999 
