NAME: ds_915_courier_487
TYPE: TSP
COMMENT: nil
DIMENSION: 16
EDGE_WEIGHT_TYPE: EXPLICIT
EDGE_WEIGHT_FORMAT: FULL_MATRIX
EDGE_WEIGHT_SECTION
9999 3633 4239 3469 3835 3742 2928 2797 2327 2512 2787 2835 3004 3166 3715 3614 
3633 9999 6144 3948 4895 4874 2857 1846 2535 1156 1072 968 672 727 164 34 
4239 6144 9999 2422 1489 1444 3361 4316 3614 5547 5952 5920 5849 6159 6107 6149 
3469 3948 2422 9999 982 993 1100 2116 1631 3636 4030 3967 3807 4133 3880 3961 
3835 4895 1489 982 9999 109 2039 3050 2460 4483 4886 4833 4703 5027 4836 4905 
3742 4874 1444 993 109 9999 2024 3028 2420 4439 4843 4792 4669 4991 4819 4884 
2928 2857 3361 1100 2039 2024 9999 1017 667 2565 2951 2883 2711 3037 2796 2868 
2797 1846 4316 2116 3050 3028 1017 9999 778 1634 1993 1913 1710 2037 1796 1856 
2327 2535 3614 1631 2460 2420 667 778 9999 2025 2426 2373 2255 2575 2510 2539 
2512 1156 5547 3636 4483 4439 2565 1634 2025 9999 406 381 496 683 1269 1133 
2787 1072 5952 4030 4886 4843 2951 1993 2426 406 9999 114 448 400 1219 1041 
2835 968 5920 3967 4833 4792 2883 1913 2373 381 114 9999 334 332 1111 938 
3004 672 5849 3807 4703 4669 2711 1710 2255 496 448 334 9999 327 801 646 
3166 727 6159 4133 5027 4991 3037 2037 2575 683 400 332 327 9999 886 693 
3715 164 6107 3880 4836 4819 2796 1796 2510 1269 1219 1111 801 886 9999 198 
3614 34 6149 3961 4905 4884 2868 1856 2539 1133 1041 938 646 693 198 9999 
