NAME: ds_703_courier_4474
TYPE: TSP
COMMENT: nil
DIMENSION: 14
EDGE_WEIGHT_TYPE: EXPLICIT
EDGE_WEIGHT_FORMAT: FULL_MATRIX
EDGE_WEIGHT_SECTION
9999 1614 1443 1792 1437 2228 1507 1190 1434 2079 829 800 1240 2041 
1614 9999 780 502 535 1157 419 902 1225 825 967 1931 925 706 
1443 780 9999 1272 1170 1929 1101 274 452 1604 614 2049 246 1486 
1792 502 1272 9999 366 657 286 1357 1708 343 1328 1897 1389 258 
1437 535 1170 366 9999 861 128 1181 1564 646 1066 1541 1224 606 
2228 1157 1929 657 861 9999 866 2000 2361 353 1925 2106 2036 489 
1507 419 1101 286 128 866 9999 1140 1513 606 1065 1655 1179 542 
1190 902 274 1357 1181 2000 1140 9999 394 1699 371 1839 58 1593 
1434 1225 452 1708 1564 2361 1513 394 9999 2045 701 2153 343 1931 
2079 825 1604 343 646 353 606 1699 2045 9999 1667 2085 1730 136 
829 967 614 1328 1066 1925 1065 371 701 1667 9999 1470 427 1583 
800 1931 2049 1897 1541 2106 1655 1839 2153 2085 1470 9999 1895 2100 
1240 925 246 1389 1224 2036 1179 58 343 1730 427 1895 9999 1622 
2041 706 1486 258 606 489 542 1593 1931 136 1583 2100 1622 9999 
