NAME: ds_628_courier_2688
TYPE: TSP
COMMENT: nil
DIMENSION: 50
EDGE_WEIGHT_TYPE: EXPLICIT
EDGE_WEIGHT_FORMAT: FULL_MATRIX
EDGE_WEIGHT_SECTION
9999 80 5053 4008 4017 4016 4235 4233 2919 2865 2950 3060 3337 3310 3226 3803 3878 3751 3415 3320 3507 2989 3079 2821 2923 2694 2593 4629 4868 4931 4995 5305 5248 4891 5163 4637 4890 4873 4504 5115 5356 3952 5103 4249 3144 3128 3301 3577 3937 5069 
80 9999 5088 4040 4049 4048 4272 4266 2945 2892 2977 3085 3363 3335 3251 3835 3914 3789 3448 3352 3535 3026 3110 2857 2961 2725 2626 4661 4904 4966 5030 5343 5282 4922 5195 4672 4926 4907 4538 5150 5396 3991 5146 4288 3188 3173 3346 3625 3984 5104 
5053 5088 9999 1060 1052 1052 824 830 2181 2233 2152 2060 1789 1838 1913 1271 1175 1310 1645 1741 1593 2068 1987 2231 2136 2371 2465 468 193 122 61 320 201 320 268 416 198 200 553 69 446 1126 585 844 1970 2008 1849 1674 1343 37 
4008 4040 1060 9999 11 8 337 229 1122 1173 1093 1003 739 793 863 212 228 380 592 688 537 1048 931 1194 1118 1316 1415 621 888 939 1000 1345 1247 886 1156 651 923 870 507 1125 1429 370 1297 457 1037 1092 972 954 824 1072 
4017 4049 1052 11 9999 6 336 222 1130 1181 1101 1011 745 799 869 220 239 392 602 697 544 1059 940 1203 1128 1325 1424 612 881 931 992 1339 1239 876 1147 644 917 862 499 1118 1423 378 1294 458 1048 1103 984 965 833 1064 
4016 4048 1052 8 6 9999 332 221 1130 1181 1101 1011 746 800 870 220 234 387 601 696 545 1057 939 1202 1126 1324 1423 613 880 931 992 1338 1239 878 1148 644 916 862 499 1118 1422 373 1291 454 1044 1099 979 960 827 1064 
4235 4272 824 337 336 332 9999 211 1404 1453 1377 1300 1050 1110 1173 526 360 486 851 944 847 1247 1191 1416 1314 1568 1656 481 634 702 768 1073 1023 743 983 412 655 661 310 883 1139 311 970 144 1152 1194 1042 919 669 844 
4233 4266 830 229 222 221 211 9999 1351 1403 1322 1232 965 1017 1089 441 385 541 818 914 765 1263 1159 1415 1332 1544 1640 400 660 710 771 1118 1019 669 935 424 697 642 278 896 1205 436 1095 355 1220 1270 1135 1061 854 843 
2919 2945 2181 1122 1130 1130 1404 1351 9999 54 32 148 418 399 315 910 1049 970 556 468 594 447 240 349 456 270 384 1733 2008 2061 2121 2464 2367 1986 2261 1772 2041 1990 1629 2247 2540 1184 2360 1462 760 814 897 1179 1403 2193 
2865 2892 2233 1173 1181 1181 1453 1403 54 9999 85 200 472 452 368 962 1097 1015 603 514 647 454 278 335 455 226 338 1786 2059 2112 2173 2515 2419 2039 2314 1823 2092 2042 1680 2299 2590 1229 2407 1509 771 823 914 1203 1436 2245 
2950 2977 2152 1093 1101 1101 1377 1322 32 85 9999 117 387 367 284 881 1024 948 531 445 564 450 225 365 464 300 413 1703 1980 2032 2093 2436 2338 1956 2231 1744 2013 1961 1600 2218 2513 1161 2335 1437 760 816 893 1171 1388 2164 
3060 3085 2060 1003 1011 1011 1300 1232 148 200 117 9999 279 252 168 791 953 891 469 394 468 503 230 456 530 416 529 1607 1891 1941 2000 2349 2243 1855 2131 1655 1926 1867 1510 2127 2429 1101 2264 1368 794 855 912 1172 1361 2070 
3337 3363 1789 739 745 746 1050 965 418 472 387 279 9999 69 124 529 720 692 297 277 203 601 332 638 653 667 779 1332 1624 1670 1729 2083 1970 1578 1853 1388 1661 1594 1241 1856 2167 887 2020 1132 817 885 888 1092 1212 1798 
3310 3335 1838 793 799 800 1110 1017 399 452 367 252 69 9999 84 586 785 760 365 340 264 636 355 653 684 659 773 1377 1675 1719 1777 2134 2015 1619 1894 1440 1714 1641 1292 1905 2221 954 2080 1195 869 936 946 1158 1281 1845 
3226 3251 1913 863 869 870 1173 1089 315 368 284 168 124 84 9999 653 839 800 388 341 327 585 299 584 628 578 692 1455 1748 1794 1852 2207 2092 1699 1974 1512 1785 1718 1365 1980 2292 1001 2142 1252 839 905 931 1160 1306 1921 
3803 3835 1271 212 220 220 526 441 910 962 881 791 529 586 653 9999 250 332 392 486 326 864 724 997 933 1110 1210 827 1100 1151 1211 1557 1458 1087 1360 864 1135 1081 719 1337 1639 438 1496 623 897 958 862 911 866 1283 
3878 3914 1175 228 239 234 360 385 1049 1097 1024 953 720 785 839 250 9999 158 494 585 522 893 832 1057 961 1207 1296 779 989 1053 1118 1433 1372 1050 1309 759 1013 1001 633 1237 1499 188 1312 416 835 886 755 726 625 1193 
3751 3789 1310 380 392 387 486 541 970 1015 948 891 692 760 800 332 158 9999 423 503 512 763 740 936 829 1101 1183 931 1121 1188 1254 1554 1508 1201 1456 896 1140 1142 778 1369 1611 215 1398 505 680 729 597 586 550 1330 
3415 3448 1645 592 602 601 851 818 556 603 531 469 297 365 388 392 494 423 9999 96 202 483 342 606 550 726 822 1214 1466 1523 1586 1918 1836 1477 1748 1231 1496 1460 1093 1709 1989 633 1804 906 593 661 625 801 919 1659 
3320 3352 1741 688 697 696 944 914 468 514 445 394 277 340 341 486 585 503 96 9999 254 402 248 513 467 630 727 1309 1561 1619 1682 2013 1932 1572 1844 1326 1590 1556 1188 1805 2082 716 1893 995 554 622 611 820 972 1755 
3507 3535 1593 537 544 545 847 765 594 647 564 468 203 264 327 326 522 512 202 254 9999 652 441 741 716 817 924 1140 1425 1473 1533 1883 1776 1392 1667 1188 1461 1399 1043 1659 1966 696 1817 931 794 862 825 981 1051 1603 
2989 3026 2068 1048 1059 1057 1247 1263 447 454 450 503 601 636 585 864 893 763 483 402 652 9999 288 192 69 401 448 1663 1881 1946 2011 2317 2265 1931 2197 1652 1902 1893 1525 2129 2371 966 2139 1263 318 368 472 775 1057 2086 
3079 3110 1987 931 940 939 1191 1159 240 278 225 230 332 355 299 724 832 740 342 248 441 288 9999 308 330 385 487 1551 1809 1865 1928 2260 2177 1812 2085 1573 1838 1801 1434 2052 2330 955 2136 1239 565 627 682 950 1163 2001 
2821 2857 2231 1194 1203 1202 1416 1415 349 335 365 456 638 653 584 997 1057 936 606 513 741 192 308 9999 152 216 256 1813 2047 2109 2174 2489 2426 2079 2349 1815 2070 2052 1683 2294 2547 1145 2323 1440 488 526 653 961 1249 2248 
2923 2961 2136 1118 1128 1126 1314 1332 456 455 464 530 653 684 628 933 961 829 550 467 716 69 330 152 9999 368 400 1731 1948 2013 2079 2383 2333 2000 2266 1720 1968 1962 1593 2196 2436 1031 2200 1327 337 378 501 810 1105 2154 
2694 2725 2371 1316 1325 1324 1568 1544 270 226 300 416 667 659 578 1110 1207 1101 726 630 817 401 385 216 368 9999 114 1937 2191 2249 2312 2640 2562 2197 2470 1956 2218 2185 1818 2435 2706 1315 2498 1606 705 742 869 1175 1454 2385 
2593 2626 2465 1415 1424 1423 1656 1640 384 338 413 529 779 773 692 1210 1296 1183 822 727 924 448 487 256 400 114 9999 2036 2283 2342 2406 2729 2657 2298 2570 2049 2309 2281 1913 2528 2792 1394 2575 1687 727 755 897 1207 1504 2480 
4629 4661 468 621 612 613 481 400 1733 1786 1703 1607 1332 1377 1455 827 779 931 1214 1309 1140 1663 1551 1813 1731 1937 2036 9999 343 359 408 782 638 271 535 191 400 268 175 537 893 787 893 571 1610 1657 1513 1399 1128 471 
4868 4904 193 888 881 880 634 660 2008 2059 1980 1891 1624 1675 1748 1100 989 1121 1466 1561 1425 1881 1809 2047 1948 2191 2283 343 9999 83 146 459 394 325 417 237 61 138 383 249 556 934 568 651 1778 1815 1656 1483 1157 219 
4931 4966 122 939 931 931 702 710 2061 2112 2032 1941 1670 1719 1794 1151 1053 1188 1523 1619 1473 1946 1865 2109 2013 2249 2342 359 83 9999 67 423 321 275 335 294 119 103 432 187 535 1006 601 727 1850 1889 1731 1563 1239 142 
4995 5030 61 1000 992 992 768 771 2121 2173 2093 2000 1729 1777 1852 1211 1118 1254 1586 1682 1533 2011 1928 2174 2079 2312 2406 408 146 67 9999 377 254 277 281 359 167 140 494 129 499 1073 607 794 1917 1956 1798 1629 1303 76 
5305 5343 320 1345 1339 1338 1073 1118 2464 2515 2436 2349 2083 2134 2207 1557 1433 1554 1918 2013 1883 2317 2260 2489 2383 2640 2729 782 459 423 377 9999 257 632 472 694 423 517 842 254 142 1355 448 1060 2189 2220 2053 1845 1491 330 
5248 5282 201 1247 1239 1239 1023 1019 2367 2419 2338 2243 1970 2015 2092 1458 1372 1508 1836 1932 1776 2265 2177 2426 2333 2562 2657 638 394 321 254 257 9999 426 217 613 393 377 744 154 399 1326 659 1044 2171 2209 2049 1873 1538 179 
4891 4922 320 886 876 878 743 669 1986 2039 1956 1855 1578 1619 1699 1087 1050 1201 1477 1572 1392 1931 1812 2079 2000 2197 2298 271 325 275 277 632 426 9999 275 367 383 187 433 380 764 1052 876 816 1881 1927 1781 1656 1367 303 
5163 5195 268 1156 1147 1148 983 935 2261 2314 2231 2131 1853 1894 1974 1360 1309 1456 1748 1844 1667 2197 2085 2349 2266 2470 2570 535 417 335 281 472 217 275 9999 577 448 328 679 280 613 1294 836 1034 2132 2176 2024 1877 1564 232 
4637 4672 416 651 644 644 412 424 1772 1823 1744 1655 1388 1440 1512 864 759 896 1231 1326 1188 1652 1573 1815 1720 1956 2049 191 237 294 359 694 613 367 577 9999 275 250 149 479 784 721 726 458 1564 1605 1450 1302 1001 434 
4890 4926 198 923 917 916 655 697 2041 2092 2013 1926 1661 1714 1785 1135 1013 1140 1496 1590 1461 1902 1838 2070 1968 2218 2309 400 61 119 167 423 393 383 448 275 9999 196 423 240 510 947 507 658 1789 1825 1663 1480 1146 231 
4873 4907 200 870 862 862 661 642 1990 2042 1961 1867 1594 1641 1718 1081 1001 1142 1460 1556 1399 1893 1801 2052 1962 2185 2281 268 138 103 140 517 377 187 328 250 196 9999 369 268 634 971 698 706 1813 1855 1701 1549 1238 204 
4504 4538 553 507 499 499 310 278 1629 1680 1600 1510 1241 1292 1365 719 633 778 1093 1188 1043 1525 1434 1683 1593 1818 1913 175 383 432 494 842 744 433 679 149 423 369 9999 619 933 620 861 397 1454 1498 1350 1227 953 567 
5115 5150 69 1125 1118 1118 883 896 2247 2299 2218 2127 1856 1905 1980 1337 1237 1369 1709 1805 1659 2129 2052 2294 2196 2435 2528 537 249 187 129 254 154 380 280 479 240 268 619 9999 385 1182 557 896 2026 2062 1902 1720 1384 77 
5356 5396 446 1429 1423 1422 1139 1205 2540 2590 2513 2429 2167 2221 2292 1639 1499 1611 1989 2082 1966 2371 2330 2547 2436 2706 2792 893 556 535 499 142 399 764 613 784 510 634 933 385 9999 1405 371 1108 2226 2253 2084 1859 1499 461 
3952 3991 1126 370 378 373 311 436 1184 1229 1161 1101 887 954 1001 438 188 215 633 716 696 966 955 1145 1031 1315 1394 787 934 1006 1073 1355 1326 1052 1294 721 947 971 620 1182 1405 9999 1184 296 845 884 731 626 454 1148 
5103 5146 585 1297 1294 1291 970 1095 2360 2407 2335 2264 2020 2080 2142 1496 1312 1398 1804 1893 1817 2139 2136 2323 2200 2498 2575 893 568 601 607 448 659 876 836 726 507 698 861 557 371 1184 9999 898 1959 1979 1806 1556 1190 617 
4249 4288 844 457 458 454 144 355 1462 1509 1437 1368 1132 1195 1252 623 416 505 906 995 931 1263 1239 1440 1327 1606 1687 571 651 727 794 1060 1044 816 1034 458 658 706 397 896 1108 296 898 9999 1132 1167 1005 844 557 869 
3144 3188 1970 1037 1048 1044 1152 1220 760 771 760 794 817 869 839 897 835 680 593 554 794 318 565 488 337 705 727 1610 1778 1850 1917 2189 2171 1881 2132 1564 1789 1813 1454 2026 2226 845 1959 1132 9999 68 172 483 809 1993 
3128 3173 2008 1092 1103 1099 1194 1270 814 823 816 855 885 936 905 958 886 729 661 622 862 368 627 526 378 742 755 1657 1815 1889 1956 2220 2209 1927 2176 1605 1825 1855 1498 2062 2253 884 1979 1167 68 9999 173 472 814 2032 
3301 3346 1849 972 984 979 1042 1135 897 914 893 912 888 946 931 862 755 597 625 611 825 472 682 653 501 869 897 1513 1656 1731 1798 2053 2049 1781 2024 1450 1663 1701 1350 1902 2084 731 1806 1005 172 173 9999 311 642 1873 
3577 3625 1674 954 965 960 919 1061 1179 1203 1171 1172 1092 1158 1160 911 726 586 801 820 981 775 950 961 810 1175 1207 1399 1483 1563 1629 1845 1873 1656 1877 1302 1480 1549 1227 1720 1859 626 1556 844 483 472 311 9999 366 1702 
3937 3984 1343 824 833 827 669 854 1403 1436 1388 1361 1212 1281 1306 866 625 550 919 972 1051 1057 1163 1249 1105 1454 1504 1128 1157 1239 1303 1491 1538 1367 1564 1001 1146 1238 953 1384 1499 454 1190 557 809 814 642 366 9999 1374 
5069 5104 37 1072 1064 1064 844 843 2193 2245 2164 2070 1798 1845 1921 1283 1193 1330 1659 1755 1603 2086 2001 2248 2154 2385 2480 471 219 142 76 330 179 303 232 434 231 204 567 77 461 1148 617 869 1993 2032 1873 1702 1374 9999 
