NAME: ds_529_courier_487
TYPE: TSP
COMMENT: nil
DIMENSION: 33
EDGE_WEIGHT_TYPE: EXPLICIT
EDGE_WEIGHT_FORMAT: FULL_MATRIX
EDGE_WEIGHT_SECTION
9999 4301 4290 3635 3670 3784 3390 3285 3778 2665 4409 2902 2987 2931 2910 3168 2643 2983 3152 3015 3218 3136 4714 2674 3632 3691 2981 2669 2146 2520 3146 3369 2527 
4301 9999 250 1031 961 831 1239 1805 1407 3037 2310 3755 3793 3481 3632 3585 4052 4637 6177 5972 6235 6191 2458 3050 1551 1522 4624 4081 5163 5528 1542 1241 5652 
4290 250 9999 860 793 656 1092 1624 1189 2876 2063 3580 3615 3304 3456 3396 3893 4471 6047 5840 6103 6062 2208 2888 1344 1310 4457 3921 5050 5407 1401 1099 5535 
3635 1031 860 9999 70 204 257 774 489 2016 1549 2726 2763 2451 2602 2555 3034 3613 5194 4987 5249 5209 1786 2028 568 561 3599 3061 4211 4560 558 272 4692 
3670 961 793 70 9999 138 310 844 542 2084 1595 2795 2833 2521 2671 2625 3101 3681 5258 5051 5314 5273 1825 2096 632 622 3668 3129 4272 4623 617 323 4754 
3784 831 656 204 138 9999 447 974 620 2221 1645 2928 2965 2653 2805 2753 3238 3817 5396 5189 5452 5412 1859 2233 736 716 3803 3266 4410 4761 755 458 4892 
3390 1239 1092 257 310 447 9999 606 541 1799 1587 2522 2564 2252 2401 2372 2813 3399 4955 4748 5011 4970 1850 1811 533 554 3386 2842 3963 4316 309 26 4446 
3285 1805 1624 774 844 974 606 9999 558 1267 1239 1957 1992 1680 1832 1781 2282 2850 4478 4271 4531 4496 1539 1278 378 439 2837 2308 3538 3866 412 616 4005 
3778 1407 1189 489 542 620 541 558 9999 1800 1065 2451 2476 2170 2325 2235 2804 3355 5020 4813 5072 5039 1314 1810 185 131 3341 2828 4093 4416 652 566 4557 
2665 3037 2876 2016 2084 2221 1799 1267 1800 9999 1925 749 809 519 640 730 1017 1601 3220 3013 3272 3240 2205 16 1616 1670 1588 1045 2329 2629 1502 1798 2775 
4409 2310 2063 1549 1595 1645 1587 1239 1065 1925 9999 2311 2298 2053 2196 1995 2742 3172 4969 4768 5011 4996 308 1926 1060 1033 3158 2755 4206 4457 1584 1610 4613 
2902 3755 3580 2726 2795 2928 2522 1957 2451 749 2311 9999 88 282 126 347 443 906 2660 2458 2704 2686 2541 734 2272 2320 891 450 1942 2155 2234 2524 2314 
2987 3793 3615 2763 2833 2965 2564 1992 2476 809 2298 88 9999 312 169 309 486 893 2671 2471 2713 2698 2520 793 2299 2345 878 487 1984 2183 2280 2567 2343 
2931 3481 3304 2451 2521 2653 2252 1680 2170 519 2053 282 312 9999 156 247 690 1188 2930 2726 2975 2955 2293 503 1991 2038 1173 705 2168 2405 1969 2255 2561 
2910 3632 3456 2602 2671 2805 2401 1832 2325 640 2196 126 169 156 9999 274 548 1032 2780 2577 2825 2805 2430 624 2146 2194 1018 560 2040 2265 2115 2402 2423 
3168 3585 3396 2555 2625 2753 2372 1781 2235 730 1995 347 309 247 274 9999 788 1181 2975 2776 3016 3003 2213 714 2063 2106 1166 792 2289 2492 2102 2376 2652 
2643 4052 3893 3034 3101 3238 2813 2282 2804 1017 2742 443 486 690 548 788 9999 605 2245 2040 2292 2269 2978 1006 2621 2672 593 35 1500 1717 2513 2811 1875 
2983 4637 4471 3613 3681 3817 3399 2850 3355 1601 3172 906 893 1188 1032 1181 605 9999 1816 1624 1852 1847 3378 1588 3174 3223 14 572 1357 1429 3103 3399 1591 
3152 6177 6047 5194 5258 5396 4955 4478 5020 3220 4969 2660 2671 2930 2780 2975 2245 1816 9999 207 67 43 5186 3211 4835 4890 1830 2227 1102 693 4646 4948 633 
3015 5972 5840 4987 5051 5189 4748 4271 4813 3013 4768 2458 2471 2726 2577 2776 2040 1624 207 9999 264 228 4988 3005 4628 4683 1638 2023 923 513 4439 4742 489 
3218 6235 6103 5249 5314 5452 5011 4531 5072 3272 5011 2704 2713 2975 2825 3016 2292 1852 67 264 9999 87 5226 3263 4887 4942 1866 2273 1168 758 4702 5005 700 
3136 6191 6062 5209 5273 5412 4970 4496 5039 3240 4996 2686 2698 2955 2805 3003 2269 1847 43 228 87 9999 5214 3231 4854 4909 1860 2251 1101 693 4661 4963 624 
4714 2458 2208 1786 1825 1859 1850 1539 1314 2205 308 2541 2520 2293 2430 2213 2978 3378 5186 4988 5226 5214 9999 2204 1334 1301 3364 2989 4457 4695 1871 1874 4853 
2674 3050 2888 2028 2096 2233 1811 1278 1810 16 1926 734 793 503 624 714 1006 1588 3211 3005 3263 3231 2204 9999 1625 1679 1575 1033 2324 2622 1515 1811 2768 
3632 1551 1344 568 632 736 533 378 185 1616 1060 2272 2299 1991 2146 2063 2621 3174 4835 4628 4887 4854 1334 1625 9999 61 3160 2645 3909 4232 551 556 4373 
3691 1522 1310 561 622 716 554 439 131 1670 1033 2320 2345 2038 2194 2106 2672 3223 4890 4683 4942 4909 1301 1679 61 9999 3209 2697 3967 4288 599 577 4430 
2981 4624 4457 3599 3668 3803 3386 2837 3341 1588 3158 891 878 1173 1018 1166 593 14 1830 1638 1866 1860 3364 1575 3160 3209 9999 560 1365 1440 3089 3385 1602 
2669 4081 3921 3061 3129 3266 2842 2308 2828 1045 2755 450 487 705 560 792 35 572 2227 2023 2273 2251 2989 1033 2645 2697 560 9999 1497 1706 2542 2840 1865 
2146 5163 5050 4211 4272 4410 3963 3538 4093 2329 4206 1942 1984 2168 2040 2289 1500 1357 1102 923 1168 1101 4457 2324 3909 3967 1365 1497 9999 410 3655 3955 497 
2520 5528 5407 4560 4623 4761 4316 3866 4416 2629 4457 2155 2183 2405 2265 2492 1717 1429 693 513 758 693 4695 2622 4232 4288 1440 1706 410 9999 4007 4308 163 
3146 1542 1401 558 617 755 309 412 652 1502 1584 2234 2280 1969 2115 2102 2513 3103 4646 4439 4702 4661 1871 1515 551 599 3089 2542 3655 4007 9999 303 4137 
3369 1241 1099 272 323 458 26 616 566 1798 1610 2524 2567 2255 2402 2376 2811 3399 4948 4742 5005 4963 1874 1811 556 577 3385 2840 3955 4308 303 9999 4438 
2527 5652 5535 4692 4754 4892 4446 4005 4557 2775 4613 2314 2343 2561 2423 2652 1875 1591 633 489 700 624 4853 2768 4373 4430 1602 1865 497 163 4137 4438 9999 
