NAME: ds_722_courier_4849
TYPE: TSP
COMMENT: nil
DIMENSION: 26
EDGE_WEIGHT_TYPE: EXPLICIT
EDGE_WEIGHT_FORMAT: FULL_MATRIX
EDGE_WEIGHT_SECTION
9999 3905 3238 3767 3304 3262 3817 3374 2452 2285 2788 2608 3004 3515 2673 2029 1993 2709 3560 3021 3103 3494 3655 3804 3666 3913 
3905 9999 814 281 616 1035 152 942 1461 1641 1125 1500 902 687 1388 1880 1915 1196 755 1128 854 469 657 269 269 84 
3238 814 9999 579 313 1158 814 309 930 960 681 700 474 992 598 1231 1266 653 363 316 694 694 1084 888 546 779 
3767 281 579 9999 472 1135 366 667 1357 1483 1034 1279 794 825 1174 1739 1775 1077 474 884 835 529 840 487 154 218 
3304 616 313 472 9999 868 569 596 885 1028 567 909 325 679 791 1275 1311 605 552 598 438 385 772 616 362 611 
3262 1035 1158 1135 868 9999 884 1460 959 1298 738 1493 752 358 1378 1411 1438 875 1411 1366 482 607 455 788 983 1100 
3817 152 814 366 569 884 9999 988 1366 1571 1029 1475 819 534 1358 1799 1834 1113 822 1129 736 340 508 125 284 228 
3374 942 309 667 596 1460 988 9999 1188 1145 974 768 781 1266 703 1420 1454 926 221 355 1002 952 1342 1086 704 885 
2452 1461 930 1357 885 959 1366 1188 9999 355 337 730 565 1108 660 464 495 285 1293 886 660 1044 1252 1353 1237 1476 
2285 1641 960 1483 1028 1298 1571 1145 355 9999 595 488 755 1403 475 275 310 474 1302 798 936 1279 1545 1582 1389 1639 
2788 1125 681 1034 567 738 1029 974 337 595 9999 765 242 807 657 782 816 137 1036 743 341 709 949 1019 907 1142 
2608 1500 700 1279 909 1493 1475 768 730 488 765 9999 774 1481 122 735 763 633 967 423 1035 1260 1607 1524 1231 1474 
3004 902 474 794 325 752 819 781 565 755 242 774 9999 708 654 980 1015 295 813 619 271 527 838 828 672 912 
3515 687 992 825 679 358 534 1266 1108 1403 807 1481 708 9999 1360 1571 1603 935 1172 1257 469 320 144 432 679 757 
2673 1388 598 1174 791 1378 1358 703 660 475 657 122 654 1360 9999 741 772 529 888 348 917 1139 1486 1405 1119 1364 
2029 1880 1231 1739 1275 1411 1799 1420 464 275 782 735 980 1571 741 9999 36 686 1576 1072 1118 1490 1715 1798 1637 1884 
1993 1915 1266 1775 1311 1438 1834 1454 495 310 816 763 1015 1603 772 36 9999 721 1611 1105 1151 1524 1747 1833 1673 1920 
2709 1196 653 1077 605 875 1113 926 285 474 137 633 295 935 529 686 721 9999 1016 658 466 808 1075 1115 962 1205 
3560 755 363 474 552 1411 822 221 1293 1302 1036 967 813 1172 888 1576 1611 1016 9999 544 989 852 1229 931 544 689 
3021 1128 316 884 598 1366 1129 355 886 798 743 423 619 1257 348 1072 1105 658 544 9999 884 981 1363 1199 861 1090 
3103 854 694 835 438 482 736 1002 660 936 341 1035 271 469 917 1118 1151 466 989 884 9999 399 609 704 687 889 
3494 469 694 529 385 607 340 952 1044 1279 709 1260 527 320 1139 1490 1524 808 852 981 399 9999 391 310 376 518 
3655 657 1084 840 772 455 508 1342 1252 1545 949 1607 838 144 1486 1715 1747 1075 1229 1363 609 391 9999 389 707 735 
3804 269 888 487 616 788 125 1086 1353 1582 1019 1524 828 432 1405 1798 1833 1115 931 1199 704 310 389 9999 387 349 
3666 269 546 154 362 983 284 704 1237 1389 907 1231 672 679 1119 1637 1673 962 544 861 687 376 707 387 9999 250 
3913 84 779 218 611 1100 228 885 1476 1639 1142 1474 912 757 1364 1884 1920 1205 689 1090 889 518 735 349 250 9999 
