NAME: ds_530_courier_3073
TYPE: TSP
COMMENT: nil
DIMENSION: 14
EDGE_WEIGHT_TYPE: EXPLICIT
EDGE_WEIGHT_FORMAT: FULL_MATRIX
EDGE_WEIGHT_SECTION
9999 1344 1364 1563 1427 1513 1520 1615 889 1684 1268 1014 1385 1810 
1344 9999 98 247 99 300 209 280 559 348 218 479 249 467 
1364 98 9999 295 78 381 157 307 624 367 313 556 345 468 
1563 247 295 9999 221 155 244 70 722 131 316 616 234 265 
1427 99 78 221 9999 323 110 229 657 289 307 578 310 394 
1513 300 381 155 323 9999 380 220 641 265 247 523 129 390 
1520 209 157 244 110 380 9999 219 767 258 411 688 397 332 
1615 280 307 70 229 220 219 9999 785 70 380 681 303 201 
889 559 624 722 657 641 767 785 9999 852 407 124 512 985 
1684 348 367 131 289 265 258 70 852 9999 447 747 363 133 
1268 218 313 316 307 247 411 380 407 447 9999 301 121 580 
1014 479 556 616 578 523 688 681 124 747 301 9999 397 880 
1385 249 345 234 310 129 397 303 512 363 121 397 9999 495 
1810 467 468 265 394 390 332 201 985 133 580 880 495 9999 
