NAME: ds_810_courier_487
TYPE: TSP
COMMENT: nil
DIMENSION: 27
EDGE_WEIGHT_TYPE: EXPLICIT
EDGE_WEIGHT_FORMAT: FULL_MATRIX
EDGE_WEIGHT_SECTION
9999 3649 3355 3504 4207 3029 3020 3248 2786 2877 2533 2478 2938 2719 2981 3522 2622 2532 3182 3520 3694 3009 2987 3194 4260 3612 2726 
3649 9999 317 320 588 661 689 531 876 820 1173 1205 2503 2560 1814 4980 1256 1153 728 433 49 3622 1821 1643 6091 38 2575 
3355 317 9999 217 854 344 372 246 570 504 859 894 2436 2465 1760 4859 943 841 459 325 354 3526 1769 1630 5961 281 2480 
3504 320 217 9999 713 477 485 266 726 628 978 1027 2650 2682 1971 5076 998 973 428 126 328 3743 1980 1833 6178 300 2697 
4207 588 854 713 9999 1180 1194 979 1421 1336 1690 1735 3012 3091 2323 5518 1701 1682 1110 735 539 4147 2330 2122 6634 622 3106 
3029 661 344 477 1180 9999 50 242 250 160 515 555 2376 2373 1734 4718 619 502 336 515 698 3420 1743 1652 5806 624 2389 
3020 689 372 485 1194 50 9999 234 258 143 496 542 2417 2411 1778 4749 579 488 296 510 724 3455 1788 1699 5835 653 2427 
3248 531 246 266 979 242 234 9999 489 374 716 770 2570 2580 1911 4944 736 716 214 276 556 3633 1920 1805 6036 499 2596 
2786 876 570 726 1421 250 258 489 9999 141 318 332 2227 2205 1616 4515 531 282 528 764 918 3237 1626 1570 5595 838 2221 
2877 820 504 628 1336 160 143 374 141 9999 356 400 2360 2342 1740 4656 482 346 388 650 857 3376 1749 1682 5736 783 2358 
2533 1173 859 978 1690 515 496 716 318 356 9999 85 2335 2282 1777 4507 307 67 661 986 1212 3278 1788 1772 5566 1136 2298 
2478 1205 894 1027 1735 555 542 770 332 400 85 9999 2259 2203 1710 4423 384 54 731 1043 1245 3196 1721 1714 5482 1167 2219 
2938 2503 2436 2650 3012 2376 2417 2570 2227 2360 2335 2259 9999 231 691 2527 2642 2270 2712 2760 2546 1142 684 903 3648 2484 230 
2719 2560 2465 2682 3091 2373 2411 2580 2205 2342 2282 2203 231 9999 782 2427 2587 2219 2707 2786 2605 1063 777 1026 3545 2539 16 
2981 1814 1760 1971 2323 1734 1778 1911 1616 1740 1777 1710 691 782 9999 3203 2081 1710 2068 2085 1856 1825 10 264 4323 1796 795 
3522 4980 4859 5076 5518 4718 4749 4944 4515 4656 4507 4423 2527 2427 3203 9999 4786 4454 5040 5173 5026 1388 3198 3430 1120 4956 2413 
2622 1256 943 998 1701 619 579 736 531 482 307 384 2642 2587 2081 4786 9999 373 596 967 1286 3575 2092 2067 5835 1221 2603 
2532 1153 841 973 1682 502 488 716 282 346 67 54 2270 2219 1710 4454 373 9999 681 990 1193 3219 1721 1705 5516 1115 2235 
3182 728 459 428 1110 336 296 214 528 388 661 731 2712 2707 2068 5040 596 681 9999 375 747 3750 2077 1979 6122 700 2723 
3520 433 325 126 735 515 510 276 764 650 986 1043 2760 2786 2085 5173 967 990 375 9999 433 3846 2094 1952 6271 417 2802 
3694 49 354 328 539 698 724 556 918 857 1212 1245 2546 2605 1856 5026 1286 1193 747 433 9999 3667 1864 1683 6137 84 2620 
3009 3622 3526 3743 4147 3420 3455 3633 3237 3376 3278 3196 1142 1063 1825 1388 3575 3219 3750 3846 3667 9999 1819 2045 2508 3601 1048 
2987 1821 1769 1980 2330 1743 1788 1920 1626 1749 1788 1721 684 777 10 3198 2092 1721 2077 2094 1864 1819 9999 264 4317 1803 790 
3194 1643 1630 1833 2122 1652 1699 1805 1570 1682 1772 1714 903 1026 264 3430 2067 1705 1979 1952 1683 2045 264 9999 4551 1629 1038 
4260 6091 5961 6178 6634 5806 5835 6036 5595 5736 5566 5482 3648 3545 4323 1120 5835 5516 6122 6271 6137 2508 4317 4551 9999 6066 3531 
3612 38 281 300 622 624 653 499 838 783 1136 1167 2484 2539 1796 4956 1221 1115 700 417 84 3601 1803 1629 6066 9999 2554 
2726 2575 2480 2697 3106 2389 2427 2596 2221 2358 2298 2219 230 16 795 2413 2603 2235 2723 2802 2620 1048 790 1038 3531 2554 9999 
