NAME: ds_802_courier_2925
TYPE: TSP
COMMENT: nil
DIMENSION: 24
EDGE_WEIGHT_TYPE: EXPLICIT
EDGE_WEIGHT_FORMAT: FULL_MATRIX
EDGE_WEIGHT_SECTION
9999 4511 4535 3190 3343 3199 4174 4567 2185 3395 4205 4823 4455 3849 3928 4356 4805 4795 5970 5196 4147 4807 2323 2305 
4511 9999 41 1462 1329 1950 367 174 2463 1276 383 1215 907 668 1792 2339 843 957 2079 1397 835 1180 2392 2511 
4535 41 9999 1497 1365 1989 403 202 2494 1312 423 1246 945 689 1833 2379 869 986 2092 1419 876 1211 2425 2545 
3190 1462 1497 9999 152 691 1095 1462 1035 206 1095 1668 1272 930 1123 1792 1615 1609 2829 2036 957 1647 941 1050 
3343 1329 1365 152 9999 728 962 1321 1186 55 956 1523 1122 836 1052 1729 1462 1458 2684 1890 805 1501 1088 1191 
3199 1950 1989 691 728 9999 1598 1897 1066 761 1567 1702 1427 1552 734 1286 1808 1752 2803 2066 1213 1693 904 894 
4174 367 403 1095 962 1598 9999 393 2101 909 87 1175 779 394 1516 2114 877 957 2193 1440 583 1141 2027 2144 
4567 174 202 1462 1321 1897 393 9999 2483 1267 369 1044 756 759 1680 2202 668 784 1914 1223 731 1009 2402 2511 
2185 2463 2494 1035 1186 1066 2101 2483 9999 1241 2114 2639 2277 1852 1796 2330 2636 2618 3787 3011 1979 2622 168 287 
3395 1276 1312 206 55 761 909 1267 1241 9999 902 1478 1074 794 1045 1724 1411 1408 2639 1843 754 1455 1143 1245 
4205 383 423 1095 956 1567 87 369 2114 902 9999 1089 692 467 1450 2039 797 874 2115 1358 507 1054 2033 2145 
4823 1215 1246 1668 1523 1702 1175 1044 2639 1478 1089 9999 435 1530 1115 1363 398 269 1161 373 762 35 2505 2550 
4455 907 945 1272 1122 1427 779 756 2277 1074 692 435 9999 1108 998 1452 381 341 1576 778 331 405 2155 2219 
3849 668 689 930 836 1552 394 759 1852 794 467 1530 1108 9999 1651 2300 1262 1332 2582 1819 837 1496 1802 1939 
3928 1792 1833 1123 1052 734 1516 1680 1796 1045 1450 1115 998 1651 9999 679 1345 1251 2122 1444 957 1118 1636 1626 
4356 2339 2379 1792 1729 1286 2114 2202 2330 1724 2039 1363 1452 2300 679 9999 1712 1590 2045 1574 1532 1383 2163 2111 
4805 843 869 1615 1462 1808 877 668 2636 1411 797 398 381 1262 1345 1712 9999 130 1322 567 658 366 2519 2590 
4795 957 986 1609 1458 1752 957 784 2618 1408 874 269 341 1332 1251 1590 130 9999 1269 487 656 236 2495 2558 
5970 2079 2092 2829 2684 2803 2193 1914 3787 2639 2115 1161 1576 2582 2122 2045 1322 1269 9999 798 1907 1184 3647 3680 
5196 1397 1419 2036 1890 2066 1440 1223 3011 1843 1358 373 778 1819 1444 1574 567 487 798 9999 1110 390 2877 2921 
4147 835 876 957 805 1213 583 731 1979 754 507 762 331 837 957 1532 658 656 1907 1110 9999 734 1865 1943 
4807 1180 1211 1647 1501 1693 1141 1009 2622 1455 1054 35 405 1496 1118 1383 366 236 1184 390 734 9999 2490 2537 
2323 2392 2425 941 1088 904 2027 2402 168 1143 2033 2505 2155 1802 1636 2163 2519 2495 3647 2877 1865 2490 9999 172 
2305 2511 2545 1050 1191 894 2144 2511 287 1245 2145 2550 2219 1939 1626 2111 2590 2558 3680 2921 1943 2537 172 9999 
