NAME: ds_611_courier_2925
TYPE: TSP
COMMENT: nil
DIMENSION: 29
EDGE_WEIGHT_TYPE: EXPLICIT
EDGE_WEIGHT_FORMAT: FULL_MATRIX
EDGE_WEIGHT_SECTION
9999 3158 3322 3354 3412 3185 3301 4160 3673 4166 4667 4783 3681 4782 4661 4586 4855 4597 2835 3157 3098 2862 2866 3160 2178 3346 2148 2348 3006 
3158 9999 166 199 262 44 170 1132 682 1145 1656 1723 777 1724 1633 1564 1802 1600 516 758 654 405 543 743 1077 190 1082 933 373 
3322 166 9999 33 99 137 73 982 556 996 1502 1564 667 1565 1478 1410 1643 1448 654 819 728 553 672 803 1240 24 1246 1094 490 
3354 199 33 9999 67 169 81 951 531 965 1470 1531 644 1532 1446 1378 1611 1417 685 838 750 585 702 822 1273 10 1279 1126 518 
3412 262 99 67 9999 229 115 884 473 899 1404 1464 591 1466 1379 1312 1544 1350 751 891 805 652 767 875 1338 77 1344 1193 583 
3185 44 137 169 229 9999 129 1090 638 1104 1615 1684 732 1685 1593 1524 1763 1558 560 797 694 449 588 781 1114 161 1118 973 417 
3301 170 73 81 115 129 9999 962 516 975 1486 1556 618 1557 1464 1395 1634 1430 683 879 784 575 706 863 1242 81 1246 1102 529 
4160 1132 982 951 884 1090 962 9999 490 21 527 623 487 622 510 437 697 468 1635 1714 1651 1534 1650 1699 2196 961 2195 2062 1465 
3673 682 556 531 473 638 516 490 9999 498 1012 1112 137 1111 999 925 1186 949 1198 1362 1278 1087 1222 1345 1720 541 1715 1593 1043 
4166 1145 996 965 899 1104 975 21 498 9999 516 617 490 616 501 427 690 455 1650 1733 1668 1548 1666 1717 2208 975 2206 2074 1481 
4667 1656 1502 1470 1404 1615 1486 527 1012 516 9999 183 986 177 52 92 217 75 2153 2196 2143 2055 2165 2181 2723 1480 2721 2587 1979 
4783 1723 1564 1531 1464 1684 1556 623 1112 617 183 9999 1105 8 151 219 81 251 2206 2212 2168 2115 2214 2197 2798 1541 2800 2656 2027 
3681 777 667 644 591 732 618 487 137 490 986 1105 9999 1104 980 905 1175 918 1291 1481 1394 1176 1320 1465 1780 654 1772 1662 1146 
4782 1724 1565 1532 1466 1685 1557 622 1111 616 177 8 1104 9999 146 215 78 245 2208 2215 2171 2116 2216 2201 2799 1542 2801 2658 2030 
4661 1633 1478 1446 1379 1593 1464 510 999 501 52 151 980 146 9999 76 201 102 2127 2162 2110 2031 2138 2147 2703 1456 2703 2566 1952 
4586 1564 1410 1378 1312 1524 1395 437 925 427 92 219 905 215 76 9999 276 72 2061 2105 2051 1963 2073 2089 2632 1388 2632 2496 1887 
4855 1802 1643 1611 1544 1763 1634 697 1186 690 217 81 1175 78 201 276 9999 291 2286 2292 2248 2195 2294 2278 2877 1620 2878 2736 2108 
4597 1600 1448 1417 1350 1558 1430 468 949 455 75 251 918 245 102 72 291 9999 2101 2156 2100 2001 2114 2141 2663 1427 2661 2529 1929 
2835 516 654 685 751 560 683 1635 1198 1650 2153 2206 1291 2208 2127 2061 2286 2101 9999 452 343 124 59 444 663 675 688 496 185 
3157 758 819 838 891 797 879 1714 1362 1733 2196 2212 1481 2215 2162 2105 2292 2156 452 9999 116 535 395 16 996 830 1037 831 427 
3098 654 728 750 805 694 784 1651 1278 1668 2143 2168 1394 2171 2110 2051 2248 2100 343 116 9999 420 287 104 926 740 963 758 312 
2862 405 553 585 652 449 575 1534 1087 1548 2055 2115 1176 2116 2031 1963 2195 2001 124 535 420 9999 172 524 711 575 728 553 154 
2866 543 672 702 767 588 706 1650 1222 1666 2165 2214 1320 2216 2138 2073 2294 2114 59 395 287 172 9999 387 689 692 718 520 186 
3160 743 803 822 875 781 863 1699 1345 1717 2181 2197 1465 2201 2147 2089 2278 2141 444 16 104 524 387 9999 996 814 1037 831 414 
2178 1077 1240 1273 1338 1114 1242 2196 1720 2208 2723 2798 1780 2799 2703 2632 2877 2663 663 996 926 711 689 996 9999 1263 55 170 842 
3346 190 24 10 77 161 81 961 541 975 1480 1541 654 1542 1456 1388 1620 1427 675 830 740 575 692 814 1263 9999 1270 1117 508 
2148 1082 1246 1279 1344 1118 1246 2195 1715 2206 2721 2800 1772 2801 2703 2632 2878 2661 688 1037 963 728 718 1037 55 1270 9999 206 864 
2348 933 1094 1126 1193 973 1102 2062 1593 2074 2587 2656 1662 2658 2566 2496 2736 2529 496 831 758 553 520 831 170 1117 206 9999 677 
3006 373 490 518 583 417 529 1465 1043 1481 1979 2027 1146 2030 1952 1887 2108 1929 185 427 312 154 186 414 842 508 864 677 9999 
