NAME: ds_801_courier_435
TYPE: TSP
COMMENT: nil
DIMENSION: 14
EDGE_WEIGHT_TYPE: EXPLICIT
EDGE_WEIGHT_FORMAT: FULL_MATRIX
EDGE_WEIGHT_SECTION
9999 1030 1303 1027 1030 1324 1016 1455 1477 911 266 506 1495 1367 
1030 9999 1609 1353 552 1616 28 546 666 1191 836 678 501 1618 
1303 1609 9999 288 1109 25 1581 1591 1465 444 1145 1066 1762 89 
1027 1353 288 9999 888 305 1325 1400 1296 164 859 781 1556 341 
1030 552 1109 888 9999 1112 525 531 479 740 766 526 671 1104 
1324 1616 25 305 1112 9999 1589 1590 1462 459 1164 1080 1762 65 
1016 28 1581 1325 525 1589 9999 539 654 1163 817 655 504 1590 
1455 546 1591 1400 531 1590 539 9999 180 1261 1211 988 197 1570 
1477 666 1465 1296 479 1462 654 180 9999 1168 1221 987 375 1437 
911 1191 444 164 740 459 1163 1261 1168 9999 719 622 1410 483 
266 836 1145 859 766 1164 817 1211 1221 719 9999 241 1269 1198 
506 678 1066 781 526 1080 655 988 987 622 241 9999 1064 1103 
1495 501 1762 1556 671 1762 504 197 375 1410 1269 1064 9999 1746 
1367 1618 89 341 1104 65 1590 1570 1437 483 1198 1103 1746 9999 
