NAME: ds_811_courier_487
TYPE: TSP
COMMENT: nil
DIMENSION: 25
EDGE_WEIGHT_TYPE: EXPLICIT
EDGE_WEIGHT_FORMAT: FULL_MATRIX
EDGE_WEIGHT_SECTION
9999 3941 3604 3695 3758 3850 3027 3286 3017 3255 2674 4346 3827 3692 3436 3244 4374 3105 2997 3613 2945 2919 2672 2967 2771 
3941 9999 356 316 426 462 918 756 930 705 1271 6643 5392 5245 5349 4063 5093 3411 3985 404 3157 2842 2236 2092 2700 
3604 356 9999 121 299 403 606 564 620 435 929 6312 5078 4929 5021 3758 4818 3112 3669 117 2853 2539 1913 1792 2387 
3695 316 121 9999 189 287 717 683 731 555 1022 6327 5078 4931 5033 3752 4794 3102 3671 90 2846 2531 1921 1782 2386 
3758 426 299 189 9999 111 845 860 860 716 1104 6252 4984 4839 4956 3650 4668 2996 3580 199 2746 2430 1845 1682 2296 
3850 462 403 287 111 9999 955 967 970 826 1205 6278 4998 4854 4981 3660 4659 3003 3597 309 2758 2442 1876 1697 2315 
3027 918 606 717 845 955 9999 360 16 237 390 6012 4853 4700 4741 3580 4717 2968 3456 656 2695 2396 1721 1698 2216 
3286 756 564 683 860 967 360 9999 359 196 736 6372 5211 5059 5102 3934 5060 3316 3813 664 3044 2742 2070 2029 2565 
3017 930 620 731 860 970 16 359 9999 244 386 6014 4856 4704 4743 3585 4723 2974 3460 670 2701 2403 1727 1706 2222 
3255 705 435 555 716 826 237 196 244 9999 626 6224 5046 4895 4948 3760 4877 3136 3645 517 2866 2561 1895 1842 2388 
2674 1271 929 1022 1104 1205 390 736 386 626 9999 5647 4513 4360 4384 3265 4429 2674 3128 943 2399 2113 1432 1465 1923 
4346 6643 6312 6327 6252 6278 6012 6372 6014 6224 5647 9999 1414 1520 1298 2704 2340 3346 2705 6240 3553 3859 4408 4587 3966 
3827 5392 5078 5078 4984 4998 4853 5211 4856 5046 4513 1414 9999 155 496 1346 1049 2005 1408 4995 2240 2556 3168 3303 2692 
3692 5245 4929 4931 4839 4854 4700 5059 4704 4895 4360 1520 155 9999 451 1209 1050 1866 1260 4848 2097 2412 3018 3157 2545 
3436 5349 5021 5033 4956 4981 4741 5102 4743 4948 4384 1298 496 451 9999 1438 1501 2061 1413 4947 2258 2563 3113 3289 2668 
3244 4063 3758 3752 3650 3660 3580 3934 3585 3760 3265 2704 1346 1209 1438 9999 1227 659 249 3671 906 1221 1865 1970 1375 
4374 5093 4818 4794 4668 4659 4717 5060 4723 4877 4429 2340 1049 1050 1501 1227 9999 1754 1442 4720 2029 2321 3000 3039 2506 
3105 3411 3112 3102 2996 3003 2968 3316 2974 3136 2674 3346 2005 1866 2061 659 1754 9999 654 3022 275 576 1248 1321 753 
2997 3985 3669 3671 3580 3597 3456 3813 3460 3645 3128 2705 1408 1260 1413 249 1442 654 9999 3588 849 1159 1760 1900 1285 
3613 404 117 90 199 309 656 664 670 517 943 6240 4995 4848 4947 3671 4720 3022 3588 9999 2765 2450 1835 1702 2304 
2945 3157 2853 2846 2746 2758 2695 3044 2701 2866 2399 3553 2240 2097 2258 906 2029 275 849 2765 9999 316 975 1065 479 
2919 2842 2539 2531 2430 2442 2396 2742 2403 2561 2113 3859 2556 2412 2563 1221 2321 576 1159 2450 316 9999 681 749 204 
2672 2236 1913 1921 1845 1876 1721 2070 1727 1895 1432 4408 3168 3018 3113 1865 3000 1248 1760 1835 975 681 9999 305 496 
2967 2092 1792 1782 1682 1697 1698 2029 1706 1842 1465 4587 3303 3157 3289 1970 3039 1321 1900 1702 1065 749 305 9999 621 
2771 2700 2387 2386 2296 2315 2216 2565 2222 2388 1923 3966 2692 2545 2668 1375 2506 753 1285 2304 479 204 496 621 9999 
