NAME: ds_923_courier_487
TYPE: TSP
COMMENT: nil
DIMENSION: 17
EDGE_WEIGHT_TYPE: EXPLICIT
EDGE_WEIGHT_FORMAT: FULL_MATRIX
EDGE_WEIGHT_SECTION
9999 3050 3258 3118 3449 3752 3029 2640 2647 4171 3304 3248 2516 2781 2923 3664 3630 
3050 9999 254 295 725 842 1777 2093 3065 4170 4721 4656 542 320 2527 5095 734 
3258 254 9999 205 508 587 1712 2088 3086 4112 4770 4705 777 574 2501 5138 481 
3118 295 205 9999 452 652 1523 1885 2882 3923 4565 4500 699 562 2303 4933 531 
3449 725 508 452 9999 352 1370 1835 2856 3738 4572 4508 1136 1013 2199 4926 257 
3752 842 587 652 352 9999 1686 2174 3194 4017 4913 4851 1342 1160 2521 5264 122 
3029 1777 1712 1523 1370 1686 9999 569 1546 2400 3266 3206 1777 1878 836 3603 1620 
2640 2093 2088 1885 1835 2174 569 9999 1020 2143 2741 2678 1947 2115 465 3091 2092 
2647 3065 3086 2882 2856 3194 1546 1020 9999 1540 1723 1662 2835 3040 761 2070 3113 
4171 4170 4112 3923 3738 4017 2400 2143 1540 9999 1959 1936 4086 4236 1679 2072 3974 
3304 4721 4770 4565 4572 4913 3266 2741 1723 1959 9999 66 4416 4651 2453 388 4829 
3248 4656 4705 4500 4508 4851 3206 2678 1662 1936 66 9999 4350 4585 2394 454 4765 
2516 542 777 699 1136 1342 1777 1947 2835 4086 4416 4350 9999 275 2408 4798 1225 
2781 320 574 562 1013 1160 1878 2115 3040 4236 4651 4585 275 9999 2568 5030 1050 
2923 2527 2501 2303 2199 2521 836 465 761 1679 2453 2394 2408 2568 9999 2779 2452 
3664 5095 5138 4933 4926 5264 3603 3091 2070 2072 388 454 4798 5030 2779 9999 5183 
3630 734 481 531 257 122 1620 2092 3113 3974 4829 4765 1225 1050 2452 5183 9999 
