NAME: ds_724_courier_4474
TYPE: TSP
COMMENT: nil
DIMENSION: 16
EDGE_WEIGHT_TYPE: EXPLICIT
EDGE_WEIGHT_FORMAT: FULL_MATRIX
EDGE_WEIGHT_SECTION
9999 1447 1048 1873 1059 1407 1242 1037 989 1494 1855 1529 1383 752 1289 769 
1447 9999 1421 2046 1852 1786 1878 1929 1917 353 1653 1546 1513 746 372 2116 
1048 1421 9999 846 489 419 459 599 614 1684 833 492 339 836 1535 1145 
1873 2046 846 9999 941 472 725 1042 1094 2366 528 500 568 1631 2255 1749 
1059 1852 489 941 9999 496 217 122 161 2078 1168 836 696 1177 1907 810 
1407 1786 419 472 496 9999 299 610 656 2072 693 399 313 1252 1935 1303 
1242 1878 459 725 217 299 9999 319 369 2131 990 677 555 1253 1973 1024 
1037 1929 599 1042 122 610 319 9999 55 2140 1288 957 817 1233 1964 707 
989 1917 614 1094 161 656 369 55 9999 2121 1327 993 850 1213 1942 655 
1494 353 1684 2366 2078 2072 2131 2140 2121 9999 1995 1866 1818 909 205 2224 
1855 1653 833 528 1168 693 990 1288 1327 1995 9999 346 501 1409 1919 1946 
1529 1546 492 500 836 399 677 957 993 1866 346 9999 155 1163 1759 1602 
1383 1513 339 568 696 313 555 817 850 1818 501 155 9999 1064 1697 1449 
752 746 836 1631 1177 1252 1253 1233 1213 909 1409 1163 1064 9999 731 1371 
1289 372 1535 2255 1907 1935 1973 1964 1942 205 1919 1759 1697 731 9999 2022 
769 2116 1145 1749 810 1303 1024 707 655 2224 1946 1602 1449 1371 2022 9999 
