NAME: ds_908_courier_2688
TYPE: TSP
COMMENT: nil
DIMENSION: 37
EDGE_WEIGHT_TYPE: EXPLICIT
EDGE_WEIGHT_FORMAT: FULL_MATRIX
EDGE_WEIGHT_SECTION
9999 5069 5166 4932 5127 5236 4063 4869 4554 4860 5217 4097 3995 4321 4257 4016 4291 2874 2991 3260 3024 2941 2806 2614 2664 3434 3530 3041 3403 3257 2874 5287 6311 3267 3643 4805 3898 
5069 9999 136 162 72 180 1103 384 518 210 191 1016 1083 751 862 1072 896 2253 2139 1881 2073 2128 2264 2493 2411 1642 1587 2068 1670 1812 2260 317 1342 1813 1532 614 1201 
5166 136 9999 297 143 77 1165 381 613 327 224 1091 1173 860 933 1156 947 2335 2220 1958 2159 2228 2361 2579 2505 1749 1666 2152 1764 1910 2341 351 1301 1904 1654 746 1317 
4932 162 297 9999 200 341 1016 414 403 99 286 914 962 611 769 957 825 2136 2023 1770 1951 1992 2130 2370 2281 1501 1475 1948 1541 1677 2144 380 1436 1687 1375 479 1051 
5127 72 143 200 9999 154 1173 452 581 268 119 1083 1146 806 931 1136 967 2318 2204 1947 2136 2186 2323 2556 2471 1697 1652 2132 1731 1870 2325 248 1272 1875 1575 609 1251 
5236 180 77 341 154 9999 1241 456 682 386 189 1165 1244 924 1007 1229 1023 2409 2293 2032 2232 2297 2431 2652 2576 1815 1740 2225 1835 1980 2415 305 1225 1975 1711 761 1378 
4063 1103 1165 1016 1173 1241 9999 820 620 920 1286 148 285 547 248 230 229 1194 1077 809 1040 1182 1290 1450 1410 813 533 1022 709 879 1197 1395 2444 818 978 1195 655 
4869 384 381 414 452 456 820 9999 405 339 569 772 887 662 611 858 593 2010 1894 1627 1846 1948 2071 2263 2206 1496 1342 1833 1473 1631 2014 699 1680 1604 1477 864 1114 
4554 518 613 403 581 682 620 405 9999 314 685 511 565 262 372 556 453 1737 1623 1368 1555 1615 1748 1975 1894 1137 1073 1551 1153 1297 1744 783 1840 1295 1079 633 722 
4860 210 327 99 268 386 920 339 314 9999 371 822 878 541 674 870 727 2051 1938 1682 1868 1919 2055 2288 2203 1432 1387 1865 1463 1603 2058 474 1528 1607 1328 528 992 
5217 191 224 286 119 189 1286 569 685 371 9999 1192 1247 896 1042 1240 1083 2421 2308 2053 2236 2277 2415 2655 2567 1784 1758 2234 1827 1963 2428 131 1159 1973 1642 607 1330 
4097 1016 1091 914 1083 1165 148 772 511 822 1192 9999 169 404 161 116 233 1245 1129 867 1075 1183 1302 1493 1434 766 576 1065 705 869 1251 1294 2349 832 878 1057 535 
3995 1083 1173 962 1146 1244 285 887 565 878 1247 169 9999 379 293 56 398 1173 1061 812 990 1063 1190 1410 1332 617 517 986 592 745 1181 1338 2395 731 709 1025 372 
4321 751 860 611 806 924 547 662 262 541 896 404 379 9999 341 393 477 1540 1430 1188 1349 1381 1519 1766 1671 892 895 1350 934 1066 1549 975 2028 1081 818 656 461 
4257 862 933 769 931 1007 248 611 372 674 1042 161 293 341 9999 254 143 1405 1289 1026 1236 1340 1461 1654 1595 909 736 1225 863 1025 1410 1148 2201 992 977 963 615 
4016 1072 1156 957 1136 1229 230 858 556 870 1240 116 56 393 254 9999 348 1182 1068 813 1003 1090 1214 1423 1352 657 518 996 615 773 1189 1335 2392 749 763 1046 427 
4291 896 947 825 967 1023 229 593 453 727 1083 233 398 477 143 348 9999 1423 1306 1038 1267 1399 1512 1679 1636 998 761 1251 922 1090 1426 1198 2237 1040 1101 1073 746 
2874 2253 2335 2136 2318 2409 1194 2010 1737 2051 2421 1245 1173 1540 1405 1182 1423 9999 117 386 204 417 347 264 322 778 670 190 621 554 22 2510 3566 472 1148 2136 1211 
2991 2139 2220 2023 2204 2293 1077 1894 1623 1938 2308 1129 1061 1430 1289 1068 1306 117 9999 269 136 414 385 379 406 700 554 99 523 480 121 2399 3455 378 1079 2034 1115 
3260 1881 1958 1770 1947 2032 809 1627 1368 1682 2053 867 812 1188 1026 813 1038 386 269 9999 268 525 568 647 642 579 295 233 354 404 388 2148 3205 258 964 1811 921 
3024 2073 2159 1951 2136 2232 1040 1846 1555 1868 2236 1075 990 1349 1236 1003 1267 204 136 268 9999 294 304 420 379 575 507 50 421 352 220 2323 3377 271 949 1936 1008 
2941 2128 2228 1992 2186 2297 1182 1948 1615 1919 2277 1183 1063 1381 1340 1090 1399 417 414 525 294 9999 149 479 315 503 672 344 478 318 439 2350 3389 369 809 1905 973 
2806 2264 2361 2130 2323 2431 1290 2071 1748 2055 2415 1302 1190 1519 1461 1214 1512 347 385 568 304 149 9999 341 167 649 765 349 599 453 368 2491 3533 472 956 2052 1119 
2614 2493 2579 2370 2556 2652 1450 2263 1975 2288 2655 1493 1410 1766 1654 1423 1679 264 379 647 420 479 341 9999 197 945 920 429 833 726 268 2741 3793 684 1283 2338 1404 
2664 2411 2505 2281 2471 2576 1410 2206 1894 2203 2567 1434 1332 1671 1595 1352 1636 322 406 642 379 315 167 197 9999 812 878 410 741 607 338 2645 3690 603 1122 2215 1280 
3434 1642 1749 1501 1697 1815 813 1496 1137 1432 1784 766 617 892 909 657 998 778 700 579 575 503 649 945 812 9999 463 601 234 224 795 1853 2887 334 386 1403 470 
3530 1587 1666 1475 1652 1740 533 1342 1073 1387 1758 576 517 895 736 518 761 670 554 295 507 672 765 920 878 463 9999 491 250 407 675 1853 2910 303 803 1527 671 
3041 2068 2152 1948 2132 2225 1022 1833 1551 1865 2234 1065 986 1350 1225 996 1251 190 99 233 50 344 349 429 410 601 491 9999 432 381 203 2322 3377 284 980 1946 1023 
3403 1670 1764 1541 1731 1835 709 1473 1153 1463 1827 705 592 934 863 615 922 621 523 354 421 478 599 833 741 234 250 432 9999 171 634 1909 2960 150 611 1515 592 
3257 1812 1910 1677 1870 1980 879 1631 1297 1603 1963 869 745 1066 1025 773 1090 554 480 404 352 318 453 726 607 224 407 381 171 9999 572 2039 3083 148 599 1613 678 
2874 2260 2341 2144 2325 2415 1197 2014 1744 2058 2428 1251 1181 1549 1410 1189 1426 22 121 388 220 439 368 268 338 795 675 203 634 572 9999 2519 3575 486 1166 2148 1225 
5287 317 351 380 248 305 1395 699 783 474 131 1294 1338 975 1148 1335 1198 2510 2399 2148 2323 2350 2491 2741 2645 1853 1853 2322 1909 2039 2519 9999 1057 2056 1686 591 1391 
6311 1342 1301 1436 1272 1225 2444 1680 1840 1528 1159 2349 2395 2028 2201 2392 2237 3566 3455 3205 3377 3389 3533 3793 3690 2887 2910 3377 2960 3083 3575 1057 9999 3108 2676 1512 2419 
3267 1813 1904 1687 1875 1975 818 1604 1295 1607 1973 832 731 1081 992 749 1040 472 378 258 271 369 472 684 603 334 303 284 150 148 486 2056 3108 9999 720 1664 739 
3643 1532 1654 1375 1575 1711 978 1477 1079 1328 1642 878 709 818 977 763 1101 1148 1079 964 949 809 956 1283 1122 386 803 980 611 599 1166 1686 2676 720 9999 1164 368 
4805 614 746 479 609 761 1195 864 633 528 607 1057 1025 656 963 1046 1073 2136 2034 1811 1936 1905 2052 2338 2215 1403 1527 1946 1515 1613 2148 591 1512 1664 1164 9999 935 
3898 1201 1317 1051 1251 1378 655 1114 722 992 1330 535 372 461 615 427 746 1211 1115 921 1008 973 1119 1404 1280 470 671 1023 592 678 1225 1391 2419 739 368 935 9999 
