NAME: ds_801_courier_949
TYPE: TSP
COMMENT: nil
DIMENSION: 22
EDGE_WEIGHT_TYPE: EXPLICIT
EDGE_WEIGHT_FORMAT: FULL_MATRIX
EDGE_WEIGHT_SECTION
9999 2243 2295 3835 3785 3092 2902 2489 2337 3069 3121 3832 3783 3846 4174 3374 3776 4117 3798 3782 3324 2975 
2243 9999 53 2045 1786 937 717 274 264 1164 1241 2190 2086 2124 2470 1568 2183 2533 2056 1928 1712 1288 
2295 53 9999 2017 1749 894 672 226 249 1138 1215 2168 2063 2099 2444 1543 2163 2511 2031 1898 1695 1273 
3835 2045 2017 9999 501 1243 1441 2019 2209 882 806 303 186 145 434 487 383 579 98 161 542 865 
3785 1786 1749 501 9999 882 1103 1702 1903 717 669 799 672 646 879 517 869 1069 587 345 790 881 
3092 937 894 1243 882 9999 225 822 1025 502 565 1464 1340 1355 1675 843 1489 1799 1284 1098 1110 801 
2902 717 672 1441 1103 225 9999 599 801 628 703 1644 1524 1546 1875 1012 1661 1984 1474 1303 1248 888 
2489 274 226 2019 1702 822 599 9999 205 1158 1237 2197 2084 2113 2452 1563 2202 2541 2043 1888 1752 1342 
2337 264 249 2209 1903 1025 801 205 9999 1339 1417 2377 2267 2299 2640 1745 2378 2721 2229 2081 1918 1500 
3069 1164 1138 882 717 502 628 1158 1339 9999 79 1039 928 962 1306 407 1046 1383 893 773 620 314 
3121 1241 1215 806 669 565 703 1237 1417 79 9999 961 850 884 1229 328 967 1304 816 702 548 284 
3832 2190 2168 303 799 1464 1644 2197 2377 1039 961 9999 132 159 345 635 95 344 213 455 518 930 
3783 2086 2063 186 672 1340 1524 2084 2267 928 850 132 9999 72 399 521 199 460 88 328 460 846 
3846 2124 2099 145 646 1355 1546 2113 2299 962 884 159 72 9999 349 556 245 447 72 303 524 899 
4174 2470 2444 434 879 1675 1875 2452 2640 1306 1229 345 399 349 9999 902 416 253 414 580 852 1245 
3374 1568 1543 487 517 843 1012 1563 1745 407 328 635 521 556 902 9999 649 978 488 409 317 402 
3776 2183 2163 383 869 1489 1661 2202 2378 1046 967 95 199 245 416 649 9999 358 287 526 485 908 
4117 2533 2511 579 1069 1799 1984 2541 2721 1383 1304 344 460 447 253 978 358 9999 518 739 843 1264 
3798 2056 2031 98 587 1284 1474 2043 2229 893 816 213 88 72 414 488 287 518 9999 242 483 841 
3782 1928 1898 161 345 1098 1303 1888 2081 773 702 455 328 303 580 409 526 739 242 9999 558 808 
3324 1712 1695 542 790 1110 1248 1752 1918 620 548 518 460 524 852 317 485 843 483 558 9999 427 
2975 1288 1273 865 881 801 888 1342 1500 314 284 930 846 899 1245 402 908 1264 841 808 427 9999 
