NAME: ds_617_courier_487
TYPE: TSP
COMMENT: nil
DIMENSION: 14
EDGE_WEIGHT_TYPE: EXPLICIT
EDGE_WEIGHT_FORMAT: FULL_MATRIX
EDGE_WEIGHT_SECTION
9999 3445 2954 2876 2391 3641 2919 532 1649 3619 781 1192 560 795 
3445 9999 539 571 1070 4951 1904 3088 2395 520 2683 2986 3572 2831 
2954 539 9999 244 563 4467 1498 2631 2074 702 2181 2612 3050 2389 
2876 571 244 9999 522 4605 1699 2520 1883 884 2117 2447 3016 2266 
2391 1070 563 522 9999 4174 1459 2074 1620 1247 1620 2103 2502 1839 
3641 4951 4467 4605 4174 9999 3099 4022 4824 4697 3553 4681 3091 4134 
2919 1904 1498 1699 1459 3099 9999 2856 2885 1600 2217 3180 2731 2731 
532 3088 2631 2520 2074 4022 2856 9999 1121 3321 651 686 1036 284 
1649 2395 2074 1883 1620 4824 2885 1121 9999 2764 1294 650 2096 858 
3619 520 702 884 1247 4697 1600 3321 2764 9999 2839 3314 3668 3085 
781 2683 2181 2117 1620 3553 2217 651 1294 2839 9999 1169 940 618 
1192 2986 2612 2447 2103 4681 3180 686 650 3314 1169 9999 1720 554 
560 3572 3050 3016 2502 3091 2731 1036 2096 3668 940 1720 9999 1249 
795 2831 2389 2266 1839 4134 2731 284 858 3085 618 554 1249 9999 
