NAME: ds_612_courier_435
TYPE: TSP
COMMENT: nil
DIMENSION: 17
EDGE_WEIGHT_TYPE: EXPLICIT
EDGE_WEIGHT_FORMAT: FULL_MATRIX
EDGE_WEIGHT_SECTION
9999 1055 1765 1082 530 1470 874 1828 1521 985 1174 1119 831 959 920 1193 942 
1055 9999 871 644 974 415 184 968 552 1551 1632 1359 1334 1569 1352 1530 1188 
1765 871 9999 759 1441 644 1019 111 333 1828 1805 1469 1643 1871 1605 1645 1388 
1082 644 759 9999 688 837 646 792 652 1097 1113 794 898 1134 874 975 667 
530 974 1441 688 9999 1341 836 1480 1276 608 745 606 398 612 457 713 419 
1470 415 644 837 1341 9999 598 754 330 1881 1931 1625 1667 1907 1668 1805 1478 
874 184 1019 646 836 598 9999 1109 714 1431 1530 1280 1214 1444 1243 1443 1098 
1828 968 111 792 1480 754 1109 9999 440 1834 1799 1462 1657 1880 1612 1634 1395 
1521 552 333 652 1276 330 714 440 9999 1747 1763 1438 1544 1782 1525 1620 1319 
985 1551 1828 1097 608 1881 1431 1834 1747 9999 211 417 218 61 224 328 439 
1174 1632 1805 1113 745 1931 1530 1799 1763 211 9999 337 352 263 291 176 452 
1119 1359 1469 794 606 1625 1280 1462 1438 417 337 9999 350 475 252 182 195 
831 1334 1643 898 398 1667 1214 1657 1544 218 352 350 9999 240 101 367 276 
959 1569 1871 1134 612 1907 1444 1880 1782 61 263 475 240 9999 267 389 484 
920 1352 1605 874 457 1668 1243 1612 1525 224 291 252 101 267 9999 272 217 
1193 1530 1645 975 713 1805 1443 1634 1620 328 176 182 367 389 272 9999 345 
942 1188 1388 667 419 1478 1098 1395 1319 439 452 195 276 484 217 345 9999 
