,0,1,2,3,4,5,6,7
0,0.0,2091.780917441268,2415.103241174142,2281.7736326642007,110.74057833317553,153.60722632118282,976.8237561886201,3954.6972742532685
1,2091.780917441268,0.0,552.9514844046147,1802.6182190379486,1996.8002805366045,1957.9719961387302,1131.1060265517024,2601.612884807266
2,2415.103241174142,552.9514844046147,0.0,1495.2217835126905,2310.481085802606,2299.2210222586286,1525.8483767303273,2958.9213880490033
3,2281.7736326642007,1802.6182190379486,1495.2217835126905,0.0,2176.9040053044037,2251.678195075998,1916.5461748626599,4398.978091986794
4,110.74057833317553,1996.8002805366045,2310.481085802606,2176.9040053044037,0.0,134.50031762718203,891.8984764343572,3912.6830160011586
5,153.60722632118282,1957.9719961387302,2299.2210222586286,2251.678195075998,134.50031762718203,0.0,834.9249977880213,3802.8222801858533
6,976.8237561886201,1131.1060265517024,1525.8483767303273,1916.5461748626599,891.8984764343572,834.9249977880213,0.0,3138.0515527389166
7,3954.6972742532685,2601.612884807266,2958.9213880490033,4398.978091986794,3912.6830160011586,3802.8222801858533,3138.0515527389166,0.0
