NAME: ds_825_courier_435
TYPE: TSP
COMMENT: nil
DIMENSION: 25
EDGE_WEIGHT_TYPE: EXPLICIT
EDGE_WEIGHT_FORMAT: FULL_MATRIX
EDGE_WEIGHT_SECTION
9999 833 1129 628 1166 1185 712 966 1013 973 1541 563 713 1405 1371 347 369 1438 1079 1088 1151 1048 880 1176 37 
833 9999 340 1028 1047 364 405 230 184 874 1744 426 256 1383 1547 719 642 1440 1528 1407 357 237 72 1067 845 
1129 340 9999 1177 981 107 514 167 256 857 1738 619 430 1313 1545 940 865 1375 1635 1475 23 108 271 1002 1135 
628 1028 1177 9999 678 1271 666 1021 1199 542 913 602 786 827 744 367 426 847 512 465 1199 1146 1032 679 593 
1166 1047 981 678 9999 1088 670 894 1144 202 769 756 815 338 585 820 812 398 862 640 996 1016 1005 21 1142 
1185 364 107 1271 1088 9999 605 251 227 964 1845 699 507 1419 1651 1019 943 1481 1736 1578 92 138 306 1109 1193 
712 405 514 666 670 605 9999 354 551 482 1340 150 152 998 1143 446 379 1052 1143 1007 536 480 386 689 705 
966 230 167 1021 894 251 354 9999 253 746 1631 452 263 1231 1435 773 698 1291 1490 1340 190 131 159 914 971 
1013 184 256 1199 1144 227 551 253 9999 989 1871 598 413 1481 1674 901 823 1541 1690 1557 263 158 167 1164 1026 
973 874 857 542 202 964 482 746 989 9999 885 556 631 517 689 626 613 570 842 645 875 874 839 217 950 
1541 1744 1738 913 769 1845 1340 1631 1871 885 9999 1366 1492 488 197 1253 1292 430 584 460 1755 1759 1717 748 1506 
563 426 619 602 756 699 150 452 598 556 1366 9999 193 1068 1170 321 247 1118 1104 995 641 564 433 772 558 
713 256 430 786 815 507 152 263 413 631 1492 193 9999 1146 1294 512 436 1201 1278 1152 453 371 247 834 714 
1405 1383 1313 827 338 1419 998 1231 1481 517 488 1068 1146 9999 349 1069 1079 63 796 570 1327 1352 1342 317 1376 
1371 1547 1545 744 585 1651 1143 1435 1674 689 197 1170 1294 349 9999 1071 1105 305 512 327 1562 1564 1520 565 1337 
347 719 940 367 820 1019 446 773 901 626 1253 321 512 1069 1071 9999 77 1104 875 824 963 883 740 830 324 
369 642 865 426 812 943 379 698 823 613 1292 247 436 1079 1105 77 9999 1118 938 873 888 807 663 824 352 
1438 1440 1375 847 398 1481 1052 1291 1541 570 430 1118 1201 63 305 1104 1118 9999 776 555 1390 1413 1400 377 1407 
1079 1528 1635 512 862 1736 1143 1490 1690 842 584 1104 1278 796 512 875 938 776 9999 230 1656 1620 1524 850 1042 
1088 1407 1475 465 640 1578 1007 1340 1557 645 460 995 1152 570 327 824 873 555 230 9999 1494 1471 1394 627 1053 
1151 357 23 1199 996 92 536 190 263 875 1755 641 453 1327 1562 963 888 1390 1656 1494 9999 122 290 1017 1157 
1048 237 108 1146 1016 138 480 131 158 874 1759 564 371 1352 1564 883 807 1413 1620 1471 122 9999 173 1036 1056 
880 72 271 1032 1005 306 386 159 167 839 1717 433 247 1342 1520 740 663 1400 1524 1394 290 173 9999 1025 890 
1176 1067 1002 679 21 1109 689 914 1164 217 748 772 834 317 565 830 824 377 850 627 1017 1036 1025 9999 1151 
37 845 1135 593 1142 1193 705 971 1026 950 1506 558 714 1376 1337 324 352 1407 1042 1053 1157 1056 890 1151 9999 
