NAME: ds_919_courier_2688
TYPE: TSP
COMMENT: nil
DIMENSION: 23
EDGE_WEIGHT_TYPE: EXPLICIT
EDGE_WEIGHT_FORMAT: FULL_MATRIX
EDGE_WEIGHT_SECTION
9999 5249 5266 5134 5216 4197 4042 4241 4090 2942 2925 3253 3706 2582 3442 3100 3556 4327 4428 6011 4075 5049 3258 
5249 9999 80 215 175 1097 1252 1042 1182 2331 2342 2064 1545 2689 1902 2150 1724 1307 925 915 1223 707 1997 
5266 80 9999 290 255 1095 1252 1043 1187 2340 2352 2066 1565 2699 1899 2166 1729 1371 975 952 1260 786 2010 
5134 215 290 9999 83 1048 1195 988 1114 2241 2248 1994 1429 2594 1843 2042 1646 1104 750 930 1074 501 1899 
5216 175 255 83 9999 1120 1269 1061 1190 2321 2329 2071 1511 2675 1919 2124 1724 1175 832 857 1157 534 1980 
4197 1097 1095 1048 1120 9999 157 63 128 1257 1272 971 591 1618 805 1116 642 1119 707 1977 593 1248 945 
4042 1252 1252 1195 1269 157 9999 210 102 1101 1116 814 480 1461 651 967 486 1149 781 2125 592 1364 793 
4241 1042 1043 988 1061 63 210 9999 153 1303 1317 1023 607 1663 861 1153 689 1075 653 1918 563 1186 985 
4090 1182 1187 1114 1190 128 102 153 9999 1154 1167 883 463 1514 730 1000 542 1054 679 2043 505 1265 833 
2942 2331 2340 2241 2321 1257 1101 1303 1154 9999 36 338 835 360 530 275 615 1706 1613 3157 1259 2266 347 
2925 2342 2352 2248 2329 1272 1116 1317 1167 36 9999 367 836 347 557 259 631 1696 1613 3162 1257 2266 350 
3253 2064 2066 1994 2071 971 814 1023 883 338 367 9999 675 678 193 402 351 1614 1432 2921 1100 2080 289 
3706 1545 1565 1429 1511 591 480 607 463 835 836 675 9999 1175 618 614 366 945 778 2331 429 1432 488 
2582 2689 2699 2594 2675 1618 1461 1663 1514 360 347 678 1175 9999 871 568 976 1992 1946 3505 1588 2597 694 
3442 1902 1899 1843 1919 805 651 861 730 530 557 193 618 871 9999 544 253 1560 1328 2773 1018 1964 385 
3100 2150 2166 2042 2124 1116 967 1153 1000 275 259 402 614 568 544 9999 505 1439 1379 2944 1020 2029 182 
3556 1724 1729 1646 1724 642 486 689 542 615 631 351 366 976 253 505 9999 1308 1087 2571 768 1731 323 
4327 1307 1371 1104 1175 1119 1149 1075 1054 1706 1696 1614 945 1992 1560 1439 1308 9999 476 1767 568 780 1382 
4428 925 975 750 832 707 781 653 679 1613 1613 1432 778 1946 1328 1379 1087 476 9999 1583 359 654 1266 
6011 915 952 930 857 1977 2125 1918 2043 3157 3162 2921 2331 3505 2773 2944 2571 1767 1583 9999 1939 989 2812 
4075 1223 1260 1074 1157 593 592 563 505 1259 1257 1100 429 1588 1018 1020 768 568 359 1939 9999 1010 913 
5049 707 786 501 534 1248 1364 1186 1265 2266 2266 2080 1432 2597 1964 2029 1731 780 654 989 1010 9999 1920 
3258 1997 2010 1899 1980 945 793 985 833 347 350 289 488 694 385 182 323 1382 1266 2812 913 1920 9999 
