,0,1,2,3,4,5,6,7,8
0,0.0,1641.6721478068055,1399.4768075613729,1555.7372802732677,1102.0507923468674,1778.927008943295,1599.2123855692018,1383.6675560458532,1091.212964211109
1,1641.6721478068055,0.0,440.5668725881737,548.939419585092,1632.0669814255618,557.5966510981987,679.6937444936522,969.8366436546426,1495.3854581518349
2,1399.4768075613729,440.5668725881737,0.0,212.36547663415848,1201.7813200233977,397.0830620157943,333.0524749285025,535.8182412179649,1063.498775025649
3,1555.7372802732677,548.939419585092,212.36547663415848,0.0,1202.3757845506202,226.53720450211634,134.75051190911728,457.3066210046844,1063.0334202347337
4,1102.0507923468674,1632.0669814255618,1201.7813200233977,1202.3757845506202,0.0,1395.3408745584732,1144.4872334722038,769.7125543631294,139.54291255568393
5,1778.927008943295,557.5966510981987,397.0830620157943,226.53720450211634,1395.3408745584732,0.0,251.3209805321678,628.9647935480932,1257.3590418551175
6,1599.2123855692018,679.6937444936522,333.0524749285025,134.75051190911728,1144.4872334722038,251.3209805321678,0.0,377.7379028000513,1006.8279308875756
7,1383.6675560458532,969.8366436546426,535.8182412179649,457.3066210046844,769.7125543631294,628.9647935480932,377.7379028000513,0.0,633.7115063736416
8,1091.212964211109,1495.3854581518349,1063.498775025649,1063.0334202347337,139.54291255568393,1257.3590418551175,1006.8279308875756,633.7115063736416,0.0
