NAME: ds_913_courier_4849
TYPE: TSP
COMMENT: nil
DIMENSION: 23
EDGE_WEIGHT_TYPE: EXPLICIT
EDGE_WEIGHT_FORMAT: FULL_MATRIX
EDGE_WEIGHT_SECTION
9999 1977 2246 2663 2556 2558 2989 3282 3502 3146 3051 3371 3864 3600 3115 3323 3428 3666 3610 3098 3093 3023 2875 
1977 9999 297 851 624 854 1282 1583 1690 1251 1160 1499 1897 1682 1188 1382 1457 1693 1633 1139 1118 1051 918 
2246 297 9999 572 328 611 1011 1306 1396 954 863 1203 1618 1387 893 1090 1221 1448 1376 929 853 779 722 
2663 851 572 9999 323 187 441 734 857 498 405 708 1293 952 512 722 1118 1285 1170 965 712 623 852 
2556 624 328 323 9999 450 750 1025 1080 627 538 877 1311 1060 567 768 983 1191 1101 749 583 498 588 
2558 854 611 187 450 9999 449 755 944 654 567 835 1461 1098 687 893 1305 1471 1354 1145 899 810 1019 
2989 1282 1011 441 750 449 9999 306 536 477 446 521 1229 805 589 724 1275 1375 1238 1233 925 854 1184 
3282 1583 1306 734 1025 755 306 9999 340 579 599 474 1162 721 713 767 1356 1404 1262 1388 1070 1016 1382 
3502 1690 1396 857 1080 944 536 340 9999 485 555 255 842 410 605 562 1135 1138 997 1243 934 907 1290 
3146 1251 954 498 627 654 477 579 485 9999 95 253 810 456 134 256 802 899 764 809 491 442 820 
3051 1160 863 405 538 567 446 599 555 95 9999 339 894 551 146 329 832 951 820 799 484 421 784 
3371 1499 1203 708 877 835 521 474 255 253 339 9999 714 284 358 313 899 931 789 988 679 653 1037 
3864 1897 1618 1293 1311 1461 1229 1162 842 810 894 714 9999 441 783 571 621 454 372 928 789 847 1108 
3600 1682 1387 952 1060 1098 805 721 410 456 551 284 441 9999 494 316 777 741 603 963 697 709 1070 
3115 1188 893 512 567 687 589 713 605 134 146 358 783 494 9999 214 687 807 679 676 357 309 689 
3323 1382 1090 722 768 893 724 767 562 256 329 313 571 316 214 9999 589 653 515 686 393 394 765 
3428 1457 1221 1118 983 1305 1275 1356 1135 802 832 899 621 777 687 589 9999 242 250 345 410 500 560 
3666 1693 1448 1285 1191 1471 1375 1404 1138 899 951 931 454 741 807 653 242 9999 142 587 607 694 803 
3610 1633 1376 1170 1101 1354 1238 1262 997 764 820 789 372 603 679 515 250 142 9999 576 523 603 776 
3098 1139 929 965 749 1145 1233 1388 1243 809 799 988 928 963 676 686 345 587 576 9999 318 379 223 
3093 1118 853 712 583 899 925 1070 934 491 484 679 789 697 357 393 410 607 523 318 9999 90 373 
3023 1051 779 623 498 810 854 1016 907 442 421 653 847 709 309 394 500 694 603 379 90 9999 384 
2875 918 722 852 588 1019 1184 1382 1290 820 784 1037 1108 1070 689 765 560 803 776 223 373 384 9999 
