NAME: ds_716_courier_3156
TYPE: TSP
COMMENT: nil
DIMENSION: 11
EDGE_WEIGHT_TYPE: EXPLICIT
EDGE_WEIGHT_FORMAT: FULL_MATRIX
EDGE_WEIGHT_SECTION
9999 3141 3170 3299 3388 3163 37 2540 3512 2997 3134 
3141 9999 695 183 539 957 3132 1042 380 169 411 
3170 695 9999 814 325 266 3169 1597 886 614 284 
3299 183 814 9999 593 1080 3289 1096 213 352 539 
3388 539 325 593 9999 562 3384 1558 606 542 259 
3163 957 266 1080 562 9999 3165 1806 1148 862 546 
37 3132 3169 3289 3384 3165 9999 2521 3502 2989 3129 
2540 1042 1597 1096 1558 1806 2521 9999 1275 1019 1352 
3512 380 886 213 606 1148 3502 1275 9999 544 641 
2997 169 614 352 542 862 2989 1019 544 9999 342 
3134 411 284 539 259 546 3129 1352 641 342 9999 
