NAME: ds_601_courier_1103
TYPE: TSP
COMMENT: nil
DIMENSION: 18
EDGE_WEIGHT_TYPE: EXPLICIT
EDGE_WEIGHT_FORMAT: FULL_MATRIX
EDGE_WEIGHT_SECTION
9999 3087 3658 3018 2591 2174 2136 579 621 806 671 693 28 434 256 361 359 615 
3087 9999 695 451 812 1521 1400 3230 3169 3353 3370 3133 3075 2844 2974 3031 2921 3119 
3658 695 9999 1084 1504 2216 2094 3727 3658 3822 3861 3611 3649 3369 3517 3557 3453 3609 
3018 451 1084 9999 484 1188 1095 3239 3187 3388 3383 3163 3002 2832 2940 3014 2901 3139 
2591 812 1504 484 9999 717 613 2860 2816 3026 3005 2801 2573 2444 2535 2621 2507 2768 
2174 1521 2216 1188 717 9999 158 2559 2534 2758 2701 2541 2151 2139 2183 2293 2182 2492 
2136 1400 2094 1095 613 158 9999 2493 2463 2685 2636 2465 2115 2071 2128 2232 2119 2420 
579 3230 3727 3239 2860 2559 2493 9999 87 231 145 172 606 422 406 276 379 128 
621 3169 3658 3187 2816 2534 2463 87 9999 226 203 88 647 397 420 285 372 50 
806 3353 3822 3388 3026 2758 2685 231 226 9999 163 225 834 622 635 501 596 266 
671 3370 3861 3383 3005 2701 2636 145 203 163 9999 261 699 566 534 410 519 252 
693 3133 3611 3163 2801 2541 2465 172 88 225 261 9999 718 418 475 342 412 78 
28 3075 3649 3002 2573 2151 2115 606 647 834 699 718 9999 448 274 384 375 640 
434 2844 3369 2832 2444 2139 2071 422 397 622 566 418 448 9999 186 188 90 358 
256 2974 3517 2940 2535 2183 2128 406 420 635 534 475 274 186 9999 135 103 400 
361 3031 3557 3014 2621 2293 2232 276 285 501 410 342 384 188 135 9999 114 266 
359 2921 3453 2901 2507 2182 2119 379 372 596 519 412 375 90 103 114 9999 341 
615 3119 3609 3139 2768 2492 2420 128 50 266 252 78 640 358 400 266 341 9999 
