NAME: ds_804_courier_487
TYPE: TSP
COMMENT: nil
DIMENSION: 12
EDGE_WEIGHT_TYPE: EXPLICIT
EDGE_WEIGHT_FORMAT: FULL_MATRIX
EDGE_WEIGHT_SECTION
9999 4383 4848 2491 3626 3427 2906 2756 2841 3824 4467 4390 
4383 9999 2240 5534 6251 5947 4142 3805 3379 1218 299 45 
4848 2240 9999 4897 5231 4939 3129 2897 2490 1379 1956 2196 
2491 5534 4897 9999 1138 975 1806 2000 2414 4512 5481 5520 
3626 6251 5231 1138 9999 305 2159 2469 2911 5131 6154 6231 
3427 5947 4939 975 305 9999 1856 2165 2606 4826 5850 5927 
2906 4142 3129 1806 2159 1856 9999 347 765 2987 4023 4118 
2756 3805 2897 2000 2469 2165 347 9999 442 2662 3693 3782 
2841 3379 2490 2414 2911 2606 765 442 9999 2224 3258 3355 
3824 1218 1379 4512 5131 4826 2987 2662 2224 9999 1047 1185 
4467 299 1956 5481 6154 5850 4023 3693 3258 1047 9999 254 
4390 45 2196 5520 6231 5927 4118 3782 3355 1185 254 9999 
