NAME: ds_814_courier_4849
TYPE: TSP
COMMENT: nil
DIMENSION: 25
EDGE_WEIGHT_TYPE: EXPLICIT
EDGE_WEIGHT_FORMAT: FULL_MATRIX
EDGE_WEIGHT_SECTION
9999 2771 2860 2732 2399 2169 2628 2291 2964 2807 3063 3293 3550 3594 3582 3590 3555 3707 3834 3163 3241 3371 3882 3621 3550 
2771 9999 397 686 383 614 283 706 219 84 304 560 932 947 858 869 816 940 1128 506 661 706 1115 897 1096 
2860 397 9999 1083 534 724 666 1043 515 317 378 484 1179 1172 1023 1035 965 1001 976 796 966 952 1163 776 1398 
2732 686 1083 9999 798 920 438 455 650 768 870 1099 861 918 986 989 990 1206 1613 599 581 747 1355 1386 817 
2399 383 534 798 9999 232 389 573 596 409 664 899 1288 1310 1238 1248 1198 1321 1456 859 994 1069 1496 1233 1412 
2169 614 724 920 232 9999 569 582 824 640 895 1125 1502 1528 1465 1475 1427 1553 1675 1076 1201 1288 1728 1456 1605 
2628 283 666 438 389 569 9999 440 369 367 552 810 949 982 954 962 928 1098 1373 537 641 748 1269 1139 1037 
2291 706 1043 455 573 582 440 9999 806 783 991 1250 1265 1313 1333 1339 1319 1510 1812 911 960 1105 1676 1578 1264 
2964 219 515 650 596 824 369 806 9999 240 220 460 717 729 642 652 603 744 1009 297 462 489 918 776 899 
2807 84 317 768 409 640 367 783 240 9999 256 501 956 964 858 870 812 917 1068 537 700 727 1091 838 1137 
3063 304 378 870 664 895 552 991 220 256 9999 259 801 794 651 664 597 671 826 439 608 575 844 594 1029 
3293 560 484 1099 899 1125 810 1250 460 501 259 9999 827 798 609 622 545 527 568 579 726 633 682 338 1097 
3550 932 1179 861 1288 1502 949 1265 717 956 801 827 9999 69 265 257 321 522 1067 430 311 230 598 909 295 
3594 947 1172 918 1310 1528 982 1313 729 964 794 798 69 9999 212 202 273 460 1009 452 354 242 531 859 353 
3582 858 1023 986 1238 1465 954 1333 642 858 651 609 265 212 9999 13 65 263 802 423 408 239 375 647 560 
3590 869 1035 989 1248 1475 962 1339 652 870 664 622 257 202 13 9999 78 268 810 430 410 242 375 657 552 
3555 816 965 990 1198 1427 928 1319 603 812 597 545 321 273 65 78 9999 228 751 409 420 250 365 588 616 
3707 940 1001 1206 1321 1553 1098 1510 744 917 671 527 522 460 263 268 228 9999 552 612 646 477 175 435 813 
3834 1128 976 1613 1456 1675 1373 1812 1009 1068 826 568 1067 1009 802 810 751 552 9999 1029 1124 972 563 234 1361 
3163 506 796 599 859 1076 537 911 297 537 439 579 430 452 423 430 409 612 1029 9999 170 213 770 811 604 
3241 661 966 581 994 1201 641 960 462 700 608 726 311 354 408 410 420 646 1124 170 9999 171 782 921 437 
3371 706 952 747 1069 1288 748 1105 489 727 575 633 230 242 239 242 250 477 972 213 171 9999 611 780 466 
3882 1115 1163 1355 1496 1728 1269 1676 918 1091 844 682 598 531 375 375 365 175 563 770 782 611 9999 517 871 
3621 897 776 1386 1233 1456 1139 1578 776 838 594 338 909 859 647 657 588 435 234 811 921 780 517 9999 1203 
3550 1096 1398 817 1412 1605 1037 1264 899 1137 1029 1097 295 353 560 552 616 813 1361 604 437 466 871 1203 9999 
