NAME: ds_804_courier_75
TYPE: TSP
COMMENT: nil
DIMENSION: 40
EDGE_WEIGHT_TYPE: EXPLICIT
EDGE_WEIGHT_FORMAT: FULL_MATRIX
EDGE_WEIGHT_SECTION
9999 2435 2089 2527 1829 2310 2261 2476 2421 2337 2236 2465 2457 1227 1367 1769 1679 1850 1777 1853 2068 2181 1967 1623 1584 1627 1341 1410 1682 1876 1886 1464 1068 798 172 966 1383 725 988 322 
2435 9999 1215 287 665 184 282 151 110 526 631 379 272 1252 1176 1044 905 714 672 616 1163 998 957 953 872 2003 1985 1801 1490 1712 1471 1177 1462 1918 2266 1917 1854 1808 1873 2265 
2089 1215 9999 1493 805 1274 938 1112 1302 716 589 911 1458 1410 837 408 657 687 926 866 2028 1943 1779 1466 1218 2527 2371 2242 2108 2403 2202 1610 1595 1991 1927 2099 2277 1781 2066 2084 
2527 287 1493 9999 866 251 555 426 192 813 915 660 69 1307 1356 1291 1119 940 836 806 992 808 827 948 943 1894 1916 1726 1382 1566 1326 1161 1499 1936 2362 1907 1782 1858 1862 2326 
1829 665 805 866 9999 615 438 664 697 540 482 638 809 768 512 471 254 118 127 68 1223 1144 974 685 456 1795 1685 1530 1336 1622 1410 865 986 1443 1657 1496 1573 1283 1456 1703 
2310 184 1274 251 615 9999 349 324 115 636 715 527 195 1106 1107 1047 868 691 587 555 984 825 774 783 730 1819 1805 1620 1306 1529 1288 1006 1309 1760 2143 1750 1674 1662 1705 2125 
2261 282 938 555 438 349 9999 230 363 292 367 248 521 1136 946 767 653 458 487 408 1275 1137 1041 917 767 2026 1968 1794 1526 1780 1545 1136 1355 1818 2089 1844 1844 1681 1801 2119 
2476 151 1112 426 664 324 230 9999 261 403 523 234 420 1322 1174 987 883 688 699 628 1308 1147 1096 1055 944 2129 2099 1917 1619 1850 1609 1279 1537 1998 2305 2009 1970 1875 1965 2322 
2421 110 1302 192 697 115 363 261 9999 627 725 488 165 1220 1199 1106 946 761 684 641 1064 895 865 897 844 1920 1913 1727 1406 1619 1378 1119 1425 1875 2254 1864 1782 1777 1820 2239 
2337 526 716 813 540 636 292 403 627 9999 137 197 792 1304 975 668 661 490 640 546 1560 1427 1322 1153 964 2274 2193 2027 1784 2049 1817 1360 1523 1982 2165 2030 2074 1822 1989 2233 
2236 631 589 915 482 715 367 523 725 137 9999 333 886 1248 869 536 557 408 597 505 1593 1473 1349 1138 930 2259 2163 2003 1782 2056 1830 1335 1465 1918 2064 1977 2048 1747 1937 2145 
2465 379 911 660 638 527 248 234 488 197 333 9999 651 1374 1118 851 808 620 712 625 1498 1348 1272 1166 1010 2272 2216 2042 1770 2018 1781 1384 1593 2056 2293 2087 2092 1911 2045 2340 
2457 272 1458 69 809 195 521 420 165 792 886 651 9999 1238 1293 1242 1062 886 773 747 949 769 773 880 874 1839 1855 1666 1326 1519 1278 1095 1430 1868 2293 1841 1722 1789 1796 2257 
1227 1252 1410 1307 768 1106 1136 1322 1220 1304 1248 1374 1238 9999 608 1002 769 846 666 759 972 1026 799 406 380 1130 961 837 794 1091 955 324 220 683 1069 729 869 557 690 1020 
1367 1176 837 1356 512 1107 946 1174 1199 975 869 1118 1293 608 9999 443 314 498 520 560 1442 1427 1214 811 580 1737 1555 1443 1380 1681 1516 876 768 1155 1196 1264 1472 949 1232 1295 
1769 1044 408 1291 471 1047 767 987 1106 668 536 851 1242 1002 443 9999 263 365 574 538 1669 1606 1422 1079 828 2121 1963 1835 1712 2010 1816 1210 1189 1595 1601 1696 1869 1392 1663 1727 
1679 905 657 1119 254 868 653 883 946 661 557 808 1062 769 314 263 9999 195 328 318 1409 1353 1164 817 566 1872 1727 1590 1452 1749 1554 953 969 1401 1507 1484 1627 1214 1448 1592 
1850 714 687 940 118 691 458 688 761 490 408 620 886 846 498 365 195 9999 242 180 1341 1260 1092 797 561 1899 1781 1630 1448 1736 1525 969 1061 1511 1678 1575 1672 1340 1536 1743 
1777 672 926 836 127 587 487 699 684 640 597 712 773 666 520 574 328 242 9999 93 1103 1032 854 558 334 1670 1566 1408 1209 1495 1283 741 886 1348 1607 1391 1452 1199 1350 1633 
1853 616 866 806 68 555 408 628 641 546 505 625 747 759 560 538 318 180 93 9999 1163 1080 914 642 425 1758 1658 1498 1292 1575 1359 831 978 1439 1682 1484 1543 1287 1443 1716 
2068 1163 2028 992 1223 984 1275 1308 1064 1560 1593 1498 949 972 1442 1669 1409 1341 1103 1163 9999 195 249 632 867 945 1045 860 476 581 350 653 1033 1306 1938 1196 916 1345 1156 1785 
2181 998 1943 808 1144 825 1137 1147 895 1427 1473 1348 769 1026 1427 1606 1353 1260 1032 1080 195 9999 228 643 848 1139 1228 1039 658 776 544 727 1123 1442 2042 1348 1096 1456 1306 1911 
1967 957 1779 827 974 774 1041 1096 865 1322 1349 1272 773 799 1214 1422 1164 1092 854 914 249 228 9999 417 634 1067 1105 914 555 755 514 505 903 1248 1825 1170 971 1244 1127 1706 
1623 953 1466 948 685 783 917 1055 897 1153 1138 1166 880 406 811 1079 817 797 558 642 632 643 417 9999 251 1122 1051 877 651 940 737 224 563 988 1469 967 927 923 923 1394 
1584 872 1218 943 456 730 767 944 844 964 930 1010 874 380 580 828 566 561 334 425 867 848 634 251 9999 1339 1233 1074 892 1186 988 409 593 1055 1420 1077 1118 936 1035 1395 
1627 2003 2527 1894 1795 1819 2026 2129 1920 2274 2259 2272 1839 1130 1737 2121 1872 1899 1670 1758 945 1139 1067 1122 1339 9999 285 298 514 401 597 930 993 867 1563 681 285 1055 674 1304 
1341 1985 2371 1916 1685 1805 1968 2099 1913 2193 2163 2216 1855 961 1555 1963 1727 1781 1566 1658 1045 1228 1105 1051 1233 285 9999 191 570 602 727 834 789 589 1278 402 134 789 401 1019 
1410 1801 2242 1726 1530 1620 1794 1917 1727 2027 2003 2042 1666 837 1443 1835 1590 1630 1408 1498 860 1039 914 877 1074 298 191 9999 383 472 554 668 695 619 1326 444 57 781 424 1091 
1682 1490 2108 1382 1336 1306 1526 1619 1406 1784 1782 1770 1326 794 1380 1712 1452 1448 1209 1292 476 658 555 651 892 514 570 383 9999 301 203 506 750 890 1571 752 440 982 717 1379 
1876 1712 2403 1566 1622 1529 1780 1850 1619 2049 2056 2018 1519 1091 1681 2010 1749 1736 1495 1575 581 776 755 940 1186 401 602 472 301 9999 241 807 1028 1080 1783 913 510 1213 888 1560 
1886 1471 2202 1326 1410 1288 1545 1609 1378 1817 1830 1781 1278 955 1516 1816 1554 1525 1283 1359 350 544 514 737 988 597 727 554 203 241 9999 644 937 1093 1774 951 606 1184 917 1582 
1464 1177 1610 1161 865 1006 1136 1279 1119 1360 1335 1384 1095 324 876 1210 953 969 741 831 653 727 505 224 409 930 834 668 506 807 644 9999 398 781 1320 747 714 745 702 1213 
1068 1462 1595 1499 986 1309 1355 1537 1425 1523 1465 1593 1430 220 768 1189 969 1061 886 978 1033 1123 903 563 593 993 789 695 750 1028 937 398 9999 463 922 516 716 360 479 831 
798 1918 1991 1936 1443 1760 1818 1998 1875 1982 1918 2056 1868 683 1155 1595 1401 1511 1348 1439 1306 1442 1248 988 1055 867 589 619 890 1080 1093 781 463 9999 706 187 600 229 196 489 
172 2266 1927 2362 1657 2143 2089 2305 2254 2165 2064 2293 2293 1069 1196 1601 1507 1678 1607 1682 1938 2042 1825 1469 1420 1563 1278 1326 1571 1783 1774 1320 922 706 9999 886 1305 595 902 295 
966 1917 2099 1907 1496 1750 1844 2009 1864 2030 1977 2087 1841 729 1264 1696 1484 1575 1391 1484 1196 1348 1170 967 1077 681 402 444 752 913 951 747 516 187 886 9999 419 396 45 648 
1383 1854 2277 1782 1573 1674 1844 1970 1782 2074 2048 2092 1722 869 1472 1869 1627 1672 1452 1543 916 1096 971 927 1118 285 134 57 440 510 606 714 716 600 1305 419 9999 775 404 1063 
725 1808 1781 1858 1283 1662 1681 1875 1777 1822 1747 1911 1789 557 949 1392 1214 1340 1199 1287 1345 1456 1244 923 936 1055 789 781 982 1213 1184 745 360 229 595 396 775 9999 388 471 
988 1873 2066 1862 1456 1705 1801 1965 1820 1989 1937 2045 1796 690 1232 1663 1448 1536 1350 1443 1156 1306 1127 923 1035 674 401 424 717 888 917 702 479 196 902 45 404 388 9999 673 
322 2265 2084 2326 1703 2125 2119 2322 2239 2233 2145 2340 2257 1020 1295 1727 1592 1743 1633 1716 1785 1911 1706 1394 1395 1304 1019 1091 1379 1560 1582 1213 831 489 295 648 1063 471 673 9999 
