NAME: ds_909_courier_2925
TYPE: TSP
COMMENT: nil
DIMENSION: 18
EDGE_WEIGHT_TYPE: EXPLICIT
EDGE_WEIGHT_FORMAT: FULL_MATRIX
EDGE_WEIGHT_SECTION
9999 3269 3749 4868 3055 3289 2520 4622 4186 3197 3503 3505 4558 3027 2963 4738 3470 2160 
3269 9999 1002 2061 410 409 769 1672 1343 461 514 888 1694 253 320 1788 1003 1113 
3749 1002 9999 1165 1403 1393 1556 873 441 673 489 243 821 1057 1222 990 316 1780 
4868 2061 1165 9999 2469 2390 2708 430 736 1826 1579 1397 368 2180 2335 350 1406 2945 
3055 410 1403 2469 9999 239 553 2075 1753 796 919 1267 2102 404 259 2190 1369 918 
3289 409 1393 2390 239 9999 792 1981 1698 864 906 1295 2025 533 441 2092 1413 1157 
2520 769 1556 2708 553 792 9999 2356 1972 884 1141 1353 2348 555 451 2476 1407 367 
4622 1672 873 430 2075 1981 2356 9999 439 1489 1216 1117 162 1813 1960 120 1163 2620 
4186 1343 441 736 1753 1698 1972 439 9999 1090 847 682 382 1447 1604 552 724 2213 
3197 461 673 1826 796 864 884 1489 1090 9999 307 487 1469 406 574 1609 575 1131 
3503 514 489 1579 919 906 1141 1216 847 307 9999 414 1214 602 757 1335 550 1419 
3505 888 243 1397 1267 1295 1353 1117 682 487 414 9999 1060 891 1059 1233 143 1555 
4558 1694 821 368 2102 2025 2348 162 382 1469 1214 1060 9999 1816 1969 216 1088 2594 
3027 253 1057 2180 404 533 555 1813 1447 406 602 891 1816 9999 168 1932 981 878 
2963 320 1222 2335 259 441 451 1960 1604 574 757 1059 1969 168 9999 2078 1148 804 
4738 1788 990 350 2190 2092 2476 120 552 1609 1335 1233 216 1932 2078 9999 1275 2739 
3470 1003 316 1406 1369 1413 1407 1163 724 575 550 143 1088 981 1148 1275 9999 1580 
2160 1113 1780 2945 918 1157 367 2620 2213 1131 1419 1555 2594 878 804 2739 1580 9999 
