NAME: ds_630_courier_435
TYPE: TSP
COMMENT: nil
DIMENSION: 17
EDGE_WEIGHT_TYPE: EXPLICIT
EDGE_WEIGHT_FORMAT: FULL_MATRIX
EDGE_WEIGHT_SECTION
9999 944 1795 871 1248 1494 653 1687 512 285 962 888 1281 1055 960 1290 934 
944 9999 1691 1046 1471 1567 489 1483 516 690 76 82 346 417 18 434 21 
1795 1691 9999 925 669 378 1355 241 1477 1609 1620 1625 1697 1289 1699 1485 1707 
871 1046 925 9999 443 635 574 838 640 710 998 964 1227 787 1060 1089 1054 
1248 1471 669 443 9999 294 1014 704 1083 1134 1417 1391 1612 1161 1485 1445 1481 
1494 1567 378 635 294 9999 1156 460 1253 1345 1504 1492 1649 1205 1578 1458 1580 
653 489 1355 574 1014 1156 9999 1187 151 371 457 407 744 411 505 682 493 
1687 1483 241 838 704 460 1187 9999 1320 1474 1410 1422 1467 1073 1491 1253 1501 
512 516 1477 640 1083 1253 151 1320 9999 227 506 441 817 544 534 790 514 
285 690 1609 710 1134 1345 371 1474 227 9999 697 625 1016 770 707 1009 683 
962 76 1620 998 1417 1504 457 1410 506 697 9999 75 319 341 80 373 97 
888 82 1625 964 1391 1492 407 1422 441 625 75 9999 394 368 98 442 90 
1281 346 1697 1227 1612 1649 744 1467 817 1016 319 394 9999 451 331 219 360 
1055 417 1289 787 1161 1205 411 1073 544 770 341 368 451 9999 421 305 436 
960 18 1699 1060 1485 1578 505 1491 534 707 80 98 331 421 9999 426 30 
1290 434 1485 1089 1445 1458 682 1253 790 1009 373 442 219 305 426 9999 454 
934 21 1707 1054 1481 1580 493 1501 514 683 97 90 360 436 30 454 9999 
