NAME: ds_712_courier_2688
TYPE: TSP
COMMENT: nil
DIMENSION: 11
EDGE_WEIGHT_TYPE: EXPLICIT
EDGE_WEIGHT_FORMAT: FULL_MATRIX
EDGE_WEIGHT_SECTION
9999 5220 4505 4394 4293 4333 3686 3202 3262 3253 2440 
5220 9999 739 846 931 928 1592 2018 1967 2043 2804 
4505 739 9999 111 228 457 986 1307 1283 1415 2116 
4394 846 111 9999 131 422 892 1196 1175 1313 2007 
4293 931 228 131 9999 332 762 1091 1059 1187 1894 
4333 928 457 422 332 9999 666 1158 1072 1118 1899 
3686 1592 986 892 762 666 9999 604 460 452 1246 
3202 2018 1307 1196 1091 1158 604 9999 185 464 823 
3262 1967 1283 1175 1059 1072 460 185 9999 290 837 
3253 2043 1415 1313 1187 1118 452 464 290 9999 818 
2440 2804 2116 2007 1894 1899 1246 823 837 818 9999 
