NAME: ds_726_courier_2688
TYPE: TSP
COMMENT: nil
DIMENSION: 28
EDGE_WEIGHT_TYPE: EXPLICIT
EDGE_WEIGHT_FORMAT: FULL_MATRIX
EDGE_WEIGHT_SECTION
9999 4266 4421 3252 3349 4785 4497 4945 5315 3745 3262 4075 4256 4188 4248 2938 3011 2969 3259 2842 3109 3274 3408 3558 3080 2640 3264 3719 
4266 9999 581 1061 972 610 328 704 1053 525 1056 459 85 252 367 1471 1390 1372 1174 1437 1219 995 1083 858 1188 1639 1119 612 
4421 581 9999 1420 1084 988 815 950 1146 817 1420 1030 666 832 946 1850 1772 1720 1601 1706 1573 1277 1547 1323 1403 1897 1526 1064 
3252 1061 1420 9999 569 1533 1250 1702 2081 604 15 825 1032 941 996 430 353 312 255 421 159 215 336 335 364 615 162 469 
3349 972 1084 569 9999 1567 1268 1677 2015 467 580 999 991 994 1108 925 869 769 824 666 663 355 876 755 349 836 730 659 
4785 610 988 1533 1567 9999 299 219 593 1103 1524 721 577 600 541 1891 1810 1828 1567 1944 1681 1525 1438 1246 1738 2144 1540 1066 
4497 328 815 1250 1268 299 9999 453 836 804 1242 467 282 310 287 1625 1543 1551 1306 1655 1402 1230 1186 981 1441 1857 1270 781 
4945 704 950 1702 1677 219 453 9999 386 1225 1694 910 696 762 728 2076 1995 2004 1756 2105 1854 1674 1632 1431 1879 2306 1722 1233 
5315 1053 1146 2081 2015 593 836 386 9999 1578 2073 1296 1059 1142 1114 2460 2379 2385 2141 2477 2235 2041 2018 1816 2240 2680 2106 1612 
3745 525 817 604 467 1103 804 1225 1578 9999 604 562 531 529 648 1034 956 909 790 932 760 487 756 546 665 1132 711 318 
3262 1056 1420 15 580 1524 1242 1694 2073 604 9999 815 1025 932 986 430 353 317 244 433 164 225 321 322 379 626 151 461 
4075 459 1030 825 999 721 467 910 1296 562 815 9999 380 211 182 1170 1090 1110 847 1244 967 855 721 525 1079 1440 820 377 
4256 85 666 1032 991 577 282 696 1059 531 1025 380 9999 170 282 1433 1351 1341 1129 1419 1189 982 1030 808 1184 1622 1078 571 
4188 252 832 941 994 600 310 762 1142 529 932 211 170 9999 138 1321 1240 1243 1007 1346 1093 925 896 681 1139 1547 966 471 
4248 367 946 996 1108 541 287 728 1114 648 986 182 282 138 9999 1351 1270 1287 1029 1411 1142 1006 904 706 1227 1610 1000 534 
2938 1471 1850 430 925 1891 1625 2076 2460 1034 430 1170 1433 1321 1351 9999 82 159 326 375 279 599 470 645 606 438 355 862 
3011 1390 1772 353 869 1810 1543 1995 2379 956 353 1090 1351 1240 1270 82 9999 128 249 371 210 533 398 565 563 471 274 780 
2969 1372 1720 312 769 1828 1551 2004 2385 909 317 1110 1341 1243 1287 159 128 9999 312 246 153 453 464 589 447 372 297 774 
3259 1174 1601 255 824 1567 1306 1756 2141 790 244 847 1129 1007 1029 326 249 312 9999 533 235 469 153 326 596 684 94 563 
2842 1437 1706 421 666 1944 1655 2105 2477 932 433 1244 1419 1346 1411 375 371 246 533 9999 309 445 678 751 317 203 488 878 
3109 1219 1573 159 663 1681 1402 1854 2235 760 164 967 1189 1093 1142 279 210 153 235 309 9999 323 371 454 382 484 179 623 
3274 995 1277 215 355 1525 1230 1674 2041 487 225 855 982 925 1006 599 533 453 469 445 323 9999 534 459 225 647 376 478 
3408 1083 1547 336 876 1438 1186 1632 2018 756 321 721 1030 896 904 470 398 464 153 678 371 534 9999 228 699 835 195 486 
3558 858 1323 335 755 1246 981 1431 1816 546 322 525 808 681 706 645 565 589 326 751 454 459 228 9999 670 937 296 259 
3080 1188 1403 364 349 1738 1441 1879 2240 665 379 1079 1184 1139 1227 606 563 447 596 317 382 225 699 670 9999 496 513 702 
2640 1639 1897 615 836 2144 1857 2306 2680 1132 626 1440 1622 1547 1610 438 471 372 684 203 484 647 835 937 496 9999 657 1078 
3264 1119 1526 162 730 1540 1270 1722 2106 711 151 820 1078 966 1000 355 274 297 94 488 179 376 195 296 513 657 9999 508 
3719 612 1064 469 659 1066 781 1233 1612 318 461 377 571 471 534 862 780 774 563 878 623 478 486 259 702 1078 508 9999 
