NAME: ds_911_courier_2688
TYPE: TSP
COMMENT: nil
DIMENSION: 35
EDGE_WEIGHT_TYPE: EXPLICIT
EDGE_WEIGHT_FORMAT: FULL_MATRIX
EDGE_WEIGHT_SECTION
9999 80 3446 5036 4828 4930 4678 4518 4897 5150 4769 5074 4317 4218 4396 2853 3038 4065 3319 3239 3406 2677 3342 3979 3429 2702 2913 3641 3268 5470 3471 3037 4177 3660 3286 
80 9999 3418 5000 4796 4902 4645 4485 4862 5115 4735 5039 4287 4182 4359 2823 3013 4033 3294 3214 3380 2645 3311 3941 3396 2674 2884 3616 3233 5432 3425 2990 4131 3616 3254 
3446 3418 9999 1666 1403 1486 1274 1114 1506 1758 1378 1687 881 891 1061 605 413 674 150 242 74 800 188 745 269 745 540 232 382 2125 860 984 1237 893 256 
5036 5000 1666 9999 358 536 404 556 174 140 293 78 824 818 641 2205 2071 995 1813 1905 1726 2365 1720 1062 1617 2365 2150 1543 1770 462 1658 2094 1086 1478 1767 
4828 4796 1403 358 9999 248 179 320 198 387 175 334 526 662 518 1977 1816 764 1545 1635 1456 2151 1487 920 1401 2132 1918 1252 1569 789 1563 1975 1122 1402 1542 
4930 4902 1486 536 248 9999 409 509 417 501 423 482 620 854 735 2080 1897 903 1618 1704 1530 2264 1594 1106 1525 2229 2018 1306 1700 886 1755 2151 1360 1604 1655 
4678 4645 1274 404 179 409 9999 161 235 484 112 415 420 488 339 1832 1683 614 1419 1511 1331 2001 1343 746 1249 1990 1775 1141 1413 865 1386 1801 952 1223 1395 
4518 4485 1114 556 320 509 161 9999 392 644 264 573 280 347 235 1671 1523 453 1260 1352 1172 1841 1182 603 1089 1829 1614 987 1254 1018 1250 1657 880 1096 1234 
4897 4862 1506 174 198 417 235 392 9999 254 129 181 653 684 514 2057 1914 841 1652 1744 1564 2221 1569 937 1471 2216 2000 1376 1630 631 1557 1985 1039 1384 1619 
5150 5115 1758 140 387 501 484 644 254 9999 383 77 896 934 760 2310 2167 1094 1904 1995 1815 2475 1823 1183 1724 2469 2254 1623 1882 403 1790 2223 1225 1612 1873 
4769 4735 1378 293 175 423 112 264 129 383 9999 310 532 561 395 1928 1785 712 1524 1616 1436 2093 1440 816 1342 2087 1872 1250 1502 755 1444 1868 960 1275 1490 
5074 5039 1687 78 334 482 415 573 181 77 310 9999 830 858 683 2236 2095 1021 1833 1925 1745 2400 1749 1107 1650 2396 2180 1555 1807 458 1714 2147 1155 1536 1798 
4317 4287 881 824 526 620 420 280 653 896 532 830 9999 373 396 1465 1293 299 1020 1110 931 1646 977 562 906 1616 1404 727 1081 1284 1191 1557 990 1068 1037 
4218 4182 891 818 662 854 488 347 684 934 561 858 373 9999 179 1392 1278 244 1041 1133 959 1547 915 258 803 1554 1340 829 952 1262 903 1314 618 751 956 
4396 4359 1061 641 518 735 339 235 514 760 395 683 396 179 9999 1571 1453 394 1211 1303 1127 1726 1092 424 982 1733 1518 981 1131 1083 1051 1473 646 885 1135 
2853 2823 605 2205 1977 2080 1832 1671 2057 2310 1928 2236 1465 1392 1571 9999 253 1218 504 449 581 200 490 1178 589 164 66 823 457 2654 906 726 1535 1047 438 
3038 3013 413 2071 1816 1897 1683 1523 1914 2167 1785 2095 1293 1278 1453 253 9999 1076 282 207 368 449 371 1094 503 351 194 605 445 2528 974 901 1521 1079 354 
4065 4033 674 995 764 903 614 453 841 1094 712 1021 299 244 394 1218 1076 9999 823 915 737 1388 729 294 637 1376 1161 588 805 1452 896 1259 801 783 781 
3319 3294 150 1813 1545 1618 1419 1260 1652 1904 1524 1833 1020 1041 1211 504 282 823 9999 92 89 704 235 890 361 629 439 324 414 2273 937 994 1369 993 278 
3239 3214 242 1905 1635 1704 1511 1352 1744 1995 1616 1925 1110 1133 1303 449 207 915 92 9999 180 649 295 978 429 559 385 403 451 2365 986 1004 1449 1056 320 
3406 3380 74 1726 1456 1530 1331 1172 1564 1815 1436 1745 931 959 1127 581 368 737 89 180 9999 779 227 818 330 712 515 242 421 2186 919 1017 1310 960 287 
2677 2645 800 2365 2151 2264 2001 1841 2221 2475 2093 2400 1646 1547 1726 200 449 1388 704 649 779 9999 669 1320 751 158 266 1021 596 2808 957 684 1629 1120 609 
3342 3311 188 1720 1487 1594 1343 1182 1569 1823 1440 1749 977 915 1092 490 371 729 235 295 227 669 9999 724 138 647 432 413 195 2173 702 795 1164 762 71 
3979 3941 745 1062 920 1106 746 603 937 1183 816 1107 562 258 424 1178 1094 294 890 978 818 1320 724 9999 597 1341 1131 749 726 1492 649 1055 539 509 753 
3429 3396 269 1617 1401 1525 1249 1089 1471 1724 1342 1650 906 803 982 589 503 637 361 429 330 751 138 597 9999 751 538 453 178 2064 591 752 1026 633 156 
2702 2674 745 2365 2132 2229 1990 1829 2216 2469 2087 2396 1616 1554 1733 164 351 1376 629 559 712 158 647 1341 751 9999 215 952 620 2816 1050 821 1694 1199 598 
2913 2884 540 2150 1918 2018 1775 1614 2000 2254 1872 2180 1404 1340 1518 66 194 1161 439 385 515 266 432 1131 538 215 9999 758 417 2601 893 746 1504 1024 384 
3641 3616 232 1543 1252 1306 1141 987 1376 1623 1250 1555 727 829 981 823 605 588 324 403 242 1021 413 749 453 952 758 9999 600 2005 1023 1199 1279 1019 484 
3268 3233 382 1770 1569 1700 1413 1254 1630 1882 1502 1807 1081 952 1131 457 445 805 414 451 421 596 195 726 178 620 417 600 9999 2212 539 602 1090 633 136 
5470 5432 2125 462 789 886 865 1018 631 403 755 458 1284 1262 1083 2654 2528 1452 2273 2365 2186 2808 2173 1492 2064 2816 2601 2005 2212 9999 2047 2489 1404 1860 2217 
3471 3425 860 1658 1563 1755 1386 1250 1557 1790 1444 1714 1191 903 1051 906 974 896 937 986 919 957 702 649 591 1050 893 1023 539 2047 9999 443 709 191 666 
3037 2990 984 2094 1975 2151 1801 1657 1985 2223 1868 2147 1557 1314 1473 726 901 1259 994 1004 1017 684 795 1055 752 821 746 1199 602 2489 443 9999 1142 633 731 
4177 4131 1237 1086 1122 1360 952 880 1039 1225 960 1155 990 618 646 1535 1521 801 1369 1449 1310 1629 1164 539 1026 1694 1504 1279 1090 1404 709 1142 9999 522 1168 
3660 3616 893 1478 1402 1604 1223 1096 1384 1612 1275 1536 1068 751 885 1047 1079 783 993 1056 960 1120 762 509 633 1199 1024 1019 633 1860 191 633 522 9999 742 
3286 3254 256 1767 1542 1655 1395 1234 1619 1873 1490 1798 1037 956 1135 438 354 781 278 320 287 609 71 753 156 598 384 484 136 2217 666 731 1168 742 9999 
