NAME: ds_927_courier_4474
TYPE: TSP
COMMENT: nil
DIMENSION: 23
EDGE_WEIGHT_TYPE: EXPLICIT
EDGE_WEIGHT_FORMAT: FULL_MATRIX
EDGE_WEIGHT_SECTION
9999 1631 1837 1401 1850 1807 1648 772 1449 1761 1990 201 1496 1421 1711 1392 1476 1472 929 1057 790 1202 752 
1631 9999 346 285 325 266 231 1622 1509 784 381 1518 2025 1732 412 241 434 500 892 900 1662 719 1027 
1837 346 9999 443 43 505 555 1928 1410 542 229 1697 1964 1657 192 498 779 845 1202 1229 1967 738 1149 
1401 285 443 9999 451 544 454 1503 1249 653 593 1271 1749 1461 370 128 539 601 790 846 1543 440 752 
1850 325 43 451 9999 467 525 1923 1451 585 190 1713 2003 1697 232 496 756 821 1195 1217 1963 768 1171 
1807 266 505 544 467 9999 164 1691 1775 1015 400 1713 2290 1998 635 467 407 457 978 944 1728 982 1260 
1648 231 555 454 525 164 9999 1530 1703 1014 513 1559 2199 1914 642 352 255 314 814 785 1568 891 1127 
772 1622 1928 1503 1923 1691 1530 9999 2061 2064 2001 910 2224 2097 1871 1429 1287 1248 730 748 40 1531 1196 
1449 1509 1410 1249 1451 1775 1703 2061 9999 933 1640 1249 571 263 1218 1361 1747 1797 1640 1778 2094 822 888 
1761 784 542 653 585 1015 1014 2064 933 9999 759 1583 1503 1193 380 777 1174 1239 1400 1480 2104 563 1009 
1990 381 229 593 190 400 513 2001 1640 759 9999 1863 2193 1886 422 603 766 826 1272 1272 2041 949 1335 
201 1518 1697 1271 1713 1713 1559 910 1249 1583 1863 9999 1322 1229 1559 1277 1412 1417 911 1053 934 1031 576 
1496 2025 1964 1749 2003 2290 2199 2224 571 1503 2193 1322 9999 310 1772 1848 2202 2243 1972 2122 2251 1310 1202 
1421 1732 1657 1461 1697 1998 1914 2097 263 1193 1886 1229 310 9999 1465 1565 1934 1979 1759 1904 2127 1023 986 
1711 412 192 370 232 635 642 1871 1218 380 422 1559 1772 1465 9999 468 827 894 1160 1211 1911 565 997 
1392 241 498 128 496 467 352 1429 1361 777 603 1277 1848 1565 468 9999 411 473 705 744 1469 542 795 
1476 434 779 539 756 407 255 1287 1747 1174 766 1412 2202 1934 827 411 9999 67 590 539 1324 926 1055 
1472 500 845 601 821 457 314 1248 1797 1239 826 1417 2243 1979 894 473 67 9999 568 502 1285 977 1084 
929 892 1202 790 1195 978 814 730 1640 1400 1272 911 1972 1759 1160 705 590 568 9999 152 769 928 775 
1057 900 1229 846 1217 944 785 748 1778 1480 1272 1053 2122 1904 1211 744 539 502 152 9999 785 1041 922 
790 1662 1967 1543 1963 1728 1568 40 2094 2104 2041 934 2251 2127 1911 1469 1324 1285 769 785 9999 1570 1232 
1202 719 738 440 768 982 891 1531 822 563 949 1031 1310 1023 565 542 926 977 928 1041 1570 9999 454 
752 1027 1149 752 1171 1260 1127 1196 888 1009 1335 576 1202 986 997 795 1055 1084 775 922 1232 454 9999 
