NAME: ds_815_courier_2665
TYPE: TSP
COMMENT: nil
DIMENSION: 18
EDGE_WEIGHT_TYPE: EXPLICIT
EDGE_WEIGHT_FORMAT: FULL_MATRIX
EDGE_WEIGHT_SECTION
9999 379 585 1551 864 515 93 96 196 328 153 716 750 1186 1873 1567 993 632 
379 9999 339 1191 1061 811 461 452 519 707 492 360 833 858 1521 1190 746 607 
585 339 9999 1249 1382 1088 631 613 771 887 624 256 1170 613 1312 1092 1000 945 
1551 1191 1249 9999 1842 1822 1641 1636 1630 1863 1681 993 1511 1013 1082 549 768 1272 
864 1061 1382 1842 9999 413 887 908 678 782 947 1402 331 1904 2520 2090 1078 583 
515 811 1088 1822 413 9999 510 532 320 369 561 1171 496 1666 2330 1962 1114 594 
93 461 631 1641 887 510 9999 22 210 259 70 785 805 1240 1933 1644 1085 709 
96 452 613 1636 908 532 22 9999 230 275 57 771 822 1223 1917 1632 1089 722 
196 519 771 1630 678 320 210 230 9999 249 274 875 607 1361 2037 1701 998 553 
328 707 887 1863 782 369 259 275 249 9999 268 1042 802 1499 2192 1896 1247 793 
153 492 624 1681 947 561 70 57 274 268 9999 797 874 1237 1933 1662 1144 778 
716 360 256 993 1402 1171 785 771 875 1042 797 9999 1143 504 1162 868 815 889 
750 833 1170 1511 331 496 805 822 607 802 874 1143 9999 1638 2223 1774 747 269 
1186 858 613 1013 1904 1666 1240 1223 1361 1499 1237 504 1638 9999 701 617 1187 1377 
1873 1521 1312 1082 2520 2330 1933 1917 2037 2192 1933 1162 2223 701 9999 541 1620 1955 
1567 1190 1092 549 2090 1962 1644 1632 1701 1896 1662 868 1774 617 541 9999 1111 1509 
993 746 1000 768 1078 1114 1085 1089 998 1247 1144 815 747 1187 1620 1111 9999 527 
632 607 945 1272 583 594 709 722 553 793 778 889 269 1377 1955 1509 527 9999 
